"OBJECTID","FEATURE_ID","HORIZ_ANG","ZENITH_ANG","VERTEX_X","VERTEX_Y","VERTEX_Z","DIST_2D","DIST_3D"
1,-1,90.000000,90.728881,935536.107950,555650.071683,3214.332400,4297.066865,4297.414593
2,-1,89.640001,90.572356,935563.106912,555649.986709,3226.073000,4297.066711,4297.281122
3,-1,89.280001,90.385203,935590.107842,555649.965384,3240.108500,4297.299861,4297.396981
4,-1,88.919998,90.197963,935617.105491,555649.541500,3254.152300,4297.300090,4297.325740
5,-1,88.559999,89.989098,935644.099532,555648.947669,3269.817599,4297.299985,4297.300063
6,-1,88.200001,89.672175,935671.089307,555648.184219,3293.587799,4297.299856,4297.370198
7,-1,87.840000,89.342937,935694.759863,555559.385512,3317.274800,4209.371565,4209.648374
8,-1,87.480001,89.009250,935721.185992,555558.305462,3341.795000,4209.371377,4210.000772
9,-1,87.120001,88.769671,935743.209898,555469.698684,3357.524300,4121.899999,4122.850489
10,-1,86.759999,88.554608,935769.071723,555468.316141,3373.004600,4121.899975,4123.211898
11,-1,86.399998,88.339511,935794.910254,555466.547771,3388.483700,4121.676147,4123.407646
12,-1,86.040001,88.128498,935814.694663,555377.354708,3400.812300,4033.980986,4036.133927
13,-1,85.680000,87.948008,935839.974796,555375.524988,3413.534799,4033.981107,4036.569569
14,-1,85.319999,87.768196,935865.260835,555373.754650,3426.221000,4034.200148,4037.262597
15,-1,84.959998,87.588525,935890.517346,555371.607016,3438.892400,4034.200001,4037.775759
16,-1,84.599999,87.422488,935915.759750,555369.300919,3450.605300,4034.200027,4038.285570
17,-1,84.239998,87.261274,935932.185570,555279.578985,3457.785600,3946.499990,3951.012804
18,-1,83.879999,87.098347,935956.848906,555277.013046,3469.035200,3946.500161,3951.566475
19,-1,83.520002,86.934816,935981.495510,555274.291922,3480.329700,3946.500049,3952.154207
20,-1,83.159998,86.758785,936006.099464,555271.203346,3492.479300,3946.285814,3952.608597
21,-1,82.799999,86.575995,936030.735569,555268.385438,3505.124600,3946.499953,3953.557475
22,-1,82.440002,86.392837,936043.760806,555178.055238,3512.246199,3858.590693,3866.250232
23,-1,82.080000,86.200293,936091.981510,555348.724188,3536.930500,4034.199884,4043.087367
24,-1,81.720002,85.919608,936104.446380,555258.367085,3550.531099,3946.500097,3956.529132
25,-1,81.359999,85.635679,936128.973234,555254.718799,3570.194600,3946.499871,3957.976683
26,-1,81.000000,85.350639,936153.443001,555250.705355,3589.932600,3946.285854,3959.314307
27,-1,80.639999,85.078614,936163.692325,555160.428633,3601.266800,3858.800106,3873.078812
28,-1,80.280001,84.871737,936172.795653,555069.969168,3607.436800,3771.100000,3786.256024
29,-1,79.919999,84.682317,936165.438384,554893.202790,3603.682300,3595.699998,3611.242268
30,-1,79.560002,84.497912,936171.777610,554802.930660,3606.910999,3508.000034,3524.237234
31,-1,79.199999,84.324933,936193.441609,554798.868333,3617.603200,3507.999843,3525.278300
32,-1,78.840000,84.152579,936232.053736,554880.712001,3637.244800,3595.700002,3614.507261
33,-1,78.479999,83.978002,936254.166225,554876.078480,3648.298500,3595.504932,3615.456135
34,-1,78.120002,83.822822,936258.273828,554785.866718,3648.677000,3508.000054,3528.486787
35,-1,77.759997,83.671057,936298.380703,554866.776989,3667.785900,3595.504780,3617.552324
36,-1,77.399999,83.518719,936320.485646,554862.108692,3677.488300,3595.699983,3618.828686
37,-1,77.040002,83.369288,936342.474447,554856.921038,3686.967300,3595.504944,3619.717181
38,-1,76.679997,83.255856,936364.474403,554851.785221,3694.183399,3595.504873,3620.557446
39,-1,76.319999,83.142670,936386.441223,554846.511282,3701.387200,3595.504706,3621.410330
40,-1,75.959998,83.029835,936408.422150,554841.289179,3708.596000,3595.700189,3622.472152
41,-1,75.600000,82.901020,936604.744920,555515.071296,3804.150200,4297.066714,4330.261895
42,-1,75.240000,82.751358,936608.590713,555423.694183,3804.427300,4209.599884,4243.514295
43,-1,74.880000,82.614110,936611.270498,555332.211426,3803.309100,4121.900015,4156.386164
44,-1,74.519999,82.479449,936612.785586,555240.647961,3801.555700,4033.981153,4068.982614
45,-1,74.159999,82.358674,936613.312816,555149.647159,3798.473000,3946.500144,3981.859496
46,-1,73.799997,82.249978,936612.678959,555058.585989,3794.161100,3858.799937,3894.371725
47,-1,73.439998,82.156405,936685.932750,555219.873396,3824.744100,4034.200004,4072.299249
48,-1,73.080000,82.056457,936710.205995,555212.572558,3831.916700,4034.199965,4073.284248
49,-1,72.720000,81.959417,936734.368020,555204.910171,3838.853000,4033.980918,4074.031724
50,-1,72.360001,81.863408,936758.612723,555197.514189,3845.780499,4034.200072,4075.223425
51,-1,72.000000,81.770361,936782.744236,555189.756986,3852.467399,4034.199949,4076.175099
52,-1,71.639998,81.691679,936806.757639,555181.640533,3858.092500,4033.980921,4076.767352
53,-1,71.280000,81.614079,936830.858641,555173.788843,3863.705900,4034.200034,4077.799041
54,-1,70.919999,81.537492,936854.768042,555165.371208,3869.184100,4033.980904,4078.384838
55,-1,70.559999,81.466517,936878.768650,555157.217353,3874.325600,4034.200140,4079.361452
56,-1,70.199998,81.402399,936902.570440,555148.500179,3878.909499,4033.981256,4079.827738
57,-1,69.839999,81.339314,936926.466390,555140.044816,3883.486699,4034.199863,4080.730626
58,-1,69.479997,81.265024,936980.897055,555213.160155,3902.280300,4121.676210,4170.043012
59,-1,69.119999,81.189535,937005.202124,555204.215291,3907.874700,4121.900023,4171.117438
60,-1,68.760001,81.115234,937029.370711,555194.908879,3913.349500,4121.900107,4171.959584
61,-1,68.400000,81.033277,937311.756629,555837.781609,4030.095800,4823.499881,4883.177031
62,-1,68.039999,80.932129,937339.900274,555826.536553,4038.825500,4823.500071,4884.545448
63,-1,67.680000,80.831613,937367.872987,555814.872534,4047.463300,4823.238193,4885.655716
64,-1,67.320001,80.695638,937429.787889,555884.435059,4073.623700,4911.199827,4976.675903
65,-1,66.960001,80.560933,937458.222216,555872.447550,4085.484700,4911.200043,4978.607549
66,-1,66.600000,80.431180,937486.474784,555860.036814,4096.873500,4910.933536,4980.225169
67,-1,66.240001,80.314488,937550.087518,555927.955641,4122.130399,4998.628685,5070.909210
68,-1,65.880001,80.200188,937578.903733,555915.458947,4132.443000,4998.900108,5072.921851
69,-1,65.520001,80.115940,937571.189181,555822.717335,4124.733700,4911.200016,4985.194657
70,-1,65.159999,80.045982,937636.074550,555889.428815,4146.304999,4998.900120,5075.299643
71,-1,64.799999,79.969427,937664.420622,555875.899315,4153.143500,4998.628758,5076.218986
72,-1,64.439998,79.892540,937692.913676,555862.682150,4160.111200,4998.899937,5077.704181
73,-1,64.080000,79.836464,937721.205942,555849.041757,4165.160000,4998.900018,5078.592732
74,-1,63.720001,79.765735,937788.241897,555913.859213,4187.364600,5086.600056,5168.838715
75,-1,63.360000,79.694838,937816.854044,555899.618756,4193.865300,5086.600146,5169.997763
76,-1,63.000000,79.586123,937885.190850,555963.339757,4219.957200,5174.299829,5260.959828
77,-1,62.639997,79.467807,937913.983115,555948.239721,4230.955000,5174.019146,5262.682922
78,-1,62.280000,79.373124,937942.808517,555933.208584,4239.803499,5174.019149,5264.307513
79,-1,61.920000,79.275529,937971.671320,555918.244375,4248.983100,5174.300063,5266.284080
80,-1,61.560000,79.173410,938000.173560,555902.604314,4258.485700,5174.019221,5267.784815
81,-1,61.200000,79.107510,937986.596159,555810.426349,4247.833300,5086.599961,5179.924111
82,-1,60.840000,79.026626,938014.419922,555794.700658,4255.228400,5086.324033,5181.055745
83,-1,60.479998,78.995874,938042.414945,555779.281398,4258.115000,5086.599956,5181.876841
84,-1,60.120000,78.966345,938070.176372,555763.446784,4260.835900,5086.600152,5182.397086
85,-1,59.760001,78.929896,938053.669844,555671.671705,4247.036700,4998.900036,5093.678176
86,-1,59.400000,78.865151,937991.335979,555504.568693,4218.328599,4823.238257,4915.775836
87,-1,59.040000,78.782981,938017.372344,555489.060194,4225.515799,4823.238234,4917.168854
88,-1,58.680001,78.731313,938043.446767,555473.612062,4230.089300,4823.499974,4918.317257
89,-1,58.319998,78.679266,938069.150456,555457.554023,4234.593299,4823.238385,4918.942868
90,-1,57.959999,78.577977,937955.451208,555218.755288,4190.362200,4560.400037,4652.543047
91,-1,57.599997,78.471237,937979.692630,555203.477760,4199.208199,4560.399978,4654.302875
92,-1,57.239994,78.314709,935631.015568,551500.498617,3305.274699,175.390641,179.102570
93,-1,56.880016,78.111864,935631.945357,551499.907083,3305.924600,175.399783,179.244275
94,-1,56.520003,77.909637,935632.861365,551499.294223,3306.569600,175.390460,179.369140
95,-1,56.159975,77.708064,935633.783936,551498.691206,3307.217500,175.399891,179.515178
96,-1,55.800012,77.507141,935634.697320,551498.074737,3307.862299,175.399958,179.653621
97,-1,55.440028,77.306828,935635.606767,551497.452363,3308.506100,175.399851,179.793881
98,-1,55.079982,77.107222,935636.512605,551496.824412,3309.148700,175.400029,179.936345
99,-1,54.720038,76.908255,935637.408600,551496.183009,3309.788000,175.390467,180.070756
100,-1,54.360008,76.709971,935638.306236,551495.543574,3310.428300,175.390384,180.216788
101,-1,53.999961,76.512358,935639.199935,551494.898563,3311.067500,175.390399,180.364816
102,-1,53.640034,76.356508,935640.089369,551494.248301,3311.572400,175.390585,180.483424
103,-1,53.279999,76.233143,935640.974866,551493.592135,3311.972500,175.390603,180.578236
104,-1,52.920025,76.110524,935641.861675,551492.937937,3312.372900,175.399909,180.682972
105,-1,52.559997,75.987306,935642.733065,551492.263069,3312.770999,175.390352,180.769677
106,-1,52.199968,75.865365,935643.612000,551491.598044,3313.170199,175.400123,180.876227
107,-1,51.840034,75.742787,935644.474531,551490.912350,3313.567000,175.390431,180.964142
108,-1,51.479998,75.621505,935645.344936,551490.236170,3313.964900,175.400009,181.071824
109,-1,51.119978,75.500112,935646.205171,551489.547195,3314.361200,175.400168,181.170796
110,-1,50.760069,75.378557,935647.054578,551488.845425,3314.755900,175.390493,181.260661
111,-1,50.400048,75.257811,935647.905955,551488.145623,3315.150899,175.390510,181.360791
112,-1,50.039939,75.137435,935648.753066,551487.440244,3315.545100,175.390438,181.461435
113,-1,49.680003,75.017879,935649.601489,551486.737162,3315.939600,175.399895,181.572160
114,-1,49.319992,74.897786,935650.433509,551486.014394,3316.331300,175.390652,181.664891
115,-1,48.959986,74.778471,935651.266840,551485.293267,3316.723300,175.390432,181.767206
116,-1,48.599975,74.659568,935652.095907,551484.567218,3317.114500,175.390625,181.870494
117,-1,48.240017,74.541467,935652.926286,551483.842810,3317.505999,175.399840,181.983339
118,-1,47.879994,74.389194,935594.927058,551418.055540,3293.504100,87.699965,91.058964
119,-1,47.520087,74.204777,935595.334537,551417.684806,3293.808699,87.699997,91.141435
120,-1,47.160127,74.021355,935595.739720,551417.311447,3294.112200,87.700004,91.224521
121,-1,46.800051,73.839040,935596.139326,551416.931855,3294.413000,87.695109,91.303082
122,-1,46.439997,73.657373,935596.543196,551416.556856,3294.716100,87.699946,91.392551
123,-1,46.080009,73.477026,935596.937881,551416.172342,3295.014700,87.695020,91.472297
124,-1,45.719941,73.297468,935597.337158,551415.792422,3295.315500,87.700052,91.563118
125,-1,45.359983,73.119146,935597.726921,551415.402987,3295.611800,87.695091,91.643968
126,-1,45.000000,72.941590,935598.121277,551415.018145,3295.910399,87.700088,91.735899
127,-1,44.640016,72.765285,935598.506119,551414.623789,3296.204400,87.695091,91.817800
128,-1,44.280058,72.589786,935598.895554,551414.234026,3296.500700,87.700052,91.910759
129,-1,43.920053,72.415445,935599.279083,551413.838357,3296.794100,87.700123,91.999041
130,-1,43.560002,72.242103,935599.659988,551413.440064,3297.086300,87.699946,92.087571
131,-1,43.199897,72.069847,935600.038596,551413.039474,3297.377299,87.699986,92.176779
132,-1,42.839872,71.898630,935600.414580,551412.636588,3297.667100,87.700004,92.266425
133,-1,42.480082,71.728663,935600.784330,551412.228452,3297.953800,87.695342,92.351478
134,-1,42.119996,71.559521,935601.155064,551411.820645,3298.241100,87.695088,92.441714
135,-1,41.759962,71.391502,935601.523501,551411.410869,3298.527200,87.695274,92.532787
136,-1,41.400094,71.224522,935601.888986,551410.998796,3298.812000,87.695189,92.623979
137,-1,41.040094,71.058676,935602.252174,551410.584427,3299.095500,87.695324,92.715742
138,-1,40.680014,70.893688,935602.616347,551410.170714,3299.379700,87.700094,92.812891
139,-1,40.319900,70.730069,935602.970677,551409.748470,3299.658800,87.695304,92.900099
140,-1,39.960106,70.567248,935603.329272,551409.330492,3299.940400,87.699987,92.997828
141,-1,39.600034,70.405864,935603.678353,551408.903984,3300.216799,87.695359,93.085792
142,-1,39.239865,70.245214,935604.032027,551408.481084,3300.495800,87.700036,93.184128
143,-1,38.879915,70.086000,935604.375530,551408.050311,3300.769499,87.695318,93.272557
144,-1,38.519917,69.927491,935604.723626,551407.623147,3301.045900,87.699902,93.371369
145,-1,38.159959,69.770325,935605.065489,551407.191061,3301.318900,87.700006,93.465514
146,-1,37.799933,69.614374,935605.400790,551406.753726,3301.588500,87.695170,93.554546
147,-1,37.439970,69.459270,935605.741013,551406.320328,3301.860799,87.700097,93.654360
148,-1,37.079921,69.305569,935606.070736,551405.878727,3302.127500,87.695164,93.743656
149,-1,36.719986,69.152628,935606.405381,551405.441064,3302.397100,87.699993,93.843780
150,-1,36.360028,69.001149,935606.729528,551404.995527,3302.660999,87.695160,93.933508
151,-1,35.999888,68.850641,935607.054986,551404.550646,3302.925600,87.695236,94.028723
152,-1,35.640035,68.701052,935607.381101,551404.106749,3303.190900,87.699883,94.129098
153,-1,35.279963,68.552826,935607.700982,551403.657931,3303.452600,87.700058,94.224635
154,-1,34.920022,68.405858,935608.013974,551403.204520,3303.710700,87.695418,94.314999
155,-1,34.559998,68.259645,935608.331887,551402.754390,3303.971699,87.700154,94.415765
156,-1,34.199926,68.114865,935608.638973,551402.296714,3304.226800,87.695155,94.505913
157,-1,33.839884,67.971127,935608.947371,551401.840022,3304.482600,87.695259,94.601656
158,-1,33.480027,67.828543,935609.252817,551401.381689,3304.736900,87.695457,94.697514
159,-1,33.119983,67.687081,935609.555309,551400.921060,3304.989600,87.695387,94.793102
160,-1,32.759915,67.546667,935609.854850,551400.458463,3305.240900,87.695231,94.888653
161,-1,32.399989,67.407448,935610.151437,551399.994225,3305.490600,87.695167,94.984242
162,-1,32.039897,67.269388,935610.445400,551399.528018,3305.738800,87.695294,95.079987
163,-1,31.680033,67.132450,935610.736081,551399.060172,3305.985400,87.695231,95.175487
164,-1,31.319975,66.996718,935611.024139,551398.590356,3306.230400,87.695362,95.271083
165,-1,30.959970,66.861914,935611.313180,551398.121197,3306.476200,87.700138,95.371798
166,-1,30.600038,66.728621,935611.591067,551397.645476,3306.715700,87.695435,95.461842
167,-1,30.239943,66.596205,935611.869937,551397.170083,3306.956000,87.695207,95.556828
168,-1,29.880077,66.464992,935612.145855,551396.693378,3307.194699,87.695230,95.651913
169,-1,29.520058,66.334952,935612.418821,551396.214705,3307.431700,87.695173,95.746743
170,-1,29.160056,66.206067,935612.688833,551395.734391,3307.667100,87.695200,95.841498
171,-1,28.800032,66.078193,935612.960158,551395.254733,3307.903300,87.700155,95.941565
172,-1,28.439967,65.951684,935613.219672,551394.768513,3308.133000,87.695062,96.030285
173,-1,28.080051,65.826147,935613.484764,551394.285575,3308.365800,87.699898,96.129799
174,-1,27.720074,65.701991,935613.738372,551393.796403,3308.592200,87.695130,96.218387
175,-1,27.360058,65.578897,935613.993293,551393.307886,3308.819300,87.695290,96.312204
176,-1,27.000076,65.456965,935614.244933,551392.817730,3309.044599,87.695245,96.405529
177,-1,26.640015,65.336155,935614.493620,551392.325933,3309.268300,87.695287,96.498701
178,-1,26.280068,65.216300,935614.743291,551391.834792,3309.492800,87.699965,96.596846
179,-1,25.919982,65.097986,935614.981480,551391.337746,3309.710500,87.695194,96.683979
180,-1,25.559981,64.980617,935615.220652,551390.841356,3309.929000,87.695058,96.776063
181,-1,25.200039,64.864440,935615.456872,551390.343654,3310.145800,87.695154,96.868039
182,-1,24.839946,64.749264,935615.694405,551389.846279,3310.363400,87.700040,96.965086
183,-1,24.480073,64.635532,935615.919798,551389.343656,3310.574100,87.695166,97.050749
184,-1,24.120019,64.525239,935616.146504,551388.841360,3310.781000,87.695084,97.139486
185,-1,23.759971,64.420469,935616.370256,551388.337752,3310.978000,87.695234,97.224516
186,-1,23.400003,64.316874,935616.590728,551387.832832,3311.173100,87.695314,97.308985
187,-1,23.039903,64.214413,935616.807920,551387.326271,3311.366299,87.695195,97.392765
188,-1,22.680078,64.113056,935617.026423,551386.820695,3311.560200,87.700130,97.481708
189,-1,22.319999,64.013054,935617.237381,551386.311509,3311.749500,87.700172,97.564542
190,-1,21.960070,63.914423,935617.440464,551385.799371,3311.934100,87.695271,97.641167
191,-1,21.599998,63.816768,935617.644860,551385.287561,3312.119500,87.695172,97.722743
192,-1,21.240039,63.720419,935617.846303,551384.774767,3312.302900,87.695428,97.804035
193,-1,20.880067,63.624980,935618.048731,551384.262301,3312.487100,87.700181,97.889987
194,-1,20.519918,63.531072,935618.239019,551383.744913,3312.663900,87.695302,97.964290
195,-1,20.160124,63.438176,935618.430292,551383.228510,3312.841400,87.695151,98.043398
196,-1,19.799989,63.346507,935618.618612,551382.710467,3313.016900,87.695124,98.121977
197,-1,19.439975,63.256038,935618.803651,551382.191439,3313.190400,87.695141,98.199945
198,-1,19.079897,63.166563,935618.990002,551381.672739,3313.364700,87.699967,98.282810
199,-1,18.720052,63.078651,935619.163886,551381.150102,3313.531400,87.695185,98.353907
200,-1,18.360114,62.991723,935619.339083,551380.627794,3313.698900,87.695212,98.429883
201,-1,18.000038,62.906000,935619.510998,551380.104173,3313.864300,87.695173,98.505070
202,-1,17.640013,62.821400,935619.679633,551379.579567,3314.027800,87.695174,98.579644
203,-1,17.279952,62.737847,935619.849580,551379.055290,3314.192000,87.699987,98.659032
204,-1,16.920059,62.655861,935620.007060,551378.527404,3314.348499,87.695285,98.726640
205,-1,16.560069,62.574696,935620.170446,551378.001159,3314.508600,87.700172,98.804620
206,-1,16.199996,62.494910,935620.321036,551377.470976,3314.661100,87.695135,98.870485
207,-1,15.840016,62.416322,935620.473267,551376.941449,3314.814199,87.695319,98.941447
208,-1,15.480087,62.338593,935620.626482,551376.412251,3314.968200,87.700000,99.016996
209,-1,15.120058,62.262414,935620.767229,551375.879444,3315.114400,87.695165,99.080674
210,-1,14.760058,62.187080,935620.913883,551375.348277,3315.264200,87.699922,99.154690
211,-1,14.400060,62.113291,935621.048069,551374.813829,3315.406200,87.695249,99.216894
212,-1,14.039934,62.040283,935621.188160,551374.280694,3315.551900,87.700086,99.289397
213,-1,13.679964,61.968783,935621.315457,551373.744605,3315.689700,87.695256,99.349816
214,-1,13.319980,61.898270,935621.444065,551373.208845,3315.828299,87.695241,99.415014
215,-1,12.960073,61.828948,935621.569393,551372.672429,3315.964800,87.695343,99.479473
216,-1,12.600068,61.760756,935621.691112,551372.135029,3316.099100,87.695168,99.542794
217,-1,12.240058,61.693595,935621.814471,551371.597956,3316.234300,87.700129,99.611202
218,-1,11.879948,61.627749,935621.929629,551371.058915,3316.364400,87.700119,99.672952
219,-1,11.520112,61.563007,935622.041177,551370.519546,3316.492400,87.699972,99.733711
220,-1,11.160023,61.499645,935622.144851,551369.978209,3316.615300,87.695178,99.788081
221,-1,10.799960,61.437219,935622.249838,551369.437199,3316.739100,87.695199,99.847231
222,-1,10.439966,61.375837,935622.356137,551368.896518,3316.863600,87.700033,99.911061
223,-1,10.080011,61.315932,935622.449641,551368.353540,3316.980100,87.695329,99.962797
224,-1,9.720015,61.256834,935622.549050,551367.811546,3317.100300,87.700074,100.024706
225,-1,9.359951,61.199191,935622.635664,551367.267256,3317.212499,87.695281,100.074510
226,-1,8.999939,61.142584,935622.723590,551366.723294,3317.325400,87.695300,100.128967
227,-1,8.640084,61.087047,935622.807908,551366.179004,3317.436200,87.695164,100.182370
228,-1,8.279915,61.032690,935622.888944,551365.633729,3317.544800,87.695099,100.234864
229,-1,7.920054,60.979498,935622.966700,551365.088455,3317.651300,87.695249,100.286618
230,-1,7.559884,60.927320,935623.045768,551364.542852,3317.758500,87.700116,100.342921
231,-1,7.199992,60.876540,935623.111713,551363.995937,3317.857600,87.695264,100.386874
232,-1,6.839972,60.826730,935623.178970,551363.449022,3317.957500,87.695176,100.435455
233,-1,6.479995,60.778109,935623.242946,551362.901779,3318.055200,87.695253,100.483183
234,-1,6.120070,60.730583,935623.303313,551362.354208,3318.150700,87.695168,100.529766
235,-1,5.760073,60.684033,935623.364993,551361.806637,3318.247000,87.699849,100.580965
236,-1,5.400062,60.638976,935623.413878,551361.257754,3318.335100,87.695130,100.620018
237,-1,5.039951,60.594890,935623.464074,551360.708870,3318.424000,87.695181,100.663681
238,-1,4.679998,60.551788,935623.515583,551360.160315,3318.513700,87.700031,100.711975
239,-1,4.320104,60.510120,935623.553969,551359.610775,3318.595100,87.695182,100.747798
240,-1,3.959903,60.469265,935623.598588,551359.061236,3318.680400,87.700011,100.794018
241,-1,3.600081,60.429843,935623.630084,551358.511368,3318.757400,87.695188,100.827798
242,-1,3.239970,60.391386,935623.662893,551357.961172,3318.835200,87.695116,100.866152
243,-1,2.880034,60.353951,935623.697342,551357.411305,3318.913900,87.700163,100.909444
244,-1,2.519897,60.317874,935623.718339,551356.860453,3318.984200,87.695189,100.939915
245,-1,2.159907,60.282864,935623.740977,551356.309929,3319.055300,87.695331,100.975265
246,-1,1.800007,60.248921,935623.760005,551355.759405,3319.124200,87.695328,101.009435
247,-1,1.440099,60.215951,935623.780347,551355.208881,3319.193900,87.700097,101.048179
248,-1,1.079977,60.184411,935623.787564,551354.657701,3319.255200,87.695192,101.074388
249,-1,0.719993,60.153658,935623.801016,551354.106849,3319.320500,87.699990,101.111033
250,-1,0.359902,60.124375,935623.801344,551353.555669,3319.377299,87.695124,101.135093
251,-1,0.000000,60.096106,935623.803312,551353.004817,3319.435000,87.695362,101.164054
252,-1,359.640097,60.068847,935623.801344,551352.453966,3319.490400,87.695124,101.191478
253,-1,359.280006,60.042604,935623.801016,551351.902786,3319.546700,87.699990,101.223797
254,-1,358.920022,60.017811,935623.787564,551351.351934,3319.594500,87.695192,101.243519
255,-1,358.559900,59.993863,935623.780347,551350.800754,3319.646200,87.700097,101.273612
256,-1,358.199992,59.971304,935623.760005,551350.250230,3319.689499,87.695328,101.291144
257,-1,357.840092,59.949663,935623.740977,551349.699706,3319.733700,87.695331,101.313273
258,-1,357.480102,59.929165,935623.718339,551349.149182,3319.775500,87.695189,101.334089
259,-1,357.120018,59.909755,935623.692420,551348.598658,3319.815200,87.695231,101.354024
260,-1,356.760029,59.891482,935623.662893,551348.048463,3319.852499,87.695116,101.372630
261,-1,356.399918,59.874344,935623.630084,551347.498267,3319.887600,87.695188,101.390305
262,-1,356.040087,59.858283,935623.593667,551346.948727,3319.920400,87.695079,101.406676
263,-1,355.679895,59.843412,935623.553969,551346.398860,3319.950900,87.695182,101.422084
264,-1,355.320001,59.829453,935623.515583,551345.849320,3319.982300,87.700031,101.442054
265,-1,354.960048,59.816896,935623.464074,551345.300765,3320.005200,87.695181,101.449373
266,-1,354.599937,59.805263,935623.413878,551344.751881,3320.029000,87.695130,101.461297
267,-1,354.239926,59.794647,935623.364993,551344.202998,3320.053499,87.699849,101.477699
268,-1,353.879929,59.785462,935623.303313,551343.655427,3320.069600,87.695168,101.481754
269,-1,353.520004,59.777241,935623.242946,551343.107856,3320.086500,87.695253,101.490334
270,-1,353.160027,59.770098,935623.178970,551342.560613,3320.101100,87.695176,101.497617
271,-1,352.800007,59.764075,935623.111713,551342.013698,3320.113500,87.695264,101.503937
272,-1,352.439904,59.759130,935623.040847,551341.467111,3320.123600,87.695195,101.508963
273,-1,352.079945,59.755342,935622.966700,551340.921180,3320.131400,87.695249,101.512939
274,-1,351.720084,59.752618,935622.888944,551340.375906,3320.136900,87.695099,101.515579
275,-1,351.359915,59.751076,935622.807908,551339.830631,3320.140100,87.695164,101.517248
276,-1,351.000060,59.750627,935622.723590,551339.286341,3320.141099,87.695300,101.517869
277,-1,350.640048,59.751256,935622.635664,551338.742379,3320.139800,87.695281,101.517198
278,-1,350.279984,59.752862,935622.549050,551338.198089,3320.139300,87.700074,101.521086
279,-1,349.919988,59.755901,935622.449641,551337.656095,3320.130300,87.695329,101.512454
280,-1,349.559911,59.759870,935622.351544,551337.113773,3320.122200,87.695397,101.508433
281,-1,349.200039,59.764935,935622.249838,551336.572436,3320.111699,87.695199,101.502974
282,-1,348.839976,59.771123,935622.144851,551336.031426,3320.099000,87.695178,101.496562
283,-1,348.479918,59.778418,935622.036584,551335.491073,3320.084099,87.695275,101.489145
284,-1,348.120051,59.786722,935621.929629,551334.950720,3320.069900,87.700119,101.486184
285,-1,347.759888,59.796326,935621.809550,551334.412663,3320.047300,87.695110,101.470485
286,-1,347.399931,59.806982,935621.691112,551333.874606,3320.025500,87.695168,101.459569
287,-1,347.039926,59.818797,935621.569393,551333.337206,3320.001399,87.695343,101.447602
288,-1,346.680019,59.831609,935621.444065,551332.800790,3319.975100,87.695241,101.434294
289,-1,346.320035,59.845631,935621.315457,551332.265030,3319.946400,87.695256,101.419888
290,-1,345.960065,59.860534,935621.188160,551331.728941,3319.918699,87.700086,101.410152
291,-1,345.599939,59.876902,935621.048069,551331.195806,3319.882400,87.695249,101.387747
292,-1,345.239941,59.894018,935620.913883,551330.661358,3319.850100,87.699922,101.375584
293,-1,344.879941,59.912623,935620.767229,551330.130191,3319.809299,87.695165,101.351009
294,-1,344.519938,59.932209,935620.621888,551329.598696,3319.769300,87.695224,101.331012
295,-1,344.159983,59.952891,935620.473267,551329.068186,3319.727100,87.695319,101.309958
296,-1,343.800003,59.974628,935620.321036,551328.538659,3319.682600,87.695135,101.287525
297,-1,343.439930,59.997412,935620.170446,551328.008476,3319.639000,87.700172,101.270077
298,-1,343.079940,60.021563,935620.007060,551327.482231,3319.586899,87.695285,101.239802
299,-1,342.719975,60.046697,935619.844987,551326.955657,3319.535600,87.695211,101.214114
300,-1,342.359986,60.072934,935619.679633,551326.430067,3319.482099,87.695174,101.187380
301,-1,341.999961,60.100275,935619.510998,551325.905462,3319.426400,87.695173,101.159603
302,-1,341.639885,60.128822,935619.339083,551325.381841,3319.368300,87.695212,101.130687
303,-1,341.279947,60.158398,935619.163886,551324.859533,3319.308099,87.695185,101.100695
304,-1,340.919931,60.189134,935618.985409,551324.338208,3319.245599,87.695197,101.069619
305,-1,340.560024,60.221002,935618.803651,551323.818196,3319.180800,87.695141,101.037371
306,-1,340.200010,60.253985,935618.618612,551323.299168,3319.113800,87.695124,101.004098
307,-1,339.839875,60.288087,935618.430292,551322.781125,3319.044599,87.695151,100.969805
308,-1,339.480081,60.323331,935618.239019,551322.264721,3318.973199,87.695302,100.934566
309,-1,339.119932,60.359582,935618.048731,551321.747334,3318.902500,87.700181,100.903822
310,-1,338.759960,60.397252,935617.846303,551321.234868,3318.823500,87.695428,100.860642
311,-1,338.400001,60.435770,935617.644860,551320.722074,3318.745400,87.695172,100.821863
312,-1,338.039929,60.475555,935617.440464,551320.210264,3318.664999,87.695271,100.782304
313,-1,337.680050,60.516406,935617.232788,551319.700094,3318.582400,87.695176,100.741542
314,-1,337.319921,60.558256,935617.026423,551319.188940,3318.500700,87.700130,100.705671
315,-1,336.960096,60.601538,935616.807920,551318.683364,3318.410600,87.695195,100.657114
316,-1,336.599996,60.645827,935616.590728,551318.176803,3318.321400,87.695314,100.613462
317,-1,336.240028,60.691241,935616.370256,551317.671883,3318.229900,87.695234,100.568569
318,-1,335.879980,60.737720,935616.146504,551317.168275,3318.136300,87.695084,100.522653
319,-1,335.519926,60.785401,935615.919798,551316.665979,3318.040500,87.695166,100.475932
320,-1,335.160049,60.834298,935615.690140,551316.165324,3317.942400,87.695343,100.428241
321,-1,334.799960,60.884188,935615.456872,551315.665981,3317.842200,87.695154,100.379284
322,-1,334.440018,60.935250,935615.220652,551315.168279,3317.739800,87.695058,100.329414
323,-1,334.080017,60.987526,935614.981480,551314.671889,3317.635200,87.695194,100.278760
324,-1,333.720043,61.040899,935614.739026,551314.177139,3317.528400,87.695123,100.226944
325,-1,333.359984,61.095443,935614.493620,551313.683702,3317.419500,87.695287,100.174404
326,-1,332.999923,61.151090,935614.244933,551313.191905,3317.308399,87.695245,100.120715
327,-1,332.639941,61.207924,935613.993293,551312.701748,3317.195100,87.695290,100.066136
328,-1,332.279925,61.265869,935613.738372,551312.213232,3317.079600,87.695130,100.010418
329,-1,331.920061,61.325038,935613.480827,551311.726357,3316.962000,87.695344,99.954123
330,-1,331.560032,61.385195,935613.219672,551311.241121,3316.842300,87.695062,99.896494
331,-1,331.199967,61.446542,935612.960158,551310.754902,3316.723300,87.700155,99.844031
332,-1,330.839943,61.509239,935612.688833,551310.275244,3316.596300,87.695200,99.779035
333,-1,330.479941,61.572911,935612.418821,551309.794930,3316.470200,87.695173,99.718921
334,-1,330.119922,61.637846,935612.145855,551309.316257,3316.341799,87.695230,99.657912
335,-1,329.760056,61.703851,935611.869937,551308.839551,3316.211400,87.695207,99.596012
336,-1,329.399961,61.771123,935611.591067,551308.364159,3316.078800,87.695435,99.533425
337,-1,329.040066,61.839401,935611.308915,551307.891063,3315.944099,87.695131,99.469515
338,-1,328.680024,61.908980,935611.024139,551307.419279,3315.807300,87.695362,99.405231
339,-1,328.319966,61.979620,935610.736081,551306.949463,3315.668400,87.695231,99.339786
340,-1,327.960102,62.051476,935610.445400,551306.481617,3315.527400,87.695294,99.273680
341,-1,327.600010,62.124449,935610.151437,551306.015410,3315.384300,87.695167,99.206580
342,-1,327.240084,62.198645,935609.854850,551305.551172,3315.239100,87.695231,99.138832
343,-1,326.880016,62.273991,935609.555309,551305.088575,3315.091900,87.695387,99.070400
344,-1,326.519972,62.350546,935609.252817,551304.627946,3314.942500,87.695457,99.001043
345,-1,326.160115,62.428163,935608.947371,551304.169613,3314.791100,87.695259,98.930699
346,-1,325.800073,62.506995,935608.638973,551303.712921,3314.637600,87.695155,98.859652
347,-1,325.439954,62.587121,935608.327950,551303.257870,3314.482000,87.695422,98.788154
348,-1,325.079977,62.668322,935608.013974,551302.805115,3314.324400,87.695418,98.715691
349,-1,324.719951,62.750651,935607.697045,551302.354328,3314.164800,87.695328,98.642434
350,-1,324.359983,62.834238,935607.377492,551301.905510,3314.003100,87.695421,98.568584
351,-1,324.000111,62.918963,935607.054986,551301.458989,3313.839300,87.695236,98.493742
352,-1,323.639971,63.008930,935606.729528,551301.014108,3313.665700,87.695160,98.414764
353,-1,323.280013,63.101790,935606.405381,551300.568571,3313.489300,87.699993,98.339141
354,-1,322.920078,63.196051,935606.070736,551300.130907,3313.305600,87.695164,98.251860
355,-1,322.559997,63.291281,935605.737076,551299.692260,3313.122800,87.695176,98.169574
356,-1,322.200066,63.387657,935605.400790,551299.255909,3312.938100,87.695170,98.086693
357,-1,321.839968,63.485170,935605.061552,551298.821527,3312.751500,87.695086,98.003173
358,-1,321.480082,63.583706,935604.723626,551298.386488,3312.565700,87.699902,97.924680
359,-1,321.120084,63.683738,935604.375530,551297.959324,3312.372700,87.695318,97.834860
360,-1,320.760001,63.784615,935604.028090,551297.531503,3312.180600,87.695119,97.749671
361,-1,320.399965,63.886783,935603.678353,551297.105651,3311.986600,87.695359,97.664343
362,-1,320.040021,63.989954,935603.325663,551296.682424,3311.790800,87.695114,97.578100
363,-1,319.680099,64.094370,935602.970677,551296.261165,3311.593200,87.695304,97.491779
364,-1,319.320074,64.199854,935602.612738,551295.842202,3311.393800,87.695219,97.404752
365,-1,318.960067,64.306475,935602.252174,551295.425536,3311.192599,87.695108,97.317252
366,-1,318.599905,64.414292,935601.888986,551295.010839,3310.989600,87.695189,97.229485
367,-1,318.240037,64.523264,935601.523501,551294.598766,3310.784799,87.695274,97.141292
368,-1,317.880003,64.633325,935601.155064,551294.188990,3310.578200,87.695088,97.052435
369,-1,317.519917,64.744606,935600.784330,551293.781183,3310.369900,87.695342,96.963609
370,-1,317.159939,64.856993,935600.410971,551293.376000,3310.159799,87.695350,96.874163
371,-1,316.800051,64.970491,935600.034987,551292.973441,3309.947900,87.695109,96.784103
372,-1,316.440073,65.085223,935599.656707,551292.572852,3309.734300,87.695308,96.694106
373,-1,316.080009,65.200962,935599.275474,551292.174887,3309.519000,87.695020,96.603343
374,-1,315.719979,65.318005,935598.892273,551291.778890,3309.302000,87.695412,96.512883
375,-1,315.359983,65.436063,935598.506119,551291.385846,3309.083199,87.695091,96.421429
376,-1,315.000000,65.555432,935598.117996,551290.994771,3308.862700,87.695448,96.330299
377,-1,314.640016,65.675719,935597.726921,551290.606648,3308.640600,87.695091,96.238278
378,-1,314.280020,65.797380,935597.333877,551290.220494,3308.416700,87.695412,96.146563
379,-1,313.919990,65.920025,935596.937881,551289.837293,3308.191100,87.695020,96.053937
380,-1,313.559926,66.043945,935596.539916,551289.456060,3307.963900,87.695308,95.961724
381,-1,313.199948,66.168914,935596.139326,551289.077780,3307.735000,87.695109,95.868829
382,-1,312.840060,66.295106,935595.736768,551288.701796,3307.504500,87.695350,95.776150
383,-1,312.480003,66.364871,935654.554891,551223.652058,3345.754300,175.390462,191.449828
384,-1,312.120004,66.431907,935653.739932,551222.910261,3345.509999,175.390640,191.352180
385,-1,311.759962,66.499555,935652.920052,551222.173714,3345.263600,175.390549,191.253709
386,-1,311.400024,66.567898,935652.095907,551221.442417,3345.015000,175.390625,191.154784
387,-1,311.040013,66.636912,935651.266840,551220.716368,3344.764100,175.390432,191.054973
388,-1,310.680007,66.706627,935650.433509,551219.995241,3344.511100,175.390652,190.954986
389,-1,310.319969,66.776933,935649.595256,551219.279691,3344.255999,175.390358,190.853984
390,-1,309.960060,66.847992,935648.753066,551218.569391,3343.998600,175.390438,190.752709
391,-1,309.599951,66.919679,935647.905955,551217.864012,3343.739200,175.390510,190.650935
392,-1,309.239930,66.992041,935647.054578,551217.164210,3343.477600,175.390493,190.548518
393,-1,308.879983,67.065079,935646.198937,551216.469986,3343.213800,175.390381,190.445461
394,-1,308.520027,67.138770,935645.339031,551215.781011,3342.948000,175.390427,190.342083
395,-1,308.159965,67.213146,935644.474531,551215.097285,3342.679999,175.390431,190.238129
396,-1,307.800018,67.288171,935643.606094,551214.419137,3342.410000,175.390541,190.133821
397,-1,307.440002,67.363829,935642.733065,551213.746566,3342.137900,175.390352,190.028756
398,-1,307.080007,67.447107,935641.856098,551213.079244,3341.838900,175.390526,189.914038
399,-1,306.720000,67.532566,935640.974866,551212.417500,3341.532400,175.390603,189.796767
400,-1,306.359965,67.618566,935640.089369,551211.761334,3341.224300,175.390585,189.679220
401,-1,306.000038,67.733773,935639.199935,551211.111072,3340.812100,175.390399,189.522479
402,-1,305.639991,67.886610,935638.306236,551210.466061,3340.266399,175.390384,189.316366
403,-1,305.279961,68.040549,935637.408600,551209.826626,3339.717999,175.390467,189.110686
404,-1,304.919995,68.195507,935636.507027,551209.193097,3339.167100,175.390380,188.905287
405,-1,304.560018,68.351574,935635.601517,551208.565146,3338.613500,175.390389,188.700365
406,-1,304.200015,68.508725,935634.692070,551207.942772,3338.057300,175.390495,188.495985
407,-1,303.840032,68.666934,935633.778686,551207.326303,3337.498500,175.390428,188.291919
408,-1,303.479996,68.826206,935632.861365,551206.715412,3336.937200,175.390460,188.088481
409,-1,303.120042,68.986535,935631.940435,551206.110426,3336.373400,175.390499,187.885610
410,-1,302.760005,69.147961,935631.015568,551205.511018,3335.807000,175.390641,187.683382
411,-1,302.399989,69.310373,935630.086764,551204.917843,3335.238200,175.390334,187.481382
412,-1,302.040044,69.473898,935629.154680,551204.330246,3334.666900,175.390484,187.280441
413,-1,301.680033,69.638444,935628.218658,551203.748554,3334.093200,175.390463,187.080034
414,-1,301.320031,69.804062,935627.279027,551203.172768,3333.517000,175.390445,186.880313
415,-1,300.960025,69.970696,935626.335788,551202.602887,3332.938500,175.390431,186.681373
416,-1,300.600000,70.138378,935625.388939,551202.038912,3332.357600,175.390420,186.483203
417,-1,300.240035,70.307100,935624.438810,551201.480842,3331.774399,175.390580,186.286019
418,-1,299.879984,70.476828,935623.484744,551200.929006,3331.188800,175.390297,186.089234
419,-1,299.520005,70.647646,935622.527724,551200.382747,3330.600900,175.390631,185.893906
420,-1,299.160056,70.819405,935621.567096,551199.843050,3330.010800,175.390400,185.698977
421,-1,298.799965,70.992226,935620.602860,551199.308931,3329.418400,175.390465,185.505251
422,-1,298.440011,71.166083,935619.635670,551198.781045,3328.823699,175.390570,185.312512
423,-1,298.079989,71.340889,935618.664871,551198.259392,3328.226899,175.390398,185.120548
424,-1,297.720024,71.516734,935617.691120,551197.743645,3327.627900,175.390550,184.929921
425,-1,297.359963,71.693562,935616.713760,551197.234132,3327.026700,175.390430,184.740090
426,-1,296.999980,71.871375,935615.733447,551196.730852,3326.423400,175.390342,184.551399
427,-1,296.640015,72.050202,935614.750181,551196.233477,3325.818000,175.390574,184.364146
428,-1,296.280052,72.230003,935613.763634,551195.742665,3325.210400,175.390393,184.177629
429,-1,295.919982,72.410747,935612.773807,551195.257758,3324.600900,175.390388,183.992523
430,-1,295.560032,72.592524,935611.781355,551194.779084,3323.989200,175.390555,183.808756
431,-1,295.199994,72.775219,935610.785622,551194.306644,3323.375600,175.390606,183.626171
432,-1,294.839995,72.958848,935609.786936,551193.840766,3322.759999,175.390388,183.444612
433,-1,294.480029,73.143479,935608.785626,551193.380793,3322.142400,175.390632,183.264804
434,-1,294.119975,73.329034,935607.781035,551192.927382,3321.522800,175.390468,183.085939
435,-1,293.759971,73.515505,935606.773819,551192.480204,3320.901400,175.390468,182.908643
436,-1,293.400003,73.702952,935605.763978,551192.039260,3320.278000,175.390629,182.732882
437,-1,293.040001,73.891277,935604.751185,551191.604878,3319.652800,175.390519,182.558320
438,-1,292.680007,74.080548,935603.735767,551191.176729,3319.025700,175.390569,182.385368
439,-1,292.320048,74.270679,935602.717725,551190.755142,3318.396900,175.390476,182.213811
440,-1,291.959970,74.461745,935601.696729,551190.339788,3317.766200,175.390420,182.043791
441,-1,291.599998,74.653712,935600.673437,551189.930997,3317.133700,175.390345,181.875304
442,-1,291.239978,74.846563,935599.647521,551189.528438,3316.499500,175.390431,181.708574
443,-1,290.880035,75.040283,935598.619308,551189.132442,3315.863600,175.390493,181.543444
444,-1,290.520056,75.234861,935597.588470,551188.743007,3315.226000,175.390412,181.379822
445,-1,290.159987,75.430321,935596.555007,551188.359806,3314.586700,175.390497,181.218028
446,-1,289.800021,75.589524,935654.930875,551022.961842,3359.133600,350.780918,362.175811
447,-1,289.440008,75.698489,935652.854764,551022.221686,3358.422800,350.780983,361.999634
448,-1,289.080000,75.807942,935650.774059,551021.494654,3357.709500,350.780993,361.824101
449,-1,288.719984,75.917883,935648.688761,551020.780744,3356.993700,350.780948,361.649229
450,-1,288.359996,76.028316,935646.599199,551020.079958,3356.275400,350.780954,361.475135
451,-1,288.000022,76.139226,935644.505371,551019.392296,3355.554699,350.781007,361.301856
452,-1,287.639996,76.250611,935642.406950,551018.717756,3354.831600,350.781009,361.129312
453,-1,287.280024,76.362481,935640.304592,551018.056668,3354.106000,350.780847,360.957385
454,-1,286.920008,76.537314,935638.197969,551017.408376,3352.973499,350.781047,360.692240
455,-1,286.560015,76.745106,935636.087409,551016.773535,3351.629600,350.781082,360.381767
456,-1,286.199982,76.953896,935633.972583,551016.152145,3350.281500,350.780857,360.074842
457,-1,285.839979,77.163684,935631.854149,551015.543878,3348.929300,350.780872,359.772029
458,-1,285.480010,77.374458,935629.732106,551014.949063,3347.573000,350.780808,359.473075
459,-1,285.119993,77.586209,935627.606126,551014.367371,3346.212700,350.780894,359.178280
460,-1,284.760024,77.718906,935647.819012,550928.997791,3364.451700,438.476133,448.745302
461,-1,284.400019,77.833547,935645.152679,550928.304223,3363.533200,438.476165,448.550859
462,-1,284.040017,77.948563,935642.482081,550927.627387,3362.612500,438.476240,448.357796
463,-1,283.680006,78.063942,935639.807217,550926.967284,3361.689700,438.476359,448.166150
464,-1,283.319980,78.275614,935637.128089,550926.324240,3359.998700,438.476206,447.819323
465,-1,282.959999,78.496537,935634.445352,550925.697929,3358.236600,438.476249,447.464626
466,-1,282.600017,78.718267,935631.758677,550925.088679,3356.470800,438.476092,447.115672
467,-1,282.240009,78.940809,935629.068066,550924.496160,3354.701300,438.476057,446.772834
468,-1,281.880005,79.164160,935626.373845,550923.920374,3352.928100,438.476215,446.436241
469,-1,281.520011,79.343516,935641.189761,550837.433014,3368.007300,526.171522,535.405376
470,-1,281.160017,79.514813,935637.948297,550836.783081,3366.379400,526.171395,535.106611
471,-1,280.799988,79.741081,935634.702569,550836.153161,3364.231900,526.171582,534.720159
472,-1,280.439995,79.968071,935631.453232,550835.543910,3362.080600,526.171562,534.341193
473,-1,280.079989,80.195766,935628.199957,550834.955329,3359.925600,526.171275,533.969732
474,-1,279.720012,80.424164,935624.943402,550834.386760,3357.767000,526.171480,533.606603
475,-1,279.359992,80.653236,935621.682910,550833.838861,3355.604900,526.171420,533.251134
476,-1,278.999980,80.882984,935618.419137,550833.311303,3353.439300,526.171531,532.903814
477,-1,278.640003,81.113377,935615.152411,550832.804414,3351.270399,526.171536,532.564460
478,-1,278.280011,81.344410,935611.882405,550832.318195,3349.098199,526.171385,532.233077
479,-1,277.919984,81.576069,935608.609117,550831.852316,3346.922800,526.171406,531.910059
480,-1,277.559984,81.808337,935605.333205,550831.407107,3344.744300,526.171366,531.595246
481,-1,277.199992,82.041200,935602.054668,550830.982239,3342.562800,526.171589,531.289024
482,-1,276.840003,82.274632,935598.773507,550830.578369,3340.378400,526.171422,530.990811
483,-1,276.479995,82.508626,935595.489721,550830.194839,3338.191200,526.171519,530.701318
484,-1,276.119992,82.743172,935592.203638,550829.831979,3336.001200,526.171592,530.420310
485,-1,275.759983,82.978247,935588.915259,550829.490116,3333.808500,526.171316,530.147522
486,-1,275.399984,83.213843,935585.624911,550829.168595,3331.613200,526.171376,529.883695
487,-1,275.039984,83.449929,935582.332595,550828.867742,3329.415500,526.171446,529.628571
488,-1,274.680003,83.686507,935579.038638,550828.587559,3327.215300,526.171554,529.382211
489,-1,274.319995,83.923546,935575.742713,550828.328373,3325.012800,526.171346,529.144327
490,-1,273.960011,84.161035,935572.445476,550828.089529,3322.808099,526.171527,528.915671
491,-1,273.600007,84.398949,935569.146598,550827.871681,3320.601299,526.171419,528.695618
492,-1,273.240002,84.637284,935565.846407,550827.674503,3318.392400,526.171374,528.484554
493,-1,272.880017,84.876023,935562.545233,550827.497994,3316.181500,526.171408,528.282542
494,-1,272.520002,85.115145,935559.242746,550827.342155,3313.968700,526.171505,528.089611
495,-1,272.160017,85.354632,935555.939603,550827.207313,3311.754100,526.171369,527.905506
496,-1,271.800009,85.590254,935555.390063,550739.441084,3316.339500,613.866642,615.689274
497,-1,271.440000,85.770098,935549.330692,550826.999636,3307.915700,526.171352,527.608494
498,-1,271.080013,85.927186,935546.025581,550826.926801,3306.465500,526.171491,527.503651
499,-1,270.719997,86.084486,935542.719813,550826.874964,3305.013900,526.171397,527.402446
500,-1,270.360009,86.241976,935539.414046,550826.843796,3303.561100,526.171407,527.305243
501,-1,270.000000,86.399664,935536.107950,550826.833298,3302.107000,526.171519,527.212046
502,-1,269.639990,86.557546,935532.801854,550826.843796,3300.651600,526.171407,527.122541
503,-1,269.280002,86.715601,935529.496086,550826.874964,3299.195100,526.171397,527.037079
504,-1,268.919986,86.873837,935526.190319,550826.926801,3297.737400,526.171491,526.955668
505,-1,268.559999,87.032239,935522.885207,550826.999636,3296.278600,526.171352,526.877987
506,-1,268.199990,87.190806,935519.580424,550827.093140,3294.818700,526.171314,526.804382
507,-1,267.839982,87.349536,935516.276297,550827.207313,3293.357699,526.171369,526.734855
508,-1,267.479997,87.508427,935512.973154,550827.342155,3291.895600,526.171505,526.669404
509,-1,267.119982,87.667453,935509.670667,550827.497994,3290.432600,526.171408,526.607735
510,-1,266.759997,87.826625,935506.369492,550827.674503,3288.968599,526.171374,526.550149
511,-1,266.399992,87.985938,935503.069302,550827.871681,3287.503600,526.171419,526.496672
512,-1,266.039988,88.145381,935499.770424,550828.089529,3286.037700,526.171527,526.447299
513,-1,265.680004,88.304950,935496.473187,550828.328373,3284.570900,526.171346,526.401689
514,-1,265.319996,88.464633,935493.177261,550828.587559,3283.103300,526.171554,526.360530
515,-1,264.960015,88.624437,935489.883305,550828.867742,3281.634800,526.171446,526.323122
516,-1,264.600015,88.784350,935486.590988,550829.168595,3280.165500,526.171376,526.289830
517,-1,264.240016,88.944358,935483.300641,550829.490116,3278.695500,526.171316,526.260635
518,-1,263.880007,89.104459,935480.012261,550829.831979,3277.224800,526.171592,526.235871
519,-1,263.520004,89.264661,935476.726179,550830.194839,3275.753300,526.171519,526.214856
520,-1,263.159996,89.424939,935473.442393,550830.578369,3274.281200,526.171422,526.197925
521,-1,262.800003,89.567947,935459.170112,550743.978805,3273.629100,613.866528,613.883982
522,-1,262.439999,89.697538,935455.344988,550744.474210,3272.240600,613.866561,613.875115
523,-1,262.080005,89.827226,935451.523145,550744.993566,3270.851100,613.866655,613.869446
524,-1,261.720006,89.957009,935447.704583,550745.536872,3269.460600,613.866809,613.866982
525,-1,261.359984,90.086895,935443.889302,550746.104456,3268.069000,613.866701,613.867407
526,-1,260.999999,90.058109,869412.658176,133865.974308,2840.304399,422691.058876,422691.276268
527,-1,260.640000,90.031555,866405.744898,131953.431545,3034.899699,425058.830230,425058.894695
528,-1,260.280000,90.086778,863875.602649,133001.120394,2626.144799,424444.963711,424445.450538
529,-1,259.919999,90.174627,869782.323119,181465.564476,2123.970900,375686.410111,375688.155035
530,-1,259.560000,90.182299,867380.110732,181454.788907,2072.272300,376124.886295,376126.790122
531,-1,259.200000,90.159068,879287.833636,256489.224139,2435.614100,300180.808045,300181.964899
532,-1,258.840000,90.213181,863602.978194,186728.331181,1886.176600,371652.428729,371655.001286
533,-1,258.480000,90.227271,861243.354305,186843.780097,1793.392600,372003.209865,372006.136464
534,-1,258.120000,90.189011,881701.552233,295447.045830,2406.315700,261507.206850,261508.629797
535,-1,257.760000,90.154248,880113.312956,295876.049237,2565.219000,261419.511585,261420.458926
536,-1,257.399999,90.122500,878298.776887,295287.905728,2708.010899,262384.159275,262384.758984
537,-1,257.040000,90.149541,877025.360142,297105.433917,2588.070100,260893.340117,260894.228727
538,-1,256.680000,90.141443,875287.612633,296880.731283,2623.425700,261507.206756,261508.003609
539,-1,256.320000,90.156298,869168.631433,278689.073768,2503.476899,280624.769459,280625.813602
540,-1,255.960000,90.182563,866775.961350,276389.037030,2365.889100,283431.016901,283432.455712
541,-1,255.599999,90.219823,814322.133515,79255.744618,1398.970000,487410.146269,487413.733596
542,-1,255.239999,90.232870,810978.454178,78585.043859,1281.918200,488900.965453,488905.003569
543,-1,254.879999,90.187903,858311.598029,265542.955048,2298.061700,296059.131732,296060.723844
544,-1,254.520000,90.202096,856962.051516,267639.575198,2230.599800,294392.921944,294394.753291
545,-1,254.160000,90.235985,855707.595035,269994.902837,2064.414500,292463.626840,292466.107524
546,-1,253.799999,90.216953,848901.321574,253154.114340,2093.162400,310528.846474,310531.072658
547,-1,253.440000,90.250589,806212.843303,116437.954046,1284.526400,453735.174046,453739.513710
548,-1,253.080000,90.249143,802844.700105,115161.618344,1286.443199,455927.554935,455931.865393
549,-1,252.719999,90.234519,801565.417230,120693.223750,1422.919500,451016.621645,451020.399775
550,-1,252.359999,90.256244,785168.007112,78478.365923,1049.794299,496206.599975,496211.562474
551,-1,252.000000,90.245097,781937.164492,78624.064779,1142.700800,497056.622711,497061.170611
552,-1,251.640000,90.246597,825155.325103,218761.071249,1760.759800,350430.180630,350433.426323
553,-1,251.279999,90.262222,780343.326144,93382.146155,1055.939300,483551.555585,483556.619793
554,-1,250.919999,90.276301,778042.223135,96023.835425,945.572300,481797.650734,481803.252967
555,-1,250.559999,90.258391,775330.366682,97435.858848,1098.160300,481359.174567,481364.069582
556,-1,250.199999,90.274750,794523.134071,159674.402349,1272.753900,416289.306172,416294.092477
557,-1,249.839999,90.261298,786866.494857,146408.670023,1301.698699,431372.887580,431377.373553
558,-1,249.480000,90.247239,792071.634381,168047.779632,1502.913400,409273.686952,409277.497418
559,-1,249.119999,90.243364,772287.976441,123400.225882,1323.493500,458032.240611,458036.372392
560,-1,248.759999,90.245850,798226.922595,198080.503031,1642.655600,379018.829217,379022.318469
561,-1,248.399999,90.249175,769570.381483,132171.429468,1308.312300,450841.230893,450845.494343
562,-1,248.039999,90.254367,763857.201636,125577.232683,1230.856499,459084.583720,459089.107950
563,-1,247.680000,90.287543,771176.825777,151001.780915,1097.062999,432776.011484,432781.461510
564,-1,247.319999,90.262769,758858.580072,128577.314281,1167.556400,458207.631282,458212.450104
565,-1,246.960000,90.270953,768080.983543,157617.933693,1245.597400,427865.077942,427869.862319
566,-1,246.599999,90.276329,765296.942851,157953.505857,1201.646200,428654.335235,428659.320518
567,-1,246.240000,90.236993,750391.309933,130778.580876,1368.257600,459523.059602,459526.990641
568,-1,245.879999,90.272078,749293.407601,135391.838382,1104.766099,455752.164466,455757.303094
569,-1,245.520000,90.304688,822449.867587,302978.179390,1817.711200,272907.588142,272911.447002
570,-1,245.160000,90.321796,820670.487944,303216.126748,1733.270000,273433.759651,273438.072301
571,-1,244.800000,90.337119,742158.372987,140404.399551,596.681100,454173.650215,454181.511995
572,-1,244.439999,90.336166,799362.034498,266625.841661,1417.197100,315615.170293,315620.602770
573,-1,244.079999,90.314520,846565.279330,368287.472655,2151.670600,203540.652969,203543.719716
574,-1,243.719999,90.231000,840092.221410,358067.144999,2399.892100,215566.600111,215568.352111
575,-1,243.359999,90.174510,841991.273058,364873.570690,2633.565500,208626.976892,208627.944590
576,-1,242.999999,90.148965,837158.664285,358276.400486,2705.605600,216694.938939,216695.671335
577,-1,242.639999,90.239124,835423.539475,357885.821871,2359.860200,217834.977090,217836.874241
578,-1,242.279999,90.269850,829967.613707,350445.082815,2200.081800,226955.282159,226957.799350
579,-1,241.919999,90.247949,828913.756562,351499.214237,2288.734100,226516.806053,226518.927125
580,-1,241.560000,90.276452,825571.960096,348317.489958,2154.890400,230901.568005,230904.255802
581,-1,241.199999,90.332221,824419.141208,349231.992722,1931.587400,230651.000059,230654.877470
582,-1,240.839999,90.368001,822943.830838,349562.172836,1784.810300,231076.958472,231081.724842
583,-1,240.480000,90.416126,775434.952103,268605.502728,909.073300,324928.499890,324937.069746
584,-1,240.120000,90.422956,774631.500298,271305.147920,884.712199,322981.570552,322990.370978
585,-1,239.760000,90.440309,814699.689190,344068.250096,1425.107099,239934.177720,239941.262769
586,-1,239.399999,90.446011,784375.139603,295753.766345,957.370100,296952.199956,296961.197283
587,-1,239.039999,90.479069,784494.775519,299580.035923,814.024600,293603.664773,293613.928267
588,-1,238.679999,90.468916,782733.489015,300234.355809,863.184899,293954.445846,293964.290653
589,-1,238.320000,90.448770,781619.243868,301945.675221,973.414999,293077.493344,293086.483508
590,-1,237.959999,90.450858,781125.255683,304627.438558,978.608399,291060.502891,291069.514441
591,-1,237.599999,90.430332,891084.079072,481307.815512,2645.901500,82959.697541,82962.037510
592,-1,237.239999,90.364572,890692.306233,481662.243609,2741.678900,82872.002209,82873.679885
593,-1,236.880000,90.324082,890351.146811,482092.273589,2801.236900,82696.611801,82697.934713
594,-1,236.520000,90.282688,889868.487015,482304.399805,2860.551800,82784.306822,82785.314434
595,-1,236.159999,90.222873,889484.381156,482665.538190,2947.319200,82696.611855,82697.237504
596,-1,235.799999,90.154561,888955.132870,482811.181600,3045.443700,82872.002325,82872.303858
597,-1,235.440000,90.088281,888376.154042,482888.549883,3140.904700,83135.087911,83135.186596
598,-1,235.080000,90.049473,887997.112477,483258.120010,3197.290500,83047.392659,83047.423619
599,-1,234.720000,90.046021,886962.396370,482699.089632,3201.449400,84099.735593,84099.762722
600,-1,234.359999,90.038876,886531.992704,483005.640528,3211.936900,84099.735530,84099.754889
601,-1,234.000000,90.027726,886103.523744,483314.889582,3228.301900,84099.735469,84099.745317
602,-1,233.639999,90.044741,885625.015515,483556.203075,3203.259200,84187.430620,84187.456288
603,-1,233.279999,90.150443,885252.456877,483941.433276,3048.176500,84099.735688,84100.025600
604,-1,232.919999,90.310828,884935.640909,484398.628884,2813.708000,83924.345224,83925.580201
605,-1,232.559999,90.435979,884515.955725,484717.880542,2630.384100,83924.345217,83926.774932
606,-1,232.199999,90.511982,888021.964133,490098.139795,2576.257300,77522.592523,77525.687639
607,-1,231.839999,90.590645,888234.045730,491156.378492,2479.758500,76557.944795,76562.012861
608,-1,231.479999,90.608948,788511.116895,366649.634724,759.855599,236075.587299,236088.921222
609,-1,231.120000,90.605592,786417.727053,366416.513471,757.929600,237566.406195,237579.676797
610,-1,230.760000,90.555706,786082.677855,368365.968561,977.428799,236263.800030,236274.912979
611,-1,230.399999,90.544811,784832.268938,369183.357346,1020.813100,236426.368141,236437.056945
612,-1,230.040000,90.575098,799179.333420,388618.738751,1137.892500,212310.177128,212320.872576
613,-1,229.679999,90.581283,785611.041659,374692.482811,918.216199,231703.399927,231715.324746
614,-1,229.320000,90.645279,790056.997662,382098.465703,755.333499,223184.386866,223198.541797
615,-1,228.960000,90.634126,792508.764740,387050.672334,857.990900,217834.977368,217848.319548
616,-1,228.599999,90.620663,790551.350348,386900.078475,893.982799,219238.100976,219250.964938
617,-1,228.239999,90.616169,789812.961076,388141.362081,915.895399,218799.624906,218812.277901
618,-1,227.880000,90.622513,789319.698940,389645.608089,900.245100,218010.367690,218023.235964
619,-1,227.520000,90.600606,892243.749325,504074.563613,2596.988400,64105.220676,64108.742910
620,-1,227.159999,90.518791,891232.002332,503575.873010,2679.007199,65157.563630,65160.234728
621,-1,226.800000,90.499475,890872.654954,503791.258078,2700.210400,65245.258727,65247.737953
622,-1,226.440000,90.534153,890816.427048,504327.018161,2663.988000,64894.478046,64897.298252
623,-1,226.079999,90.486560,890765.159106,504861.597472,2720.876200,64543.696960,64546.024331
624,-1,225.720000,90.353034,890473.930686,505143.817380,2871.302000,64543.697007,64544.922240
625,-1,225.360000,90.337749,890122.862162,505365.463263,2888.003300,64631.392304,64632.515266
626,-1,224.999999,90.350291,890082.851744,505899.748611,2876.000000,64280.611380,64281.812734
627,-1,224.640000,90.368085,890234.947896,506617.568698,2859.980200,63666.744435,63668.058272
628,-1,224.280000,90.371329,890017.547084,506964.311115,2856.943300,63579.049315,63580.384574
629,-1,223.919999,90.459326,889613.209638,507129.526992,2757.885400,63754.439691,63756.488442
630,-1,223.560000,90.557354,889717.545388,507781.531921,2653.917100,63228.268405,63231.260090
631,-1,223.200000,90.636644,889506.113068,508127.962331,2567.343599,63143.999927,63147.898211
632,-1,222.840000,90.725640,889237.945297,508420.358728,2469.293900,63140.573051,63145.637182
633,-1,222.480000,90.883494,810063.911060,436459.467217,645.426099,170128.766452,170148.994457
634,-1,222.120000,90.867893,810450.298083,438249.965932,714.345199,168637.947198,168657.296006
635,-1,221.759999,90.903180,817853.644824,446280.483336,781.889500,157763.737588,157783.340744
636,-1,221.399999,90.878088,818116.718445,447833.888037,869.815300,156536.004071,156554.388816
637,-1,221.040000,90.883603,817468.610818,448573.694300,854.743100,156536.004003,156554.620455
638,-1,220.680000,90.865639,819618.362752,451718.392079,959.484200,152852.804054,152870.250770
639,-1,220.319999,90.916276,819930.708256,453243.099004,844.000000,151625.070675,151644.461429
640,-1,219.960000,91.097650,838339.185874,469910.668687,839.376300,126807.317515,126830.591131
641,-1,219.599999,91.098102,837288.827739,470075.786139,824.928700,127508.879475,127532.301122
642,-1,219.239999,91.144540,841262.825696,474355.936043,837.177299,121720.993861,121745.283721
643,-1,218.880000,91.137461,840780.903104,474949.788530,852.222800,121720.993688,121744.983948
644,-1,218.520000,91.164972,840714.392738,475874.350329,804.453399,121194.822328,121219.878522
645,-1,218.160000,91.215893,841552.142375,477501.102325,732.060899,119528.612838,119555.532481
646,-1,217.800000,91.255050,850717.076145,485560.619670,917.261599,107344.800059,107370.558223
647,-1,217.440000,91.281301,841815.233056,479594.253650,628.888699,118037.793777,118067.315323
648,-1,217.079999,91.279026,861935.268603,495729.503204,1209.219900,92255.392711,92278.384133
649,-1,216.720000,91.257635,861798.111725,496350.345794,1249.455600,91992.307215,92014.472483
650,-1,216.359999,91.256425,861238.080365,496655.797611,1245.519900,92260.399842,92282.586932
651,-1,215.999999,91.230490,861183.714988,497332.829393,1294.942400,91904.611918,91925.810278
652,-1,215.640000,91.265258,861269.351956,498104.767482,1250.658300,91383.400161,91405.686520
653,-1,215.280000,91.317822,860797.122257,498474.011166,1162.859800,91553.830896,91578.052929
654,-1,214.920000,91.351504,860466.351265,498944.650645,1109.008900,91553.830917,91579.307254
655,-1,214.559999,91.374751,859994.103850,499317.865778,1067.632300,91729.221506,91755.632513
656,-1,214.199999,91.383464,842696.389758,488259.197606,558.085300,112249.907716,112282.638198
657,-1,213.840000,91.359084,842665.991525,489087.944965,616.280199,111811.431451,111842.894837
658,-1,213.479999,91.287776,842710.434678,489959.618746,767.201900,111291.300072,111319.416390
659,-1,213.120000,91.218462,842914.133417,490927.417992,916.824800,110589.699834,110614.711669
660,-1,212.760000,91.130008,872482.562141,510780.041344,1790.035699,74979.430539,74994.015357
661,-1,212.400000,91.137515,842759.551705,492475.211812,1087.180900,109882.136390,109903.795350
662,-1,212.040000,91.110200,842391.445486,493059.302507,1139.584900,109882.136284,109902.767404
663,-1,211.680000,91.067896,841653.875439,493415.417937,1212.571200,110320.612556,110339.777297
664,-1,211.320000,91.016094,841511.343900,494140.088732,1316.907200,110063.499951,110080.809807
665,-1,210.959999,90.976692,841760.452982,495095.973303,1404.683800,109355.964901,109371.855312
666,-1,210.600000,91.000653,841559.799184,495775.570697,1362.000000,109180.574246,109197.227262
667,-1,210.240000,91.030749,896291.406584,528475.349457,2451.696700,45426.134549,45433.486381
668,-1,209.879999,90.949260,896528.627566,528940.823592,2523.588600,44987.658231,44993.833258
669,-1,209.519999,91.013603,897304.310070,529704.873573,2491.671700,43935.315584,43942.191511
670,-1,209.159999,90.995881,897245.627444,529988.246366,2506.789500,43847.620243,43854.244559
671,-1,208.799999,90.976120,897035.297484,530187.005155,2520.422900,43935.315501,43941.692228
672,-1,208.439999,90.924923,897288.627686,530638.148281,2566.771500,43496.839285,43502.507429
673,-1,208.080000,90.858048,897468.719190,531043.985396,2622.806400,43146.058416,43150.897128
674,-1,207.719999,90.852946,897574.758020,531405.943990,2630.565800,42882.972427,42887.724612
675,-1,207.360000,90.815998,897605.947590,531725.460083,2660.723100,42707.582198,42711.913771
676,-1,207.000000,90.806474,897639.647654,532043.793764,2670.293100,42532.191743,42536.405400
677,-1,206.639999,90.831906,897517.009776,532281.248998,2651.376699,42534.500067,42538.983939
678,-1,206.280000,90.843321,897397.929633,532520.504753,2642.900800,42534.500161,42539.107938
679,-1,205.920000,90.892654,897516.988778,532875.509292,2610.368100,42271.400065,42276.530835
680,-1,205.559999,90.934467,897720.163569,533267.090202,2585.271200,41918.324834,41923.900605
681,-1,205.200000,90.958164,897922.628387,533653.444744,2573.758000,41569.799994,41575.613441
682,-1,204.840000,90.963231,898369.266601,534148.015605,2580.402400,40955.900058,40961.688396
683,-1,204.480000,91.013767,898343.733844,534419.139735,2545.859100,40865.981919,40872.379561
684,-1,204.119999,91.100278,898558.224885,534796.505450,2490.871300,40515.200940,40522.672561
685,-1,203.760000,91.133719,898936.501687,535241.167291,2477.628000,39989.029583,39996.859335
686,-1,203.400000,91.165752,898914.486311,535505.413809,2457.002500,39903.499999,39911.760824
687,-1,203.040000,91.229309,898977.045241,535804.472594,2416.482800,39728.099884,39737.245827
688,-1,202.679999,91.289884,898960.991468,536068.301135,2376.435800,39640.400002,39650.447452
689,-1,202.320000,91.334147,898622.289717,536198.489523,2339.668200,39903.499975,39914.320336
690,-1,201.960000,91.369423,898609.137184,536463.519833,2317.183300,39815.800042,39827.175245
691,-1,201.600000,91.408339,898597.854727,536728.115760,2292.280100,39728.100018,39740.104590
692,-1,201.239999,91.497181,898588.436110,536992.264510,2232.931100,39640.400055,39653.937450
693,-1,200.880000,91.576269,898580.875430,537255.952631,2180.587199,39552.700172,39567.672832
694,-1,200.520000,91.674033,898493.031117,537488.425919,2113.044400,39552.700150,39569.588354
695,-1,200.159999,91.748483,898406.649400,537721.446779,2061.603900,39552.699866,39571.124220
696,-1,199.800000,91.793324,898321.733232,537955.005367,2030.618900,39552.699970,39572.081859
697,-1,199.440000,91.756994,862180.968571,525463.005745,882.797699,77789.899892,77826.489620
698,-1,199.080000,91.733085,862272.368323,526011.797298,923.378100,77522.592466,77558.070404
699,-1,198.720000,91.711048,862525.909810,526612.007384,966.194099,77088.299931,77122.687332
700,-1,198.360000,91.719322,862459.101545,527100.170121,957.809599,76996.421058,77031.100582
701,-1,198.000000,91.724041,862558.369391,527641.100142,959.381500,76733.335314,76768.086377
702,-1,197.640000,91.744820,862239.703034,528045.683322,926.057199,76912.900146,76948.577568
703,-1,197.279999,91.760705,859921.528536,527830.637820,834.753400,79188.802043,79226.207315
704,-1,196.919999,91.778636,860026.923995,528382.766965,818.116899,78925.716268,78963.760779
705,-1,196.559999,91.761338,860132.170175,528931.423020,849.927100,78666.900041,78704.085509
706,-1,196.200000,91.827964,860329.651736,529503.509475,769.555200,78316.099896,78355.974420
707,-1,195.839999,91.870628,862134.358756,530527.045157,777.056599,76298.999865,76339.682749
708,-1,195.480000,91.853477,860994.778030,530708.882720,766.000000,77347.201910,77387.690573
709,-1,195.119999,91.881441,861963.118285,531473.934668,765.522700,76211.299937,76252.407416
710,-1,194.759999,91.889855,862094.085543,532003.626850,763.000000,75948.199998,75989.532956
711,-1,194.399999,91.900574,861973.960455,532465.455650,748.776100,75948.199831,75990.003198
712,-1,194.039999,91.953551,861771.659022,532906.753980,675.481700,76035.900044,76080.118511
713,-1,193.680000,91.924475,861486.790498,533329.108779,708.218900,76211.299972,76254.310326
714,-1,193.320000,91.843996,861289.664579,533774.521930,812.558999,76299.000083,76338.532315
715,-1,192.960000,91.785598,861522.546003,534320.044133,901.339800,75948.200121,75985.096673
716,-1,192.599999,91.765963,861673.750097,534842.811788,935.504100,75685.100128,75721.064338
717,-1,192.240000,91.758810,861057.233942,535195.667382,928.803599,76211.299860,76247.221232
718,-1,191.879999,91.794151,861043.006608,535682.002039,884.497099,76123.599990,76160.937032
719,-1,191.519999,91.826090,861035.990546,536168.700869,844.948399,76031.773486,76070.405584
720,-1,191.159999,91.867706,861024.048969,536653.271094,792.392099,75948.200144,75988.569481
721,-1,190.800000,91.897880,861109.492040,537155.368515,758.299299,75768.687677,75810.274042
722,-1,190.439999,91.903918,861190.207429,537654.320273,756.000000,75597.399971,75639.156866
723,-1,190.080000,91.925047,861364.643104,538167.765112,736.934299,75334.299913,75376.840608
724,-1,189.719999,91.941061,861456.144233,538663.668976,721.798100,75158.900127,75202.051207
725,-1,189.360000,91.990545,861468.429970,539144.300232,660.000000,75067.125887,75112.450831
726,-1,188.999999,91.984339,861389.159131,539609.281914,668.000000,75071.199848,75116.244899
727,-1,188.640000,92.031852,861407.562966,540089.175639,608.926000,74979.430707,75026.602101
728,-1,188.280000,92.122287,861421.012742,540567.201914,493.521699,74895.800162,74947.209165
729,-1,187.919999,92.135880,861441.570444,541045.175039,479.000000,74808.100116,74860.109156
730,-1,187.559999,92.122343,862512.420664,541661.447757,539.097800,73664.001948,73714.568092
731,-1,187.199999,92.098954,862713.979972,542153.430697,578.852299,73400.916119,73450.196608
732,-1,186.840000,92.110147,860829.122522,542391.834748,496.638099,75242.516177,75293.573638
733,-1,186.479999,92.081242,860944.514679,542880.740594,540.874100,75071.199855,75120.754247
734,-1,186.119999,92.026711,860543.953801,543312.178379,600.000000,75421.999932,75469.209845
735,-1,185.760000,91.974373,860407.655189,543774.721746,665.956800,75509.699963,75554.553949
736,-1,185.399999,91.964707,860448.833584,544255.167635,681.719100,75421.999869,75466.363943
737,-1,185.039999,91.992896,860409.796260,544727.451468,644.710200,75417.906794,75463.551216
738,-1,184.680000,91.994886,860452.977933,545206.433121,645.000000,75334.300002,75379.984961
739,-1,184.319999,91.991461,860507.363323,545685.226455,652.699500,75242.516118,75287.988817
740,-1,183.959999,91.979284,860648.204576,546168.867220,674.771599,75067.125656,75111.938966
741,-1,183.599999,91.951315,861575.840188,546699.819242,744.187200,74106.500007,74149.497793
742,-1,183.240000,91.927110,861723.183069,547174.527282,781.432400,73931.100045,73972.937933
743,-1,182.879999,91.901237,861172.850837,547611.948651,797.387100,74457.299908,74498.311256
744,-1,182.520000,91.884359,861413.658426,548090.825318,828.000000,74194.200167,74234.343935
745,-1,182.160000,91.881873,861661.547366,548566.679353,840.000000,73927.087803,73966.981498
746,-1,181.799999,91.920304,862171.410519,549047.426423,808.000000,73400.916348,73442.161200
747,-1,181.439999,92.020504,862768.096006,549523.760116,701.000000,72791.000119,72836.284381
748,-1,181.080000,92.047985,863288.066751,549990.999996,685.000000,72260.878172,72307.064456
749,-1,180.719999,92.047187,863540.092821,550448.228740,695.272599,72001.700077,72047.684812
750,-1,180.359999,92.016360,863448.131063,550900.056904,730.972099,72089.399868,72134.063791
751,-1,180.000000,91.971381,863450.620231,551353.004817,787.767999,72085.487718,72128.177932
752,-1,179.640000,91.920660,863623.527366,551804.850699,857.406799,71914.000103,71954.424413
753,-1,179.280000,91.890702,863540.092821,552257.780895,892.154399,72001.700077,72040.920379
754,-1,178.919999,91.871548,863551.105923,552710.050988,916.378400,71997.792265,72036.219497
755,-1,178.560000,91.855596,863732.491387,553158.006457,942.000000,71826.300074,71863.984800
756,-1,178.200000,91.834498,863836.797937,553606.246374,971.409700,71734.706759,71771.492077
757,-1,177.839999,91.840919,864027.636466,554050.088662,969.000000,71559.316341,71596.269143
758,-1,177.479999,91.842934,864217.344748,554491.792175,972.000000,71387.799873,71424.744870
759,-1,177.120000,91.865841,864501.241490,554926.616765,952.000000,71124.700037,71162.430006
760,-1,176.760000,91.875994,864787.776678,555357.998448,948.000000,70861.599980,70899.600794
761,-1,176.399999,91.890207,865255.786240,555774.667890,945.000000,70419.278070,70457.616337
762,-1,176.039999,91.941192,865718.595682,556186.143117,897.000000,69984.600056,70024.785819
763,-1,175.679999,91.982331,866191.358844,556591.406086,862.000000,69542.325790,69583.968881
764,-1,175.319999,92.009495,866571.509987,556998.691689,841.165800,69195.300074,69237.879309
765,-1,174.959999,92.034537,866695.704948,557424.190182,814.000000,69107.599995,69151.192340
766,-1,174.600000,92.098796,866997.142338,557831.844550,746.034700,68844.499936,68890.714362
767,-1,174.240000,92.124751,867300.974407,558235.951681,724.566900,68581.399862,68628.584036
768,-1,173.879999,92.092605,870397.573857,558337.304169,875.254000,65511.900149,65555.618226
769,-1,173.519999,92.046110,870268.463551,558766.236054,922.218699,65687.300163,65729.208006
770,-1,173.159999,92.056611,870145.727904,559196.639721,903.994099,65859.125495,65901.575580
771,-1,172.800000,92.069893,870018.738001,559629.773369,882.239100,66038.100084,66081.217379
772,-1,172.439999,92.066344,869811.222339,560075.879760,876.842099,66301.200107,66344.340792
773,-1,172.080000,92.050537,870214.780587,560440.329491,907.717000,65950.400135,65992.658193
774,-1,171.719999,92.058633,870359.952869,560837.943853,901.538600,65862.700062,65905.236006
775,-1,171.359999,92.095590,870420.834637,561247.267837,859.000000,65862.700060,65906.777794
776,-1,170.999999,92.112294,870401.201803,561669.360497,836.669999,65946.820949,65991.661765
777,-1,170.640000,92.129058,870463.775168,562078.990911,817.214999,65950.400084,65995.958368
778,-1,170.279999,92.140040,870446.011752,562502.444789,801.279100,66038.099871,66084.190856
779,-1,169.920000,92.149482,870517.349864,562911.194956,790.381699,66038.100080,66084.598893
780,-1,169.560000,92.151707,870591.255228,563319.489087,787.813599,66038.099918,66084.695102
781,-1,169.200000,92.170064,870667.724235,563727.310777,766.625100,66038.100015,66085.494125
782,-1,168.839999,92.203527,870746.754261,564134.643952,728.000000,66038.099990,66086.967939
783,-1,168.479999,92.219193,871000.208479,564506.443406,716.713900,65862.700121,65912.134175
784,-1,168.120000,92.248775,871169.948953,564893.617828,686.101299,65774.999998,65825.693998
785,-1,167.760000,92.314285,871342.003399,565279.179393,614.321400,65687.300122,65740.921167
786,-1,167.399999,92.354278,871516.358693,565663.114321,572.000000,65599.600066,65655.017614
787,-1,167.040000,92.412771,871863.932801,566006.071312,516.000000,65336.500104,65394.474192
788,-1,166.679999,92.317659,873834.753334,565961.330260,702.732799,63407.100025,63459.010872
789,-1,166.320000,92.253935,874098.181613,566307.238360,780.269899,63231.700067,63280.657952
790,-1,165.960000,92.240022,874108.273785,566714.242468,792.217900,63319.400126,63367.822133
791,-1,165.599999,92.238741,874121.058536,567121.709500,790.207299,63407.100090,63455.533684
792,-1,165.240000,92.161733,874221.348034,567507.277627,875.554999,63407.099867,63452.256796
793,-1,164.879999,92.103764,874239.393929,567915.084226,936.573699,63494.799976,63537.625360
794,-1,164.520000,92.108714,874513.702764,568253.078629,937.539099,63319.400103,63362.308507
795,-1,164.160000,92.128871,874705.462879,568612.219643,918.493000,63231.699930,63275.372454
796,-1,163.799999,92.150815,874986.827474,568944.196997,900.957399,63052.877876,63097.329850
797,-1,163.439999,92.199103,874254.646852,569575.226903,813.932700,63933.300024,63980.420501
798,-1,163.079999,92.199561,874873.771269,569806.764170,833.630499,63407.099963,63453.852131
799,-1,162.720000,92.186977,874404.724963,570369.903791,824.133600,64020.999932,64067.665823
800,-1,162.360000,92.171669,874274.688806,570833.354308,831.285799,64284.099836,64330.303452
801,-1,161.999999,92.176968,874565.111126,571163.682716,832.000000,64108.699975,64155.002778
802,-1,161.640000,92.205089,874777.321331,571517.662323,804.000000,64017.525441,64064.965376
803,-1,161.280000,92.243279,875068.048440,571843.842117,768.000000,63845.599958,63894.566553
804,-1,160.919999,92.266538,877270.039771,571506.665297,828.818700,61653.099936,61701.371269
805,-1,160.560000,92.234209,877563.218646,571813.984893,870.503599,61477.700020,61524.469805
806,-1,160.200000,92.219554,877778.572218,572146.997022,889.779699,61386.668304,61432.757831
807,-1,159.840000,92.218385,877742.582461,572571.084100,884.111199,61565.399997,61611.574979
808,-1,159.480000,92.209978,923298.593711,555933.293229,2764.753100,13066.590859,13076.316821
809,-1,159.119999,92.154210,923326.951266,556010.345896,2777.463099,13067.300136,13076.541644
810,-1,158.759999,92.080013,923356.455144,556086.965822,2794.408300,13067.299999,13075.915514
811,-1,158.399999,92.020243,923467.981167,556131.114356,2811.150800,12979.599947,12987.672643
812,-1,158.039999,91.982996,923498.240949,556206.845832,2819.599000,12979.599936,12987.377555
813,-1,157.679999,91.947427,923528.975796,556282.385707,2827.666100,12979.600090,12987.101066
814,-1,157.320000,91.924405,923560.184723,556357.730700,2832.887500,12979.600082,12986.924670
815,-1,156.959999,91.912219,923591.866746,556432.878516,2835.651000,12979.599944,12986.832026
816,-1,156.599999,91.893942,923543.532854,556542.655527,2836.895999,13067.300100,13074.442465
817,-1,156.240000,91.876031,923577.025897,556617.618304,2841.008700,13066.590936,13073.598405
818,-1,155.880000,91.831980,923529.650007,556728.783436,2848.237500,13155.000116,13161.727438
819,-1,155.520000,91.748267,923244.398609,556949.478533,2856.769200,13505.800107,13512.089800
820,-1,155.159999,91.651670,923279.804707,557026.598785,2879.559299,13505.800150,13511.413758
821,-1,154.800000,91.592877,922839.574616,557327.539784,2878.796500,14032.000098,14037.424462
822,-1,154.439999,91.486880,922877.364238,557407.196121,2904.774399,14032.000024,14036.726291
823,-1,154.080000,91.381932,922836.775737,557524.948182,2928.377100,14119.699839,14123.807826
824,-1,153.719999,91.335244,922875.805515,557604.618298,2939.889200,14119.700027,14123.535066
825,-1,153.360000,91.315905,922836.945356,557723.364452,2942.642800,14207.399918,14211.147788
826,-1,152.999999,91.290339,922720.939354,557882.659409,2945.034900,14382.799978,14386.448088
827,-1,152.639999,91.246243,922607.141682,558043.297211,2952.311000,14557.409833,14560.854129
828,-1,152.280000,91.201859,922571.802186,558165.191324,2961.753300,14645.105289,14648.327873
829,-1,151.920000,91.187508,922536.781914,558288.168112,2963.588600,14733.599943,14736.765025
830,-1,151.559999,91.156635,922426.381217,558453.240289,2967.989800,14908.999925,14912.038288
831,-1,151.200000,91.109745,922394.399653,558577.720027,2978.496900,14996.699863,14999.513287
832,-1,150.840000,91.103947,922363.467628,558702.880538,2978.325100,15084.400092,15087.200470
833,-1,150.480000,91.084556,922333.593016,558828.713291,2981.771700,15172.099978,15174.818544
834,-1,150.120000,91.071323,922000.614023,559129.973187,2977.077100,15610.600015,15613.329300
835,-1,149.759999,91.071073,922277.043261,559082.362062,2982.064100,15347.500117,15350.182150
836,-1,149.400000,91.066701,922099.408445,559299.446602,2978.336700,15610.599943,15613.305728
837,-1,149.040000,91.057900,921999.192110,559473.947237,2977.496499,15786.000007,15788.691222
838,-1,148.680000,91.047555,921975.564205,559604.429259,2978.744200,15873.700009,15876.353498
839,-1,148.320000,91.027295,921879.153636,559781.127397,2981.229300,16048.228915,16050.808805
840,-1,147.959999,91.023578,921857.298693,559913.757709,2980.688400,16136.799953,16139.375338
841,-1,147.599999,91.037808,921837.309560,560046.526800,2975.090700,16224.500047,16227.161935
842,-1,147.240000,91.043565,921819.196079,560179.403831,2971.878400,16311.314809,16314.020720
843,-1,146.879999,91.058492,921800.731877,560313.817604,2965.990699,16399.900050,16402.699055
844,-1,146.519999,91.075353,921784.156451,560448.321272,2959.516900,16487.599929,16490.504274
845,-1,146.160000,91.115939,921768.731613,560583.385307,2946.125100,16575.300153,16578.444540
846,-1,145.800000,91.132965,921754.464253,560719.000193,2939.463200,16663.000100,16666.258333
847,-1,145.439999,91.139615,921741.360605,560855.156745,2935.783899,16750.699852,16754.013803
848,-1,145.080000,91.168117,921729.426246,560991.845776,2925.659700,16838.400004,16841.900049
849,-1,144.719999,91.191858,921647.075360,561179.711214,2915.030199,17013.799836,17017.481584
850,-1,144.360000,91.224034,921566.545338,561368.988066,2901.723900,17189.200098,17193.123385
851,-1,144.000000,91.238810,921559.560772,561507.560624,2895.412700,17275.962336,17280.001218
852,-1,143.640000,91.300153,921553.017478,561647.167628,2874.917000,17363.657653,17368.129102
853,-1,143.279999,91.371245,929209.339763,556072.269001,3080.062800,7893.000070,7895.261071
854,-1,142.920000,91.239298,929239.116279,556111.927714,3098.249100,7893.000142,7894.846870
855,-1,142.559999,91.154808,929199.508746,556204.714274,3108.125499,7980.700101,7982.321386
856,-1,142.200000,91.036615,929230.460128,556244.166623,3124.602400,7980.266803,7981.573086
857,-1,141.840000,90.956134,929260.975815,556283.956898,3135.808099,7980.699952,7981.811311
858,-1,141.479999,90.892477,929292.081724,556323.287200,3144.677200,7980.699873,7981.668160
859,-1,141.119999,90.813847,929255.162835,556417.469754,3154.386199,8068.399880,8069.213899
860,-1,140.760000,90.755429,929287.107324,556456.833849,3162.614200,8068.400064,8069.101408
861,-1,140.400000,90.701184,929319.298861,556495.996500,3170.254100,8068.400008,8069.004241
862,-1,140.040000,90.657309,929351.735804,556534.956068,3176.433500,8068.399940,8068.930917
863,-1,139.679999,90.612860,929250.684497,556687.204779,3180.817400,8243.799925,8244.271549
864,-1,139.319999,90.533854,929284.323865,556726.591839,3192.186000,8243.800198,8244.158059
865,-1,138.959999,90.419456,929252.062447,556823.349192,3208.004800,8331.500192,8331.723463
866,-1,138.600000,90.315687,929286.896695,556862.425557,3223.097299,8331.047844,8331.174302
867,-1,138.239999,90.202827,929387.052006,556843.175596,3239.818400,8243.352726,8243.404377
868,-1,137.880000,90.074831,929421.337043,556882.002618,3258.233100,8243.800089,8243.807120
869,-1,137.519999,89.944937,929456.197209,556920.313565,3276.922500,8243.800173,8243.803980
870,-1,137.160000,89.817339,929491.297533,556958.404368,3295.281500,8243.799918,8243.841811
871,-1,136.800000,89.682842,929462.705727,557056.309028,3315.119000,8331.500073,8331.627718
872,-1,136.440000,89.530570,929498.660379,557094.356524,3337.262300,8331.500020,8331.779661
873,-1,136.079999,89.393939,929598.024354,557071.344103,3356.204100,8243.800153,8244.261369
874,-1,135.720000,89.235112,929696.858473,557047.311670,3377.888800,8156.099863,8156.826696
875,-1,135.359999,89.064483,929732.751774,557083.888369,3402.183399,8156.100120,8157.187443
876,-1,135.000000,88.939802,929768.874406,557120.238362,3419.937200,8156.099895,8157.496401
877,-1,134.640000,88.853855,929805.224398,557156.360993,3432.176400,8156.100120,8157.732265
878,-1,134.279999,88.771682,929841.801097,557192.254294,3443.878800,8156.099863,8157.974477
879,-1,133.919999,88.679029,929756.935453,557354.259547,3461.119200,8331.500049,8333.714829
880,-1,133.559999,88.579524,929794.756244,557390.452388,3475.596699,8331.500020,8334.061121
881,-1,133.199999,88.479037,929832.803740,557426.407041,3490.218299,8331.500073,8334.436454
882,-1,132.839999,88.385181,929930.708399,557397.815234,3501.403900,8243.799918,8247.075158
883,-1,132.480000,88.292754,929968.799203,557432.915558,3514.713699,8243.800173,8247.461216
884,-1,132.119999,88.215500,930007.110150,557467.775724,3525.839400,8243.800089,8247.800094
885,-1,131.760000,88.109899,930104.048604,557436.975261,3538.155000,8156.099870,8160.539780
886,-1,131.400000,88.050639,930142.674839,557470.653671,3546.585100,8155.657436,8160.379997
887,-1,131.039998,88.011479,930180.929028,557504.754653,3552.181200,8156.100007,8161.014576
888,-1,130.680000,88.013648,930219.686824,557538.280505,3551.872000,8156.100104,8161.003950
889,-1,130.320000,88.032707,930315.401528,557504.695926,3546.143400,8068.400029,8073.158459
890,-1,129.960000,88.048625,930410.760261,557469.823621,3540.896299,7980.266988,7984.897544
891,-1,129.599999,88.070317,930449.018386,557502.239894,3537.886100,7980.699985,7985.228361
892,-1,129.240000,88.117998,930487.755186,557534.081366,3531.237299,7980.700027,7985.007284
893,-1,128.880000,88.186666,930581.739906,557497.407883,3518.886100,7893.000174,7896.954780
894,-1,128.520000,88.260900,930675.062554,557459.799690,3505.987100,7805.299863,7808.896775
895,-1,128.159999,88.331766,930713.528356,557490.221874,3496.324600,7805.299938,7808.609582
896,-1,127.799998,88.400376,930805.936636,557451.105154,3484.521299,7717.599910,7720.608642
897,-1,127.440000,88.476626,930844.599616,557480.372484,3474.231900,7717.181154,7719.909655
898,-1,127.080001,88.553719,930882.938778,557510.063041,3463.851800,7717.599970,7720.059360
899,-1,126.719999,88.636830,930974.152835,557468.880709,3450.563299,7629.899893,7632.059854
900,-1,126.359999,88.729365,931012.915225,557497.089970,3438.225000,7629.485880,7631.362387
901,-1,125.999999,88.827319,930999.816497,557596.674417,3426.979200,7717.600028,7719.216775
902,-1,125.640000,88.946177,931090.479046,557553.443532,3409.342399,7629.485998,7630.776670
903,-1,125.279999,89.066406,931129.286055,557581.591770,3393.334800,7629.900041,7630.913037
904,-1,124.920000,89.184816,931168.508089,557609.157331,3377.562699,7629.899921,7630.672229
905,-1,124.559999,89.307327,931207.902695,557636.476174,3361.245500,7629.899934,7630.457538
906,-1,124.200000,89.419531,931247.467905,557663.546986,3346.301800,7629.900123,7630.291702
907,-1,123.839999,89.520831,931287.202734,557690.368455,3332.810900,7629.899960,7630.166789
908,-1,123.479999,89.620590,931327.105213,557716.939924,3319.525500,7629.900004,7630.067293
909,-1,123.119999,89.700779,931271.336296,557890.162347,3309.762700,7805.299854,7805.406294
910,-1,122.760000,89.773137,931312.723352,557916.473318,3299.903600,7804.876438,7804.937619
911,-1,122.399999,89.844711,931353.819070,557943.237700,3290.154700,7805.300104,7805.328771
912,-1,122.039999,89.926273,931395.309145,557969.385285,3279.043600,7805.299817,7805.306279
913,-1,121.680001,90.034247,931437.184717,557994.911481,3264.334800,7804.876411,7804.877805
914,-1,121.320001,90.165875,931478.777482,558020.896337,3246.403000,7805.299984,7805.332694
915,-1,120.959999,90.265461,931565.869499,557971.052605,3233.242800,7717.600007,7717.682841
916,-1,120.600000,90.364451,931607.529849,557995.867516,3219.908600,7717.600062,7717.756195
917,-1,120.240000,90.433501,929882.635333,561051.063505,3184.065100,11225.599981,11225.921293
918,-1,119.880000,90.482254,929987.372000,561010.351644,3175.250900,11137.900088,11138.294630
919,-1,119.520000,90.530638,930048.159936,561045.024475,3165.844700,11137.900091,11138.377775
920,-1,119.159999,90.576337,929895.505714,561462.240176,3152.549300,11576.399834,11576.985526
921,-1,118.799999,90.611724,929959.134852,561497.481576,3145.398700,11576.400029,11577.059856
922,-1,118.439999,90.651485,930022.984134,561532.322057,3137.364100,11576.399858,11577.148253
923,-1,118.080000,90.692004,930087.050935,561566.760965,3129.176200,11576.400001,11577.244390
924,-1,117.720000,90.741217,930110.833695,561677.870979,3118.104900,11663.466979,11664.443034
925,-1,117.360000,90.796005,930216.116293,561633.869754,3108.168500,11575.771899,11576.889126
926,-1,117.000000,90.812338,893571.132825,633713.905712,1958.359200,92435.800063,92445.091339
927,-1,116.639999,90.797767,893892.830672,634367.901451,1975.765799,92874.300027,92883.303452
928,-1,116.279999,90.790722,894259.927707,634942.455092,1982.345100,93225.099907,93233.978427
929,-1,115.919999,90.777924,894709.276874,635357.905049,2000.790800,93400.499991,93409.109583
930,-1,115.560000,90.839264,893270.285329,639726.859237,1833.972700,97960.899887,97971.410167
931,-1,115.200000,90.864323,893901.066876,639831.970576,1793.765199,97785.500084,97796.627470
932,-1,114.839999,90.859824,893905.192196,641285.618915,1781.702699,99101.000120,99112.160092
933,-1,114.480000,90.809160,894398.391997,641705.049179,1866.874200,99276.399985,99286.300922
934,-1,114.119999,90.771608,895074.414595,641721.610825,1935.495800,99013.300020,99022.279383
935,-1,113.759999,90.743283,895539.178429,642209.922513,1981.109900,99271.012204,99279.366058
936,-1,113.399999,90.737749,895934.545749,642866.815556,1984.983400,99714.900013,99723.166732
937,-1,113.039999,90.701070,896373.028140,643436.648734,2044.535900,100065.699903,100073.191262
938,-1,112.679999,90.688934,896850.928759,643923.653665,2062.571300,100328.800038,100336.053277
939,-1,112.320000,90.622429,897333.407124,644408.278680,2176.182000,100591.899992,100597.835937
940,-1,111.959999,90.644909,897918.840993,644646.475054,2136.710600,100591.900082,100598.272556
941,-1,111.600000,90.752659,898086.060803,645941.026271,1932.532600,101732.000048,101740.778348
942,-1,111.240000,90.696488,898617.567286,646337.948377,2030.151600,101907.399867,101914.929687
943,-1,110.880000,90.610007,898871.269534,647469.385091,2173.715800,102872.099876,102877.930482
944,-1,110.519999,90.621085,899600.824177,647364.105774,2157.686500,102515.735995,102521.759370
945,-1,110.159999,90.582404,900263.317931,647428.566275,2228.630099,102345.899893,102351.187558
946,-1,109.799999,90.650470,900691.318059,648138.132441,2101.122200,102866.516960,102873.146399
947,-1,109.440000,90.661316,901181.509336,648691.222542,2077.532200,103222.899957,103229.776088
948,-1,109.080000,90.621959,901736.441297,649070.920274,2146.542300,103398.300116,103404.392451
949,-1,108.719999,90.630759,902294.790902,649447.480544,2128.728700,103573.699978,103579.976567
950,-1,108.360000,90.576135,902609.708252,650564.612496,2217.839300,104532.726431,104538.011431
951,-1,108.000000,90.574796,903177.764202,650941.746584,2218.465600,104713.799935,104719.069511
952,-1,107.639999,90.522801,903511.795358,652062.432007,2304.697900,105678.499808,105682.899280
953,-1,107.279999,90.585873,904275.451967,651842.949506,2192.839200,105239.999981,105245.502127
954,-1,106.919999,90.629139,904932.985757,651953.477501,2114.323300,105152.299984,105158.639541
955,-1,106.560000,90.613266,904990.764513,654077.209802,2121.866299,107169.399995,107175.539238
956,-1,106.200000,90.625714,905587.863384,654435.538481,2096.664999,107344.800056,107351.201523
957,-1,105.840000,90.650957,906068.571741,655212.261665,2042.391399,107958.700081,107965.668116
958,-1,105.479999,90.655458,906323.792031,656832.176077,2016.852700,109449.600140,109456.762439
959,-1,105.120000,90.657061,906987.109274,657013.638968,2013.790299,109449.599974,109456.797349
960,-1,104.760000,90.647620,907673.897270,657106.124676,2032.817700,109361.899872,109368.886299
961,-1,104.399999,90.625355,908340.385438,657273.351047,2075.385700,109355.964941,109362.478864
962,-1,104.039999,90.677275,908792.235585,658298.693813,1965.840000,110238.900138,110246.602350
963,-1,103.679999,90.709132,909464.718820,658464.618350,1904.536700,110238.900051,110247.343935
964,-1,103.319999,90.772511,910118.025912,658711.654929,1781.390799,110326.599912,110336.628684
965,-1,102.959999,90.787444,910478.380834,660236.697483,1733.345500,111729.800038,111740.352833
966,-1,102.599999,90.751265,911277.794262,659878.461979,1810.809500,111203.599919,111213.159988
967,-1,102.239999,90.742722,911831.289546,660622.752813,1819.512700,111811.431627,111820.826575
968,-1,101.880000,90.727847,912462.903112,661032.939657,1845.126900,112080.599961,112089.644046
969,-1,101.520000,90.768335,913258.789972,660654.215020,1773.048100,111548.345788,111558.376288
970,-1,101.160000,90.859466,913978.761629,660625.885681,1598.132600,111379.000141,111391.532310
971,-1,100.799999,90.892703,911921.396649,675145.657494,1305.296300,126024.900105,126040.198265
972,-1,100.440000,90.903200,912747.344800,675032.844071,1286.348400,125761.800097,125777.427510
973,-1,100.079999,90.903504,913417.446479,675778.011872,1276.000000,126375.700061,126391.414324
974,-1,99.719999,90.930766,914140.436502,676260.294701,1210.154299,126726.500080,126743.223362
975,-1,99.360000,90.883032,914854.352725,676824.922836,1309.000000,127164.999943,127180.103831
976,-1,99.000000,90.797852,915561.887400,677465.269653,1490.861999,127684.270090,127696.650712
977,-1,98.640000,90.793772,916300.922995,677941.951442,1495.000000,128041.999936,128054.288580
978,-1,98.279999,90.768836,917058.790246,678320.667548,1547.206400,128305.099855,128316.652162
979,-1,97.920000,90.809504,917832.742438,678607.983903,1453.641099,128480.499891,128493.324263
980,-1,97.560000,90.871386,918609.576842,678890.580122,1312.176600,128655.899864,128670.780396
981,-1,97.200000,90.877239,919422.239587,678907.406204,1300.375700,128568.200060,128583.270872
982,-1,96.839999,90.855180,920297.941248,678389.708749,1359.151600,127947.355854,127961.609051
983,-1,96.479999,90.947267,921065.955788,678751.263800,1148.995700,128217.400127,128234.925482
984,-1,96.120000,90.985161,922792.332912,670206.849130,1213.472899,119535.099908,119552.772037
985,-1,95.760000,91.025453,924129.075646,664438.341310,1234.562800,113659.199872,113677.406068
986,-1,95.400000,91.038007,923494.544435,678739.439020,950.644100,127954.299931,127975.300917
987,-1,95.039999,91.025103,924318.283273,678550.500750,984.178199,127691.200017,127711.639926
988,-1,94.679999,90.969877,925167.793385,678006.619948,1117.686900,127077.299989,127095.508656
989,-1,94.319999,90.914651,925984.117867,677800.050151,1244.516900,126807.317565,126823.477006
990,-1,93.959999,90.938801,926820.711995,677252.002363,1201.000000,126200.299958,126217.242615
991,-1,93.600000,90.991792,927634.381299,676947.353038,1090.441100,125842.669984,125861.525923
992,-1,93.239999,90.966598,928443.105404,676651.101334,1151.594100,125498.699896,125516.560992
993,-1,92.880000,90.988802,929248.136930,676342.837514,1109.000000,125147.899931,125166.538887
994,-1,92.519999,91.027414,931294.733887,647724.481694,1539.031200,96464.764599,96480.275711
995,-1,92.159999,91.054089,930849.263977,675616.500384,981.000000,124351.850959,124372.898096
996,-1,91.800000,91.045832,931621.645634,675913.211405,994.000000,124621.699877,124642.463492
997,-1,91.440000,91.027752,932402.148667,676023.020241,1031.765400,124709.399992,124729.465905
998,-1,91.079999,91.006266,933183.877418,676127.935057,1077.005200,124797.100145,124816.349273
999,-1,90.719998,90.998251,935482.108058,555649.965384,3194.121499,4297.299861,4297.952173
1000,-1,90.359998,90.863579,935509.108988,555649.986709,3204.228400,4297.066711,4297.554849
1001,-1,90.000000,90.728881,935536.107950,555650.071683,3214.332400,4297.066865,4297.414593
