"OBJECTID","FEATURE_ID","HORIZ_ANG","ZENITH_ANG","VERTEX_X","VERTEX_Y","VERTEX_Z","DIST_2D","DIST_3D"
1,-1,90.000000,80.485872,936886.553740,550020.048494,3839.903200,87.695362,88.918446
2,-1,89.640097,80.343808,936887.104592,550020.046525,3840.126800,87.695124,88.955444
3,-1,89.280006,80.202359,936887.655772,550020.046197,3840.350500,87.699990,88.998035
4,-1,88.920022,80.060733,936888.206624,550020.032746,3840.573000,87.695192,89.031442
5,-1,88.559900,79.919989,936888.757804,550020.025528,3840.796000,87.700097,89.075032
6,-1,88.199992,79.779041,936889.308327,550020.005187,3841.017800,87.695328,89.109426
7,-1,87.840092,79.638690,936889.858851,550019.986158,3841.239700,87.695331,89.149072
8,-1,87.480102,79.498637,936890.409375,550019.963520,3841.461300,87.695189,89.189054
9,-1,87.119965,79.359254,936890.960227,550019.942523,3841.683000,87.700163,89.234616
10,-1,86.760029,79.219694,936891.510095,550019.908074,3841.903300,87.695116,89.270599
11,-1,86.399918,79.080743,936892.060290,550019.875266,3842.123800,87.695188,89.312176
12,-1,86.040087,78.942215,936892.609830,550019.838849,3842.343800,87.695079,89.354003
13,-1,85.679895,78.804032,936893.159698,550019.799151,3842.563500,87.695182,89.396502
14,-1,85.320001,78.666516,936893.709237,550019.760765,3842.783300,87.700031,89.444195
15,-1,84.960048,78.528854,936894.257793,550019.709256,3843.001600,87.695181,89.482598
16,-1,84.599937,78.391803,936894.806676,550019.659059,3843.220100,87.695130,89.526258
17,-1,84.239926,78.255445,936895.355559,550019.610175,3843.438700,87.699849,89.575120
18,-1,83.879929,78.119062,936895.903130,550019.548495,3843.655600,87.695168,89.614941
19,-1,83.520004,77.983249,936896.450702,550019.488128,3843.872800,87.695253,89.659992
20,-1,83.160027,77.847925,936896.997945,550019.424151,3844.089400,87.695176,89.705263
21,-1,82.800007,77.712948,936897.544859,550019.356894,3844.305700,87.695264,89.751131
22,-1,82.439904,77.578462,936898.091446,550019.286028,3844.521400,87.695195,89.797214
23,-1,82.079933,77.444588,936898.638033,550019.216475,3844.737400,87.699889,89.848505
24,-1,81.720084,77.310722,936899.182651,550019.134126,3844.951500,87.695099,89.890617
25,-1,81.359915,77.177544,936899.727926,550019.053089,3845.165800,87.695164,89.937997
26,-1,81.000060,77.044827,936900.272216,550018.968772,3845.379600,87.695300,89.985820
27,-1,80.640048,76.912539,936900.816178,550018.880845,3845.592900,87.695281,90.033862
28,-1,80.279984,76.780969,936901.360469,550018.794231,3845.806400,87.700074,90.087111
29,-1,79.919988,76.649331,936901.902462,550018.694822,3846.018000,87.695329,90.131118
30,-1,79.560033,76.518665,936902.445440,550018.601318,3846.230500,87.700033,90.184998
31,-1,79.200039,76.388027,936902.986122,550018.495019,3846.440900,87.695199,90.229582
32,-1,78.839976,76.258059,936903.527131,550018.390033,3846.651600,87.695178,90.279381
33,-1,78.479918,76.128622,936904.067484,550018.281765,3846.861699,87.695275,90.329615
34,-1,78.120051,75.999935,936904.607837,550018.174810,3847.072000,87.700119,90.384963
35,-1,77.759888,75.871173,936905.145894,550018.054731,3847.280199,87.695110,90.430700
36,-1,77.399931,75.743209,936905.683951,550017.936293,3847.488600,87.695168,90.481853
37,-1,77.039926,75.615715,936906.221351,550017.814574,3847.696500,87.695343,90.533445
38,-1,76.680019,75.488751,936906.757768,550017.689247,3847.903700,87.695241,90.585042
39,-1,76.320035,75.362258,936907.293528,550017.560638,3848.110400,87.695256,90.637071
40,-1,75.960065,75.236563,936907.829616,550017.433342,3848.317300,87.700086,90.694247
41,-1,75.599939,75.110923,936908.362751,550017.293250,3848.521800,87.695249,90.741901
42,-1,75.239941,74.986239,936908.897199,550017.159064,3848.727499,87.699922,90.799486
43,-1,74.879941,74.861621,936909.428366,550017.012411,3848.930800,87.695165,90.847772
44,-1,74.519938,74.737753,936909.959861,550016.867070,3849.134400,87.695224,90.901211
45,-1,74.159977,74.614715,936910.491684,550016.723041,3849.338200,87.700096,90.959769
46,-1,73.800003,74.491636,936911.019898,550016.566217,3849.539600,87.695135,91.008629
47,-1,73.439930,74.369718,936911.550081,550016.415627,3849.742100,87.700172,91.067833
48,-1,73.079940,74.247778,936912.076326,550016.252242,3849.942100,87.695285,91.117219
49,-1,72.719975,74.126616,936912.602900,550016.090168,3850.142400,87.695211,91.171729
50,-1,72.359986,74.006029,936913.128490,550015.924814,3850.342000,87.695174,91.226488
51,-1,71.999961,73.886015,936913.653095,550015.756180,3850.540900,87.695173,91.281492
52,-1,71.639885,73.766575,936914.176716,550015.584264,3850.739100,87.695212,91.336737
53,-1,71.279947,73.647690,936914.699025,550015.409067,3850.936600,87.695185,91.392120
54,-1,70.919931,73.529376,936915.220349,550015.230590,3851.133400,87.695197,91.447734
55,-1,70.560012,73.411827,936915.742002,550015.053425,3851.330600,87.700018,91.508460
56,-1,70.200010,73.294424,936916.259389,550014.863793,3851.524900,87.695124,91.559433
57,-1,69.839875,73.177864,936916.777433,550014.675473,3851.719500,87.695151,91.615587
58,-1,69.480081,73.061828,936917.293836,550014.484201,3851.913500,87.695302,91.672063
59,-1,69.119932,72.946682,936917.811223,550014.293912,3852.107699,87.700181,91.733494
60,-1,68.759960,72.831586,936918.323689,550014.091485,3852.299100,87.695428,91.785265
61,-1,68.400109,72.717583,936918.838124,550013.894635,3852.491800,87.700047,91.846742
62,-1,68.039977,72.603905,936919.349934,550013.689911,3852.682700,87.699840,91.903439
63,-1,67.680050,72.490660,936919.858463,550013.477969,3852.871700,87.695176,91.955673
64,-1,67.319921,72.378467,936920.369617,550013.271605,3853.062200,87.700130,92.017889
65,-1,66.960096,72.266330,936920.875193,550013.053101,3853.249700,87.695195,92.070123
66,-1,66.599996,72.155165,936921.381754,550012.835910,3853.437400,87.695314,92.127582
67,-1,66.240028,72.044515,936921.886674,550012.615438,3853.624400,87.695234,92.184982
68,-1,65.879980,71.934463,936922.390282,550012.391685,3853.810600,87.695084,92.242411
69,-1,65.519926,71.825064,936922.892578,550012.164979,3853.996000,87.695166,92.300151
70,-1,65.160053,71.716558,936923.395201,550011.939586,3854.181700,87.700040,92.362870
71,-1,64.799960,71.608174,936923.892576,550011.702054,3854.364200,87.695154,92.415650
72,-1,64.440018,71.500620,936924.390278,550011.465834,3854.547100,87.695058,92.473429
73,-1,64.080078,71.393999,936924.888637,550011.230926,3854.730300,87.699890,92.536300
74,-1,63.719931,71.287691,936925.383715,550010.988473,3854.911600,87.699965,92.594375
75,-1,63.360084,71.182092,936925.876824,550010.743066,3855.091900,87.699982,92.652392
76,-1,62.999923,71.076841,936926.366652,550010.490114,3855.270200,87.695245,92.705578
77,-1,62.639941,70.972499,936926.856809,550010.238474,3855.448800,87.695290,92.763694
78,-1,62.279925,70.868771,936927.345325,550009.983553,3855.626500,87.695130,92.821629
79,-1,61.920061,70.765715,936927.832200,550009.726008,3855.803400,87.695344,92.879957
80,-1,61.560032,70.663212,936928.317436,550009.464854,3855.979400,87.695062,92.937820
81,-1,61.199967,70.561705,936928.803655,550009.205340,3856.155799,87.700155,93.001181
82,-1,60.839943,70.460299,936929.283313,550008.934015,3856.328700,87.695200,93.054194
83,-1,60.479941,70.359796,936929.763627,550008.664002,3856.501999,87.695173,93.112273
84,-1,60.119922,70.260015,936930.242301,550008.391037,3856.674300,87.695230,93.170381
85,-1,59.760056,70.160805,936930.719006,550008.115119,3856.845800,87.695207,93.228424
86,-1,59.399961,70.062348,936931.194398,550007.836248,3857.016300,87.695435,93.286640
87,-1,59.040066,69.964421,936931.667495,550007.554096,3857.185900,87.695131,93.344324
88,-1,58.680079,69.867461,936932.141575,550007.273257,3857.355900,87.699920,93.407199
89,-1,58.319966,69.770693,936932.609094,550006.981263,3857.522300,87.695231,93.460204
90,-1,57.960102,69.674817,936933.076941,550006.690581,3857.689100,87.695294,93.518070
91,-1,57.600010,69.579592,936933.543147,550006.396618,3857.854900,87.695167,93.575670
92,-1,57.240084,69.485099,936934.007385,550006.100031,3858.019700,87.695231,93.633357
93,-1,56.879985,69.391475,936934.472607,550005.804428,3858.185000,87.700118,93.695989
94,-1,56.519972,69.298085,936934.930611,550005.497998,3858.346500,87.695457,93.748596
95,-1,56.160115,69.205483,936935.388944,550005.192552,3858.508500,87.695259,93.805800
96,-1,55.800073,69.113642,936935.845636,550004.884154,3858.669400,87.695155,93.862947
97,-1,55.440001,69.022742,936936.303312,550004.577068,3858.830800,87.700154,93.925276
98,-1,55.079977,68.932049,936936.753442,550004.259155,3858.988300,87.695418,93.977357
99,-1,54.719951,68.842194,936937.204229,550003.942227,3859.146299,87.695328,94.034186
100,-1,54.359983,68.753112,936937.653047,550003.622674,3859.303199,87.695421,94.091017
101,-1,54.000111,68.664643,936938.099568,550003.300168,3859.459099,87.695236,94.147453
102,-1,53.639971,68.576871,936938.544449,550002.974709,3859.614000,87.695160,94.203850
103,-1,53.280021,68.489767,936938.987034,550002.646626,3859.767900,87.695072,94.260089
104,-1,52.920078,68.403429,936939.427650,550002.315918,3859.920700,87.695164,94.316309
105,-1,52.559997,68.317740,936939.866297,550001.982257,3860.072499,87.695176,94.372298
106,-1,52.200066,68.232768,936940.302648,550001.645972,3860.223199,87.695170,94.428074
107,-1,51.839968,68.148443,936940.737030,550001.306733,3860.372900,87.695086,94.483613
108,-1,51.480082,68.065045,936941.172069,550000.968808,3860.523100,87.699902,94.544088
109,-1,51.120084,67.981977,936941.599233,550000.620711,3860.669100,87.695318,94.594473
110,-1,50.760001,67.899716,936942.027054,550000.273271,3860.815600,87.695119,94.649309
111,-1,50.399965,67.818268,936942.452906,549999.923534,3860.961000,87.695359,94.704331
112,-1,50.040021,67.737362,936942.876134,549999.570845,3861.105400,87.695114,94.758716
113,-1,49.680099,67.657265,936943.297393,549999.215858,3861.248700,87.695304,94.813274
114,-1,49.320074,67.577866,936943.716355,549998.857919,3861.390799,87.695219,94.867305
115,-1,48.960067,67.499109,936944.133021,549998.497356,3861.531900,87.695108,94.921112
116,-1,48.599905,67.421099,936944.547718,549998.134168,3861.671900,87.695189,94.974853
117,-1,48.240008,67.344088,936944.963072,549997.772292,3861.812300,87.700151,95.033428
118,-1,47.880003,67.267173,936945.369567,549997.400245,3861.948500,87.695088,95.081305
119,-1,47.519917,67.191354,936945.777375,549997.029511,3862.085100,87.695342,95.134409
120,-1,47.159939,67.116172,936946.182557,549996.656152,3862.220600,87.695350,95.187025
121,-1,46.800051,67.041624,936946.585116,549996.280169,3862.355000,87.695109,95.239147
122,-1,46.440073,66.967926,936946.985705,549995.901889,3862.488200,87.695308,95.291365
123,-1,46.080009,66.894801,936947.383671,549995.520656,3862.620300,87.695020,95.342862
124,-1,45.719941,66.822737,936947.782948,549995.140735,3862.752900,87.700052,95.399601
125,-1,45.359983,66.750818,936948.172711,549994.751300,3862.881100,87.695091,95.445572
126,-1,45.000000,66.680177,936948.567067,549994.366459,3863.011400,87.700088,95.501669
127,-1,44.640016,66.609716,936948.951909,549993.972102,3863.137200,87.695091,95.546953
128,-1,44.280020,66.540261,936949.338063,549993.579059,3863.263600,87.695412,95.597497
129,-1,43.919990,66.471422,936949.721264,549993.183062,3863.388700,87.695020,95.647009
130,-1,43.559926,66.403422,936950.102497,549992.785097,3863.512700,87.695308,95.696842
131,-1,43.199948,66.336033,936950.480777,549992.384507,3863.635500,87.695109,95.745882
132,-1,42.840060,66.269477,936950.856761,549991.981949,3863.757100,87.695350,95.794974
133,-1,42.480082,66.203530,936951.230120,549991.576766,3863.877600,87.695342,95.843524
134,-1,42.119996,66.138301,936951.600854,549991.168958,3863.996799,87.695088,95.891450
135,-1,41.759962,66.073899,936951.969291,549990.759182,3864.114800,87.695274,95.939415
136,-1,41.400094,66.010150,936952.334776,549990.347110,3864.231600,87.695189,95.986766
137,-1,41.040094,65.947116,936952.697964,549989.932740,3864.347299,87.695324,96.033988
138,-1,40.679925,65.884794,936953.058528,549989.515747,3864.461700,87.695219,96.080576
139,-1,40.319900,65.823232,936953.416467,549989.096784,3864.574900,87.695304,96.126960
140,-1,39.959978,65.762367,936953.771453,549988.675525,3864.686800,87.695114,96.172669
141,-1,39.600034,65.702264,936954.124143,549988.252298,3864.797600,87.695359,96.218432
142,-1,39.239998,65.642804,936954.473879,549987.826445,3864.907100,87.695119,96.263322
143,-1,38.879915,65.584212,936954.821320,549987.398625,3865.015300,87.695318,96.308177
144,-1,38.519876,65.523442,936955.165807,549986.968508,3865.127500,87.695240,96.354539
145,-1,38.160031,65.453574,936955.507342,549986.536422,3865.256599,87.695086,96.407960
146,-1,37.799933,65.384545,936955.846580,549986.102039,3865.384400,87.695170,96.461198
147,-1,37.439970,65.324938,936956.186803,549985.668641,3865.497099,87.700097,96.512672
148,-1,37.079921,65.281974,936956.516526,549985.227041,3865.574500,87.695164,96.540529
149,-1,36.719978,65.239861,936956.847234,549984.786425,3865.652600,87.695072,96.573129
150,-1,36.360028,65.198790,936957.175318,549984.343841,3865.728900,87.695160,96.605190
151,-1,35.999888,65.158658,936957.500776,549983.898960,3865.803499,87.695236,96.636575
152,-1,35.640016,65.119439,936957.823282,549983.452438,3865.876500,87.695421,96.667433
153,-1,35.279963,65.081089,936958.146772,549983.006245,3865.950000,87.700058,96.702585
154,-1,34.920022,65.043831,936958.459764,549982.552834,3866.017200,87.695418,96.726712
155,-1,34.560045,65.007485,936958.773740,549982.100079,3866.084900,87.695422,96.755299
156,-1,34.199926,64.971951,936959.084763,549981.645027,3866.151000,87.695155,96.783003
157,-1,33.839884,64.937495,936959.393161,549981.188335,3866.215300,87.695259,96.810317
158,-1,33.480027,64.903993,936959.698607,549980.730003,3866.277900,87.695457,96.837031
159,-1,33.119983,64.871407,936960.001099,549980.269374,3866.338699,87.695387,96.862771
160,-1,32.759915,64.839672,936960.300639,549979.806776,3866.397900,87.695231,96.887784
161,-1,32.399989,64.808994,936960.597227,549979.342539,3866.455200,87.695167,96.912101
162,-1,32.039897,64.779234,936960.891189,549978.876332,3866.510899,87.695294,96.935937
163,-1,31.680033,64.750404,936961.181871,549978.408485,3866.564799,87.695231,96.958860
164,-1,31.319975,64.722544,936961.469928,549977.938670,3866.617000,87.695362,96.981256
165,-1,30.959970,64.695549,936961.758970,549977.469511,3866.669800,87.700138,97.008131
166,-1,30.600038,64.669697,936962.036856,549976.993790,3866.716000,87.695435,97.023636
167,-1,30.239943,64.644558,936962.315727,549976.518397,3866.763000,87.695207,97.043548
168,-1,29.880077,64.620506,936962.591645,549976.041692,3866.808099,87.695230,97.062891
169,-1,29.520058,64.597296,936962.864611,549975.563019,3866.851599,87.695173,97.081491
170,-1,29.160056,64.575130,936963.134623,549975.082705,3866.893200,87.695200,97.099369
171,-1,28.800059,64.553898,936963.401683,549974.600750,3866.933099,87.695311,97.116606
172,-1,28.439967,64.533488,936963.665462,549974.116827,3866.971300,87.695062,97.132800
173,-1,28.080051,64.514055,936963.930553,549973.633889,3867.010100,87.699898,97.153855
174,-1,27.720074,64.495705,936964.184162,549973.144716,3867.042300,87.695130,97.163411
175,-1,27.360058,64.478238,936964.439083,549972.656200,3867.075200,87.695290,97.177727
176,-1,27.000076,64.461682,936964.690723,549972.166044,3867.106300,87.695245,97.191090
177,-1,26.640015,64.446056,936964.939410,549971.674247,3867.135700,87.695287,97.203806
178,-1,26.279956,64.431339,936965.184816,549971.180809,3867.163300,87.695123,97.215567
179,-1,25.919982,64.417642,936965.427270,549970.686060,3867.189100,87.695194,97.226769
180,-1,25.559981,64.404852,936965.666442,549970.189670,3867.213099,87.695058,97.237012
181,-1,25.200039,64.393027,936965.902662,549969.691967,3867.235400,87.695154,97.246735
182,-1,24.839950,64.382184,936966.135930,549969.192624,3867.255900,87.695343,97.255766
183,-1,24.480073,64.372154,936966.365588,549968.691969,3867.274699,87.695166,97.263737
184,-1,24.120019,64.363157,936966.592294,549968.189674,3867.291600,87.695084,97.270974
185,-1,23.759971,64.355124,936966.816046,549967.686066,3867.306800,87.695234,97.277686
186,-1,23.400003,64.348030,936967.036518,549967.181146,3867.320200,87.695314,97.283559
187,-1,23.040001,64.337266,937047.953679,550000.996367,3909.475100,175.390519,194.584555
188,-1,22.680007,64.317609,937048.381828,549999.980949,3909.549199,175.390569,194.616702
189,-1,22.320048,64.298577,937048.803415,549998.962906,3909.620899,175.390476,194.647703
190,-1,21.959970,64.280165,937049.218769,549997.941911,3909.690300,175.390420,194.677760
191,-1,21.599998,64.262393,937049.627561,549996.918619,3909.757300,175.390345,194.706777
192,-1,21.239978,64.245256,937050.030119,549995.892702,3909.822000,175.390431,194.734960
193,-1,20.880035,64.228784,937050.426115,549994.864489,3909.884200,175.390493,194.762051
194,-1,20.520056,64.212880,937050.815550,549993.833651,3909.944200,175.390412,194.788072
195,-1,20.159987,64.197664,937051.198752,549992.800189,3910.001699,175.390497,194.813170
196,-1,19.799953,64.183057,937051.575391,549991.764430,3910.056900,175.390558,194.837257
197,-1,19.439975,64.169020,937051.945141,549990.726374,3910.109800,175.390282,194.860053
198,-1,19.079967,64.155684,937052.308658,549989.686022,3910.160200,175.390288,194.882023
199,-1,18.720052,64.142942,937052.665612,549988.643701,3910.208400,175.390371,194.903115
200,-1,18.360012,64.130821,937053.016005,549987.598756,3910.254200,175.390321,194.923049
201,-1,18.000038,64.119347,937053.359837,549986.551842,3910.297600,175.390347,194.942013
202,-1,17.640013,64.119030,937053.697106,549985.502631,3910.298800,175.390348,194.942537
203,-1,17.280024,64.143663,937054.027814,549984.451452,3910.205700,175.390423,194.901984
204,-1,16.919956,64.168965,937054.351961,549983.397977,3910.110100,175.390476,194.860358
205,-1,16.560031,64.194975,937054.669217,549982.342861,3910.011799,175.390383,194.817464
206,-1,16.199967,64.221722,937054.980240,549981.285448,3909.910900,175.390586,194.773744
207,-1,15.840016,64.249125,937055.284373,549980.226395,3909.807500,175.390638,194.728846
208,-1,15.479958,64.277161,937055.581617,549979.165045,3909.701600,175.390360,194.682610
209,-1,15.120030,64.305999,937055.872627,549978.102384,3909.592999,175.390648,194.635760
210,-1,14.760031,64.335815,937056.165933,549977.040050,3909.485200,175.400162,194.597621
211,-1,14.399956,64.365579,937056.433977,549975.970826,3909.368400,175.390417,194.538278
212,-1,14.039960,64.396411,937056.704646,549974.902587,3909.252299,175.390384,194.488049
213,-1,13.679964,64.427944,937056.968753,549973.832707,3909.133700,175.390512,194.436942
214,-1,13.319980,64.460138,937057.225971,549972.761187,3909.012600,175.390482,194.384672
215,-1,12.959969,64.493062,937057.476626,549971.688026,3908.888900,175.390612,194.331490
216,-1,12.599940,64.526597,937057.720392,549970.613225,3908.762900,175.390586,194.277241
217,-1,12.239984,64.560831,937057.957268,549969.537112,3908.634300,175.390473,194.221864
218,-1,11.879970,64.596082,937058.196769,549968.461327,3908.506500,175.399918,194.175533
219,-1,11.519976,64.631337,937058.411008,549967.380292,3908.369800,175.390485,194.108406
220,-1,11.160023,64.666003,936972.590641,549949.326522,3866.722800,87.695178,97.026314
221,-1,10.799960,64.691846,936972.695628,549948.785513,3866.674400,87.695199,97.005633
222,-1,10.440088,64.718706,936972.797334,549948.244176,3866.624200,87.695397,96.984362
223,-1,10.080011,64.746420,936972.895431,549947.701854,3866.572300,87.695329,96.962148
224,-1,9.720015,64.775038,936972.994840,549947.159860,3866.520999,87.700074,96.944565
225,-1,9.359951,64.804743,936973.081454,549946.615570,3866.463200,87.695281,96.915610
226,-1,8.999939,64.835301,936973.169380,549946.071608,3866.406099,87.695300,96.891333
227,-1,8.640084,64.866799,936973.253698,549945.527317,3866.347200,87.695164,96.866179
228,-1,8.279915,64.899242,936973.334734,549944.982043,3866.286600,87.695099,96.840397
229,-1,7.920054,64.932668,936973.412490,549944.436768,3866.224300,87.695249,96.814121
230,-1,7.560095,64.967026,936973.486637,549943.890838,3866.160200,87.695195,96.786931
231,-1,7.199992,65.002347,936973.557503,549943.344251,3866.094400,87.695264,96.759170
232,-1,6.839972,65.038561,936973.624760,549942.797336,3866.026900,87.695176,96.730585
233,-1,6.479995,65.075805,936973.688736,549942.250093,3865.957599,87.695253,96.701430
234,-1,6.120070,65.113892,936973.749103,549941.702522,3865.886700,87.695168,96.671496
235,-1,5.759948,65.153003,936973.806190,549941.154295,3865.814000,87.695213,96.640966
236,-1,5.400062,65.193022,936973.859667,549940.606067,3865.739600,87.695130,96.609652
237,-1,5.039951,65.234016,936973.909864,549940.057184,3865.663500,87.695181,96.577794
238,-1,4.680047,65.275920,936973.956452,549939.508301,3865.585700,87.695100,96.545154
239,-1,4.320104,65.318810,936973.999759,549938.959089,3865.506200,87.695182,96.512005
240,-1,3.959912,65.362602,936974.039457,549938.409221,3865.425000,87.695079,96.478033
241,-1,3.600081,65.407396,936974.075874,549937.859682,3865.342099,87.695188,96.443603
242,-1,3.239970,65.453095,936974.108683,549937.309486,3865.257500,87.695116,96.408361
243,-1,2.879981,65.499794,936974.138210,549936.759290,3865.171200,87.695231,96.372646
244,-1,2.519897,65.547409,936974.164129,549936.208767,3865.083199,87.695189,96.336147
245,-1,2.159907,65.596026,936974.186767,549935.658243,3864.993500,87.695331,96.299180
246,-1,1.800007,65.645513,936974.205795,549935.107719,3864.902200,87.695328,96.261491
247,-1,1.440099,65.695936,936974.226137,549934.557195,3864.811400,87.700097,96.228429
248,-1,1.079977,65.747395,936974.233354,549934.006015,3864.714400,87.695192,96.184075
249,-1,0.720031,65.799768,936974.242213,549933.455163,3864.618100,87.695397,96.144745
250,-1,0.359902,65.853047,936974.247134,549932.903983,3864.520000,87.695124,96.104324
251,-1,0.000000,65.907367,936974.249102,549932.353131,3864.420300,87.695362,96.063799
252,-1,359.640097,65.962488,936974.247134,549931.802279,3864.319000,87.695124,96.022274
253,-1,359.279968,66.018708,936974.242213,549931.251099,3864.216000,87.695397,95.980615
254,-1,358.920022,66.075790,936974.233354,549930.700247,3864.111300,87.695192,95.937921
255,-1,358.559900,66.133774,936974.226137,549930.149067,3864.007300,87.700097,95.900278
256,-1,358.199992,66.192861,936974.205795,549929.598544,3863.897100,87.695328,95.851381
257,-1,357.840092,66.252829,936974.186767,549929.048020,3863.787500,87.695331,95.807195
258,-1,357.480102,66.313694,936974.164129,549928.497496,3863.676300,87.695189,95.762338
259,-1,357.120018,66.375593,936974.138210,549927.946972,3863.563400,87.695231,95.717078
260,-1,356.760029,66.438335,936974.108683,549927.396776,3863.448999,87.695116,95.671186
261,-1,356.399918,66.502117,936974.075874,549926.846581,3863.332899,87.695188,95.624902
262,-1,356.040096,66.566763,936974.044378,549926.296713,3863.217399,87.700011,95.583334
263,-1,355.679895,66.632472,936973.999759,549925.747173,3863.095900,87.695182,95.530647
264,-1,355.319952,66.699105,936973.956452,549925.197962,3862.974900,87.695100,95.482644
265,-1,354.960048,66.766671,936973.909864,549924.649078,3862.852400,87.695181,95.434330
266,-1,354.599937,66.835158,936973.859667,549924.100195,3862.728300,87.695130,95.385397
267,-1,354.240051,66.904631,936973.806190,549923.551968,3862.602600,87.695213,95.336095
268,-1,353.879929,66.975031,936973.749103,549923.003740,3862.475300,87.695168,95.286190
269,-1,353.520004,67.046422,936973.688736,549922.456169,3862.346399,87.695253,95.235926
270,-1,353.160027,67.118682,936973.624760,549921.908926,3862.216000,87.695176,95.185076
271,-1,352.800007,67.191946,936973.557503,549921.362011,3862.084000,87.695264,95.133911
272,-1,352.440115,67.266120,936973.491558,549920.815097,3861.952500,87.700116,95.087488
273,-1,352.079945,67.341336,936973.412490,549920.269494,3861.815200,87.695249,95.030021
274,-1,351.720084,67.417402,936973.334734,549919.724219,3861.678499,87.695099,94.977303
275,-1,351.359915,67.494438,936973.253698,549919.178945,3861.540299,87.695164,94.924379
276,-1,351.000060,67.572469,936973.169380,549918.634655,3861.400500,87.695300,94.871081
277,-1,350.640048,67.651447,936973.081454,549918.090693,3861.259100,87.695281,94.817207
278,-1,350.279984,67.731225,936972.994840,549917.546402,3861.118400,87.700074,94.768232
279,-1,349.919988,67.812155,936972.895431,549917.004409,3860.971900,87.695329,94.708419
280,-1,349.559911,67.894003,936972.797334,549916.462087,3860.825900,87.695397,94.653443
281,-1,349.200039,67.976672,936972.695628,549915.920749,3860.678499,87.695199,94.597888
282,-1,348.839976,68.060321,936972.590641,549915.379740,3860.529599,87.695178,94.542134
283,-1,348.479918,68.144996,936972.482374,549914.839387,3860.379100,87.695275,94.486096
284,-1,348.120051,68.230501,936972.375418,549914.299033,3860.229200,87.700119,94.434895
285,-1,347.759888,68.317048,936972.255340,549913.760977,3860.073699,87.695110,94.372681
286,-1,347.399931,68.404503,936972.136902,549913.222920,3859.918800,87.695168,94.315613
287,-1,347.039926,68.492938,936972.015183,549912.685520,3859.762400,87.695343,94.258324
288,-1,346.680019,68.582268,936971.889855,549912.149103,3859.604500,87.695241,94.200455
289,-1,346.320035,68.672528,936971.761246,549911.613343,3859.445200,87.695256,94.142416
290,-1,345.959961,68.763776,936971.629357,549911.078239,3859.284400,87.695391,94.084178
291,-1,345.599939,68.855929,936971.493859,549910.544120,3859.122099,87.695249,94.025380
292,-1,345.240033,68.938567,937056.156747,549887.668837,3892.747800,175.390610,187.946236
293,-1,344.879969,69.021203,937055.872627,549886.603879,3892.457500,175.390648,187.842143
294,-1,344.520015,69.104708,937055.590803,549885.538592,3892.168000,175.399914,187.747346
295,-1,344.159983,69.187854,937055.284373,549884.479867,3891.873000,175.390638,187.633663
296,-1,343.800032,69.271899,937054.980240,549883.420814,3891.578700,175.390586,187.529249
297,-1,343.439968,69.356393,937054.669217,549882.363402,3891.283100,175.390383,187.424641
298,-1,343.080043,69.441414,937054.351961,549881.308286,3890.986099,175.390476,187.320225
299,-1,342.720047,69.527306,937054.037001,549880.252186,3890.689900,175.399974,187.225314
300,-1,342.359986,69.612739,937053.697106,549879.203631,3890.388500,175.390348,187.111086
301,-1,341.999961,69.699126,937053.359837,549878.154421,3890.087700,175.390347,187.006510
302,-1,341.639987,69.785923,937053.016005,549877.107507,3889.785800,175.390321,186.901956
303,-1,341.279947,69.873200,937052.665612,549876.062561,3889.482600,175.390371,186.797455
304,-1,340.920000,69.961384,937052.317844,549875.016960,3889.180100,175.400042,186.702666
305,-1,340.560024,70.049065,937051.945141,549873.979888,3888.872600,175.390282,186.588350
306,-1,340.200046,70.137670,937051.575391,549872.941833,3888.565900,175.390558,186.484182
307,-1,339.840012,70.226686,937051.198752,549871.906074,3888.258000,175.390497,186.379737
308,-1,339.479943,70.316147,937050.815550,549870.872611,3887.948900,175.390412,186.275316
309,-1,339.119964,70.406014,937050.426115,549869.841773,3887.638800,175.390493,186.171170
310,-1,338.760021,70.496316,937050.030119,549868.813560,3887.327500,175.390431,186.066948
311,-1,338.400001,70.587006,937049.627561,549867.787644,3887.015199,175.390345,185.962832
312,-1,338.040029,70.678135,937049.218769,549866.764352,3886.701800,175.390420,185.858972
313,-1,337.679951,70.769684,937048.803415,549865.743356,3886.387300,175.390476,185.755202
314,-1,337.319992,70.861630,937048.381828,549864.725314,3886.071800,175.390569,185.651614
315,-1,336.959998,70.953956,937047.953679,549863.709896,3885.755300,175.390519,185.548042
316,-1,336.599996,71.046693,937047.519297,549862.697103,3885.437800,175.390629,185.444781
317,-1,336.240028,71.139828,937047.078353,549861.687262,3885.119200,175.390468,185.341393
318,-1,335.880024,71.233317,937046.631175,549860.680046,3884.799799,175.390468,185.238390
319,-1,335.519970,71.327248,937046.177764,549859.675455,3884.479300,175.390632,185.135684
320,-1,335.160004,71.421478,937045.717791,549858.674145,3884.158000,175.390388,185.032835
321,-1,334.800005,71.516152,937045.251913,549857.675459,3883.835700,175.390606,184.930608
322,-1,334.439967,71.611169,937044.779473,549856.679726,3883.512500,175.390555,184.828347
323,-1,334.080017,71.706544,937044.300800,549855.687274,3883.188400,175.390388,184.726203
324,-1,333.719947,71.802307,937043.815892,549854.697447,3882.863400,175.390393,184.624453
325,-1,333.359984,71.898428,937043.325080,549853.710900,3882.537600,175.390574,184.523139
326,-1,333.000019,71.994851,937042.827705,549852.727634,3882.211000,175.390342,184.421704
327,-1,332.640036,72.123391,937042.324426,549851.747321,3881.776300,175.390430,184.287885
328,-1,332.279975,72.255558,937041.814912,549850.769961,3881.330000,175.390550,184.151489
329,-1,331.919998,72.388658,937041.307695,549849.791617,3880.884200,175.400086,184.025201
330,-1,331.559988,72.523041,937040.777513,549848.825411,3880.428700,175.390570,183.878821
331,-1,331.200034,72.658392,937040.249627,549847.858221,3879.973600,175.390465,183.742557
332,-1,330.839943,72.794842,937039.715507,549846.893985,3879.515499,175.390400,183.606470
333,-1,330.479994,72.932386,937039.175810,549845.933357,3879.054500,175.390631,183.470859
334,-1,330.120015,73.070948,937038.629551,549844.976337,3878.590600,175.390297,183.334921
335,-1,329.759964,73.210670,937038.077715,549844.022271,3878.123700,175.390580,183.199781
336,-1,329.399999,73.351396,937037.519645,549843.072142,3877.654000,175.390420,183.064505
337,-1,329.039974,73.493216,937036.955670,549842.125293,3877.181400,175.390431,182.929675
338,-1,328.679968,73.636117,937036.385789,549841.182054,3876.705900,175.390445,182.795155
339,-1,328.319966,73.780101,937035.810003,549840.242423,3876.227499,175.390463,182.660966
340,-1,327.959955,73.925141,937035.228311,549839.306401,3875.746300,175.390484,182.527160
341,-1,327.600010,74.071223,937034.640714,549838.374317,3875.262300,175.390334,182.393592
342,-1,327.239994,74.218405,937034.047539,549837.445513,3874.775500,175.390641,182.260890
343,-1,326.879957,74.366641,937033.448131,549836.520646,3874.285800,175.390499,182.128179
344,-1,326.520003,74.515920,937032.843145,549835.599716,3873.793400,175.390460,181.996067
345,-1,326.159967,74.666297,937032.232254,549834.682395,3873.298100,175.390428,181.864432
346,-1,325.799984,74.817689,937031.615786,549833.769011,3872.800200,175.390495,181.733466
347,-1,325.439981,74.970169,937030.993411,549832.859564,3872.299400,175.390389,181.602852
348,-1,325.080004,75.123667,937030.365460,549831.954054,3871.796000,175.390380,181.472952
349,-1,324.720038,75.278249,937029.731931,549831.052481,3871.289800,175.390467,181.343737
350,-1,324.360008,75.433831,937029.092497,549830.154845,3870.781000,175.390384,181.215026
351,-1,323.999961,75.590499,937028.447485,549829.261146,3870.269400,175.390399,181.087051
352,-1,323.640034,75.748199,937027.797224,549828.371712,3869.755200,175.390585,180.959957
353,-1,323.279999,75.906906,937027.141057,549827.486215,3869.238400,175.390603,180.833442
354,-1,322.919992,76.066657,937026.479313,549826.604983,3868.718900,175.390526,180.707572
355,-1,322.559997,76.227423,937025.811991,549825.728016,3868.196800,175.390352,180.582396
356,-1,322.199981,76.389241,937025.139421,549824.854987,3867.672100,175.390541,180.458384
357,-1,321.840034,76.552061,937024.461272,549823.986550,3867.144799,175.390431,180.334919
358,-1,321.479972,76.715885,937023.777547,549823.122050,3866.615000,175.390427,180.212441
359,-1,321.120016,76.880732,937023.088572,549822.262144,3866.082599,175.390381,180.090806
360,-1,320.760069,77.046588,937022.394347,549821.406503,3865.547700,175.390493,179.970258
361,-1,320.400048,77.213434,937021.694546,549820.555126,3865.010299,175.390510,179.850575
362,-1,320.039939,77.381273,937020.989166,549819.708015,3864.470400,175.390438,179.731785
363,-1,319.680030,77.550080,937020.278866,549818.865825,3863.928100,175.390358,179.614015
364,-1,319.319992,77.719943,937019.563316,549818.027572,3863.383200,175.390652,179.497617
365,-1,318.959986,77.890708,937018.842189,549817.194241,3862.836000,175.390432,179.381815
366,-1,318.599975,78.062471,937018.116141,549816.365174,3862.286400,175.390625,179.267516
367,-1,318.240037,78.235216,937017.384843,549815.541029,3861.734300,175.390549,179.154056
368,-1,317.879995,78.408911,937016.648296,549814.721149,3861.179900,175.390640,179.041930
369,-1,317.519996,78.583527,937015.906499,549813.906190,3860.623200,175.390462,178.930731
370,-1,317.160017,78.759124,937015.159782,549813.095824,3860.064100,175.390476,178.820917
371,-1,316.799951,78.935518,937014.414704,549812.283489,3859.505000,175.399957,178.722075
372,-1,316.440000,79.113092,937013.650926,549811.489200,3858.939100,175.390378,178.604928
373,-1,316.080006,79.291509,937012.889117,549810.692941,3858.373100,175.390505,178.499017
374,-1,315.719981,79.474446,937012.122058,549809.901604,3857.793400,175.390361,178.392070
375,-1,315.359982,79.660091,937011.350406,549809.114861,3857.205900,175.390647,178.285966
376,-1,315.000000,79.846352,937010.580395,549808.326476,3856.618800,175.400177,178.190905
377,-1,314.640017,80.033524,937009.792010,549807.556465,3856.026100,175.390647,178.077989
378,-1,314.279982,80.221196,937009.011828,549806.777923,3855.435800,175.399875,177.985868
379,-1,313.919993,80.409808,937008.213929,549806.017754,3854.840000,175.390505,177.876404
380,-1,313.559999,80.598978,937007.417671,549805.255944,3854.244700,175.390378,177.778071
381,-1,313.200026,80.788844,937006.616820,549804.499056,3853.647900,175.390443,177.681627
382,-1,312.839982,80.979389,937005.811047,549803.747089,3853.049600,175.390476,177.586870
383,-1,312.480003,81.170580,937005.000681,549803.000372,3852.449900,175.390462,177.493817
384,-1,312.120005,81.362366,937004.191956,549802.251685,3851.850400,175.399931,177.412149
385,-1,311.759962,81.554966,937003.365842,549801.522028,3851.246100,175.390549,177.313118
386,-1,311.400024,81.748090,937002.541697,549800.790730,3850.642200,175.390625,177.225511
387,-1,311.040013,81.941838,937001.712630,549800.064682,3850.036900,175.390432,177.139457
388,-1,310.680007,82.136208,937000.879298,549799.343555,3849.430300,175.390652,177.055661
389,-1,310.319996,82.331086,937000.047279,549798.620787,3848.823900,175.399895,176.982874
390,-1,309.960060,82.526746,936999.198856,549797.917705,3848.213099,175.390438,176.893023
391,-1,309.600004,82.680035,937669.140429,548986.368475,3982.916900,1227.733235,1237.821347
392,-1,309.239995,82.768219,937663.181123,548981.469862,3980.996499,1227.733311,1237.578210
393,-1,308.880004,82.856031,937657.233301,548976.557143,3979.093299,1227.800047,1237.406287
394,-1,308.520001,82.955231,937651.212643,548971.733661,3976.934599,1227.800067,1237.139698
395,-1,308.159999,83.055966,937645.120464,548967.000731,3974.735300,1227.733167,1236.805483
396,-1,307.800001,83.139010,937692.789332,548892.960525,3983.481499,1315.428759,1324.916607
397,-1,307.440007,83.216292,937686.242757,548887.915588,3981.681800,1315.428564,1324.702625
398,-1,307.079998,83.293500,937679.664358,548882.911661,3979.884400,1315.428391,1324.491344
399,-1,306.720004,83.370627,937673.055119,548877.949072,3978.089500,1315.428576,1324.283114
400,-1,306.360006,83.447674,937666.414713,548873.028150,3976.297000,1315.428657,1324.077453
401,-1,305.999991,83.524637,937659.743138,548868.148895,3974.507000,1315.428638,1323.874371
402,-1,305.639996,83.610463,937653.041380,548863.311962,3972.511499,1315.428570,1323.650744
403,-1,305.279998,83.703777,937646.309438,548858.517024,3970.342699,1315.428715,1323.411283
404,-1,304.920000,83.797084,937639.547312,548853.764737,3968.174799,1315.428540,1323.175112
405,-1,304.560000,83.890280,937632.796014,548848.996046,3966.017900,1315.499945,1323.014796
406,-1,304.199997,83.984538,937625.934151,548844.387787,3963.821800,1315.428440,1322.711751
407,-1,303.839995,84.080328,937619.083771,548839.763453,3961.598600,1315.428618,1322.480792
408,-1,303.479996,84.155863,937660.581063,548762.037887,3968.822000,1403.123682,1410.454423
409,-1,303.120001,84.232643,937653.212639,548757.197673,3966.922300,1403.123736,1410.262310
410,-1,302.760005,84.348121,937645.814032,548752.403719,3964.066100,1403.123945,1409.978364
411,-1,302.399998,84.456097,937591.395506,548821.700169,3952.884500,1315.428416,1321.610293
412,-1,302.040003,84.548212,937584.403394,548817.293353,3950.750100,1315.428617,1321.406000
413,-1,301.679993,84.639608,937577.383395,548812.930501,3948.633000,1315.428689,1321.206611
414,-1,301.320008,84.730283,937570.336493,548808.612268,3946.533200,1315.428591,1321.012005
415,-1,300.960004,84.836867,937563.262360,548804.337999,3944.065800,1315.428711,1320.787793
416,-1,300.599995,84.947951,937556.161324,548800.108348,3941.495100,1315.428662,1320.558884
417,-1,300.240004,85.059555,937549.070131,548795.861966,3938.919400,1315.499957,1320.405589
418,-1,299.879999,85.152970,937585.569074,548715.745656,3944.189300,1403.123724,1408.159528
419,-1,299.520002,85.239070,937577.911281,548711.377555,3942.065900,1403.123874,1407.981850
420,-1,299.159995,85.322036,937570.225929,548707.057682,3940.020300,1403.123872,1407.813542
421,-1,298.799994,85.435337,937562.550419,548702.719436,3937.233600,1403.200105,1407.665004
422,-1,298.440000,85.553619,937554.774844,548698.563604,3934.312900,1403.123673,1407.359371
423,-1,298.080006,85.670749,937547.009768,548694.389400,3931.427600,1403.123788,1407.138740
424,-1,297.720007,85.786713,937539.218445,548690.264080,3928.571900,1403.123810,1406.926074
425,-1,297.359999,85.901522,937531.401203,548686.187645,3925.745500,1403.123897,1406.721330
426,-1,297.000004,86.015180,937523.558699,548682.160750,3922.948200,1403.123768,1406.524043
427,-1,296.640003,86.127704,937515.690933,548678.183067,3920.179600,1403.123714,1406.334305
428,-1,296.279996,86.239079,937507.832025,548674.186356,3917.445000,1403.200036,1406.228434
429,-1,295.920001,86.349395,937499.881253,548670.376324,3914.727100,1403.123693,1405.976586
430,-1,295.559996,86.464975,937491.972804,548666.478694,3911.890199,1403.200033,1405.875001
431,-1,295.199999,86.577743,937483.974789,548662.768728,3909.113700,1403.123824,1405.630464
432,-1,294.840000,86.762563,937476.018112,548658.970835,3904.576600,1403.200170,1405.443147
433,-1,294.479996,86.962728,937504.346139,548575.476252,3904.313100,1490.899833,1492.997079
434,-1,294.120004,87.053146,937495.808755,548571.621273,3901.953899,1490.900018,1492.874119
435,-1,293.759999,87.138716,937487.214284,548567.894246,3899.717500,1490.818949,1492.679849
436,-1,293.399995,87.260417,937478.629327,548564.146878,3896.543300,1490.819188,1492.525005
437,-1,293.040000,87.467773,937470.021077,548560.453972,3891.136499,1490.819048,1492.276212
438,-1,292.680003,87.671924,937461.389860,548556.814872,3885.815000,1490.819260,1492.050784
439,-1,292.319998,87.872913,937452.735678,548553.230233,3880.577399,1490.819222,1491.847166
440,-1,291.959995,88.070799,937444.059186,548549.700057,3875.422000,1490.819186,1491.664678
441,-1,291.599996,88.265625,937435.360713,548546.224670,3870.347500,1490.818971,1491.502255
442,-1,291.240000,88.457164,937426.670114,548542.728286,3865.361800,1490.900032,1491.440717
443,-1,290.879997,88.628785,937449.185488,548457.421370,3862.992400,1578.600071,1579.052251
444,-1,290.519999,88.782264,937439.877108,548453.995852,3858.759800,1578.514173,1578.870756
445,-1,290.160003,88.930403,937430.607114,548450.467972,3854.678499,1578.599917,1578.875023
446,-1,289.799999,89.072235,937421.256410,548447.159251,3850.768200,1578.514430,1578.721395
447,-1,289.440004,89.208602,937411.914238,548443.829205,3847.010400,1578.514216,1578.664806
448,-1,289.079996,89.339382,937402.551067,548440.557558,3843.406800,1578.514261,1578.619190
449,-1,288.720002,89.465781,937393.195443,548437.263602,3839.924900,1578.600176,1578.668796
450,-1,288.359997,89.612844,937383.764359,548434.191429,3835.872200,1578.514138,1578.550175
451,-1,288.000001,89.757430,937374.341478,548431.096947,3831.888700,1578.514177,1578.528323
452,-1,287.639996,89.899509,937364.925158,548427.979828,3827.974500,1578.600092,1578.602520
453,-1,287.279994,90.039607,937355.437973,548425.085805,3824.114600,1578.514243,1578.514620
454,-1,286.920005,90.177311,937345.958661,548422.169472,3820.320800,1578.514354,1578.521913
455,-1,286.560002,90.312593,937336.485255,548419.230501,3816.593200,1578.600158,1578.623653
456,-1,286.200000,90.409723,1076588.510884,69075.063207,244.342499,500739.822765,500752.626238
457,-1,285.839999,90.391709,1067269.135494,90394.847667,559.464999,477675.974435,477687.137795
458,-1,285.480000,90.401737,1066321.922493,82570.045732,424.818599,484954.679389,484966.600597
459,-1,285.120000,90.396639,1064556.394200,77422.738113,436.826199,489453.700004,489465.428364
460,-1,284.759999,90.401761,1059216.628305,85619.336221,458.254199,480157.500009,480169.304702
461,-1,284.400000,90.405153,1056290.387766,84885.124107,430.009900,480131.441173,480143.445398
462,-1,284.040000,90.412450,1056372.303285,72122.497401,279.655799,492523.200039,492535.961633
463,-1,283.679999,90.426601,1053817.751307,69532.589851,143.838300,494425.765432,494439.470502
464,-1,283.320000,90.429862,1050978.859019,68039.352024,109.780400,495215.022631,495228.960205
465,-1,282.960000,90.423824,1047771.796536,68101.158003,167.805600,494425.765579,494439.292780
466,-1,282.600000,90.416787,1041470.941683,82048.697693,337.623500,479429.879364,479442.564295
467,-1,282.239999,90.410062,1038789.385039,80200.989774,385.106499,480657.612805,480669.923160
468,-1,281.879999,90.406263,1036726.007604,75339.207503,386.327999,484981.000066,484993.192019
469,-1,281.520000,90.410379,1034997.823724,68560.199408,306.448000,491268.736719,491281.338272
470,-1,281.160000,90.417345,1031161.751344,72057.093661,277.187999,487085.799934,487098.721952
471,-1,280.799999,90.406949,1028152.377769,71500.148252,365.757800,487059.365274,487071.650870
472,-1,280.439999,90.394164,1005773.531451,176066.938134,1209.871199,380158.867092,380167.863192
473,-1,280.079999,90.412244,1003518.829924,175103.098854,1085.969500,380705.700103,380715.554590
474,-1,279.719999,90.385180,1000481.300566,178668.124861,1292.932000,376671.500139,376680.011983
475,-1,279.359999,90.426393,1016200.345571,68752.029733,195.886199,487673.231991,487686.736708
476,-1,279.000000,90.422973,1012997.113789,69389.190204,233.413199,486533.193921,486546.451802
477,-1,278.640000,90.407115,1009686.459977,70827.863179,381.794999,484603.898705,484616.132333
478,-1,278.279999,90.409031,1006122.819138,74172.457212,392.943199,480771.399951,480783.651383
479,-1,277.919999,90.409671,1001787.315014,83413.991550,457.366099,471011.136286,471023.176553
480,-1,277.560000,90.414207,996212.729050,102923.067362,565.257100,450928.926374,450940.709968
481,-1,277.199999,90.379959,985698.153295,163548.755821,1242.481700,389454.562845,389463.126605
482,-1,276.840000,90.383507,990914.680263,99513.662763,788.683199,453647.478873,453657.641353
483,-1,276.480000,90.398944,988571.324714,94888.777328,636.358900,457969.400102,457980.501959
484,-1,276.120000,90.401703,985524.204168,96317.020206,626.601699,456215.400116,456226.612958
485,-1,275.759999,90.391530,985357.638884,69406.929670,524.820900,482963.899984,482975.176617
486,-1,275.400000,90.396539,982287.952110,69635.728753,486.236399,482437.699981,482449.254409
487,-1,275.039999,90.403205,975938.797814,107123.895246,696.897299,444527.173682,444538.181100
488,-1,274.680000,90.388403,975826.766542,74260.183743,589.826900,477263.399920,477274.366146
489,-1,274.319999,90.391296,972960.840187,72389.258351,554.527900,478903.707978,478914.876412
490,-1,273.960000,90.380282,969644.731990,76721.290041,676.853199,474343.555319,474354.003458
491,-1,273.600000,90.369669,966836.025009,73899.140501,747.746100,476974.412684,476984.340533
492,-1,273.240000,90.377945,959186.636764,156000.741062,1222.478400,394562.300138,394570.884481
493,-1,272.880000,90.387834,956665.929863,156765.633561,1160.457700,393663.934209,393672.953071
494,-1,272.519999,90.371153,956994.523038,93043.943091,862.642000,457330.678676,457340.274240
495,-1,272.159999,90.355586,953938.336565,97834.064416,1017.380900,452419.745321,452428.458253
496,-1,271.800000,90.323908,949260.100515,156199.712448,1598.204500,393927.019889,393933.314830
497,-1,271.439999,90.314956,946766.679321,156897.417090,1663.980900,393159.099895,393165.040057
498,-1,271.079999,90.326138,945518.093891,92069.160264,1218.471200,457944.545625,457951.964657
499,-1,270.719999,90.320109,942702.027673,87175.993213,1239.574100,462792.900099,462800.123026
500,-1,270.360000,90.307469,939850.392628,78228.966159,1293.802100,471712.698177,471719.490403
501,-1,270.000000,90.302043,936886.553740,71467.121415,1302.882800,478465.231715,478471.880129
502,-1,269.639999,90.286650,934315.579223,140754.438221,1778.034700,409185.991891,409191.112891
503,-1,269.280000,90.230564,931734.508926,139967.224900,2175.322100,409997.499908,410000.819569
504,-1,268.919999,90.245203,928998.826733,131525.008189,2034.258500,418481.687220,418485.519499
505,-1,268.559999,90.243576,926400.352927,132787.533551,2051.264300,417276.600002,417280.370708
506,-1,268.200000,90.248832,923215.602735,114915.635240,1935.004000,435231.478349,435235.582884
507,-1,267.839999,90.288724,919788.497385,96607.203353,1539.167800,453647.478724,453653.238633
508,-1,267.479999,90.246838,916416.139628,84808.562252,1819.435700,465574.031380,465578.351955
509,-1,267.120000,90.279291,913353.106056,82143.658789,1542.042300,468380.278955,468385.843669
510,-1,266.759999,90.307647,910085.809441,76496.428286,1279.012500,474193.900033,474200.735901
511,-1,266.399999,90.314047,907179.365451,77750.117051,1231.954100,473115.822083,473122.929120
512,-1,266.040000,90.306090,904144.767517,76958.078609,1292.372700,474106.200048,474112.965619
513,-1,265.680000,90.292547,901162.374860,77023.900984,1403.674600,474255.860342,474262.042421
514,-1,265.319999,90.317194,897817.541983,72686.846666,1174.266200,478842.000163,478849.338102
515,-1,264.960000,90.316136,896699.621318,94257.807461,1301.183999,457443.199871,457450.163181
516,-1,264.600000,90.315819,893300.881397,88844.101425,1272.288200,463143.699833,463150.735812
517,-1,264.239999,90.305655,890536.683513,90435.915827,1361.472400,461828.200054,461834.771696
518,-1,263.880000,90.308916,887585.067697,90125.807523,1331.872800,462442.100062,462448.821621
519,-1,263.519999,90.319441,882964.946688,75195.202542,1161.355300,477789.599988,477797.025897
520,-1,263.160000,90.325828,880874.019111,82970.158120,1150.630099,470309.574221,470317.179103
521,-1,262.800000,90.322390,878113.802519,84698.121200,1186.604000,468931.900009,468939.323437
522,-1,262.440000,90.308397,886753.099545,172188.136836,1774.129300,381056.499975,381062.020002
523,-1,262.080000,90.283712,886884.812864,190510.833787,2028.295499,362882.904885,362887.353796
524,-1,261.719999,90.285640,881959.789906,172500.797628,1923.736699,381407.299975,381412.039740
525,-1,261.360000,90.283153,876295.721510,151177.170984,1831.940200,403332.300019,403337.225342
526,-1,261.000000,90.215402,871119.786651,134697.327304,2244.667800,420410.982643,420413.953654
527,-1,260.640000,90.127975,868037.704233,132240.664566,2879.665200,423327.899830,423328.955803
528,-1,260.279999,90.106279,865370.225972,132422.173389,3039.476100,423591.000052,423591.728786
529,-1,259.920000,90.202301,862702.312673,132620.723189,2328.644300,423854.100024,423856.742076
530,-1,259.560000,90.245962,869032.483411,181672.763208,2217.697700,374458.676532,374462.126940
531,-1,259.200000,90.282599,866946.253332,183292.458132,1984.209800,373251.199899,373255.740066
532,-1,258.839999,90.261576,879038.178951,256702.449435,2460.691600,298881.600115,298884.714876
533,-1,258.479999,90.301726,862922.544516,187036.077613,1874.839300,370357.099898,370362.235352
534,-1,258.119999,90.311866,863081.185275,199093.876004,1873.738300,358517.599912,358522.910945
535,-1,257.759999,90.271910,840611.877851,106144.539265,1670.101000,454110.599913,454115.713701
536,-1,257.400000,90.275148,879225.230742,291970.422534,2555.829600,264327.799913,264330.847846
537,-1,257.040000,90.245629,878277.468530,295257.475343,2704.855800,261331.816366,261334.217869
538,-1,256.679999,90.272905,877021.935280,297081.465461,2587.549799,259840.997417,259843.944957
539,-1,256.320000,90.264231,875289.239599,296866.142073,2624.056600,260454.864206,260457.633883
540,-1,255.959999,90.271462,869080.092896,278782.066365,2500.948399,279499.900081,279503.037198
541,-1,255.599999,90.297655,866661.832969,276425.124228,2358.217099,282378.674247,282382.484806
542,-1,255.240000,90.302166,812210.422843,76714.703112,1244.365500,489365.999948,489372.805376
543,-1,254.879999,90.304324,809887.004262,79903.503493,1239.117400,486883.974947,486890.842913
544,-1,254.519999,90.293693,807608.011116,83136.310019,1342.355100,484367.099881,484373.463347
545,-1,254.160000,90.301089,804940.933117,84885.867872,1284.903400,483402.399925,483409.074583
546,-1,253.799999,90.312308,806139.223043,99897.089162,1270.693900,468643.364724,468650.326823
547,-1,253.440000,90.312776,848704.783909,253376.439026,2136.241899,309388.808331,309393.418352
548,-1,253.080000,90.325314,805106.803520,116737.824181,1254.292200,452795.099885,452802.398488
549,-1,252.719999,90.326272,789883.318547,77378.388136,1007.000000,494891.100131,494899.124341
550,-1,252.360000,90.331431,800497.530587,121018.841865,1221.678300,450076.399940,450083.930104
551,-1,251.999999,90.292736,783658.684671,78345.463302,1291.746100,495855.800125,495862.272144
552,-1,251.640000,90.334656,780569.023528,78926.909645,926.547200,496267.365484,496275.830830
553,-1,251.280000,90.327121,782678.854938,94868.454862,1081.936300,480482.222228,480490.053388
554,-1,250.920000,90.322336,779470.125463,94827.117018,1115.999200,481560.700046,481568.320832
555,-1,250.559999,90.340719,777001.865964,96924.860526,968.423299,480394.527177,480403.021376
556,-1,250.200000,90.332480,774188.416538,98020.891798,1038.014700,480306.831861,480314.918742
557,-1,249.840000,90.338353,777880.488878,116833.726220,1100.640199,461364.659781,461372.704603
558,-1,249.480000,90.334587,775992.391605,120058.869376,1144.789200,458996.888273,459004.714657
559,-1,249.119999,90.329284,791454.128726,168683.208807,1480.103000,408045.953654,408052.692431
560,-1,248.760000,90.324000,771175.144678,123585.900380,1238.533100,457418.373993,457425.687672
561,-1,248.400000,90.313788,772009.493403,133500.434356,1372.283200,447883.900134,447890.617036
562,-1,248.039999,90.305221,767592.454008,130071.069168,1413.554500,452707.399956,452713.823554
563,-1,247.679999,90.326533,762459.749707,125058.360689,1207.671800,459284.900055,459292.358855
564,-1,247.320000,90.363147,770522.259829,151835.435088,1090.520800,431460.582723,431469.249131
565,-1,246.960000,90.331921,758438.830255,130350.525630,1183.789300,455952.300121,455959.951165
566,-1,246.600000,90.352558,766821.528713,156935.267736,1190.230400,428215.858962,428223.965889
567,-1,246.239999,90.317390,752660.413006,131444.748835,1292.280400,457242.983411,457249.999004
568,-1,245.879999,90.309992,749666.105019,131787.448281,1346.441300,458144.800114,458151.505667
569,-1,245.520000,90.364018,759943.498178,161306.819360,1112.227000,427011.300096,427019.918346
570,-1,245.160000,90.403261,757772.812558,163004.354023,824.231100,426374.259042,426384.819878
571,-1,244.799999,90.410709,761431.450910,177071.280285,871.267800,412079.934906,412090.522218
572,-1,244.439999,90.396002,743379.466345,145327.257159,725.344500,448497.799948,448508.512403
573,-1,244.080000,90.417108,748469.769485,162247.766625,687.174499,431045.500154,431056.922509
574,-1,243.720000,90.410726,794613.811711,261812.178060,1521.680500,321332.800079,321341.056567
575,-1,243.360000,90.399749,792971.423263,263040.915760,1585.818799,320964.580003,320972.392069
576,-1,242.999999,90.361826,842445.452268,364581.255658,2511.502700,208024.399966,208028.548034
577,-1,242.639999,90.293641,837781.559365,358412.303429,2720.026700,215642.596320,215645.428351
578,-1,242.279999,90.357145,836044.404703,358019.162155,2473.829600,216794.400049,216798.611874
579,-1,241.920000,90.406923,835913.876420,360668.356660,2301.666200,214514.199822,214519.610055
580,-1,241.559999,90.403645,829469.998888,351600.661541,2236.176100,225552.158369,225557.755709
581,-1,241.199999,90.376866,828008.826286,351884.502180,2338.637500,226002.899985,226007.788996
582,-1,240.839999,90.446361,824800.947859,349049.590527,2033.069600,230037.099957,230044.080795
583,-1,240.479999,90.494776,823152.075172,349070.969750,1831.861699,230826.400025,230835.006811
584,-1,240.119999,90.512253,775326.618986,268743.926664,925.747300,324296.999210,324309.960618
585,-1,239.760000,90.521666,774614.222773,271567.761568,891.471799,322209.800027,322223.155637
586,-1,239.399999,90.547753,773582.707776,273800.630133,758.168999,320806.599920,320821.260622
587,-1,239.040000,90.553518,784393.300656,295739.156466,961.426200,296425.999984,296439.833187
588,-1,238.680000,90.589288,784531.521508,299549.276142,810.629199,293093.399940,293108.902561
589,-1,238.320000,90.578962,782777.104741,300212.958214,859.907699,293444.199922,293459.181933
590,-1,237.959999,90.560608,781676.381877,301929.592904,962.503400,292567.200023,292581.205129
591,-1,237.599999,90.559559,781155.032854,304538.742541,986.699299,290637.799873,290651.660643
592,-1,237.239999,90.609090,788822.792125,319829.732629,916.301200,273624.000163,273639.462051
593,-1,236.879999,90.609139,781677.611534,312023.886692,805.107799,284060.300190,284076.354412
594,-1,236.519999,90.594067,815502.782400,366402.318617,1543.662000,220039.299929,220051.128048
595,-1,236.159999,90.590638,779978.602792,315899.659452,920.507800,281764.807563,281779.779351
596,-1,235.800000,90.567541,779882.895307,318908.485127,1058.277400,279324.500086,279338.204049
597,-1,235.439999,90.579623,779926.922778,322066.236358,1025.985100,276693.499969,276707.659022
598,-1,235.079999,90.633141,808720.088288,366346.633689,1350.939300,223898.100146,223911.771115
599,-1,234.719999,90.591710,889323.268289,482706.570916,2974.719900,82350.300043,82354.691691
600,-1,234.360000,90.522737,888799.614153,482864.198226,3072.261799,82525.700004,82529.134770
601,-1,233.999999,90.460602,888327.615425,483096.708588,3161.059899,82613.400074,82616.069633
602,-1,233.639999,90.424464,887859.303369,483336.119526,3212.553499,82696.611836,82698.881202
603,-1,233.279999,90.422891,886812.636499,482801.956224,3207.056500,83748.954481,83751.235723
604,-1,232.920000,90.417811,886389.094367,483114.276466,3214.448900,83753.500060,83755.726946
605,-1,232.559999,90.407218,885916.948002,483363.245456,3229.310600,83841.199930,83843.317544
606,-1,232.200000,90.448759,885502.479671,483688.403926,3168.555700,83836.649945,83839.221510
607,-1,231.840000,90.585269,885141.457099,484081.518954,2969.690700,83748.954550,83753.324079
608,-1,231.480000,90.732024,805911.418709,385391.966661,1138.156600,210304.599987,210321.765419
609,-1,231.119999,90.731728,788703.946890,366156.408020,810.102799,236075.587417,236094.840732
610,-1,230.759999,90.760287,786822.883067,366198.153999,677.113899,237228.499945,237249.387078
611,-1,230.399999,90.704257,786565.850117,368225.836624,926.384800,235825.299912,235843.115740
612,-1,230.039999,90.680305,785201.826926,368905.024242,1020.818400,236176.099877,236192.749131
613,-1,229.679999,90.719878,784861.855493,370797.781283,873.102799,234948.300075,234966.845789
614,-1,229.319999,90.712542,785511.468367,373818.269008,937.000000,232229.599960,232247.559364
615,-1,228.960000,90.793143,790166.163454,381387.641337,731.666100,223459.599926,223481.012140
616,-1,228.599999,90.781355,789458.051025,382707.541912,784.823999,222933.400144,222954.131653
617,-1,228.239999,90.789717,791856.408761,387496.880759,823.606199,217759.100010,217779.786108
618,-1,227.879999,90.760863,789662.283556,387110.317227,909.994900,219513.100080,219532.456738
619,-1,227.520000,90.761477,789471.329214,388944.080948,923.961100,218285.300014,218304.579483
620,-1,227.160000,90.786541,790967.266839,392574.362730,879.022299,214601.899881,214622.122415
621,-1,226.800000,90.765236,790221.583291,393750.022780,963.520000,214251.100045,214270.210520
622,-1,226.440000,90.939361,801995.006594,408084.111566,615.664799,195746.400034,195772.710764
623,-1,226.079999,90.956096,802383.917562,410261.047829,589.212899,193904.699952,193931.700126
624,-1,225.719999,90.951826,802978.496097,412615.807227,638.637199,191799.900106,191826.369147
625,-1,225.359999,90.970211,803474.052521,414832.718475,609.746799,189870.499987,189897.724952
626,-1,225.000000,90.982735,806410.644745,419456.444136,660.000000,184520.800063,184547.945488
627,-1,224.640000,90.977394,808907.656155,423551.664948,756.669899,179862.938296,179889.111636
628,-1,224.279999,90.943593,890674.858434,504867.730334,2762.094200,64547.199868,64555.954157
629,-1,223.920000,90.844582,890455.794239,505219.807714,2874.956100,64459.500040,64466.503860
630,-1,223.559999,90.840358,890112.223076,505451.986383,2878.422300,64547.200055,64554.143430
631,-1,223.199999,90.847960,890025.461438,505926.858465,2873.751300,64284.100152,64291.140899
632,-1,222.840000,90.864748,890200.039173,506639.585386,2864.177600,63670.200104,63677.452497
633,-1,222.479999,90.877867,889993.625872,506993.004955,2850.938800,63582.499996,63589.963846
634,-1,222.119999,90.975177,889854.859089,507406.125848,2745.908899,63407.099828,63416.284899
635,-1,221.760000,91.065452,889719.426946,507819.290376,2649.235300,63231.700156,63242.634442
636,-1,221.400000,91.075312,810514.066656,438520.018870,663.000000,168471.700048,168501.374661
637,-1,221.040000,91.097754,811470.237644,440755.798847,639.000000,166279.199987,166309.723876
638,-1,220.679999,91.080587,818102.658434,447834.202669,870.802400,156632.200111,156660.060676
639,-1,220.320000,91.086693,817463.505841,448582.554191,854.103300,156632.200120,156660.376498
640,-1,219.959999,91.073940,819585.146611,451644.255088,956.383499,153036.499996,153063.387107
641,-1,219.599999,91.125024,819915.939912,453165.845877,844.000000,151808.700097,151837.969603
642,-1,219.240000,91.374580,837038.393856,468382.040510,731.723400,128918.999843,128956.109409
643,-1,218.879999,91.340875,837893.395099,470111.981276,848.658500,127164.999983,127199.831189
644,-1,218.519999,91.373807,837393.826216,470735.544990,775.527900,127165.000097,127201.563611
645,-1,218.159999,91.389276,841040.836967,474617.500480,868.948999,121896.384087,121932.226698
646,-1,217.799999,91.380638,840494.990618,475163.392761,885.065400,121990.699956,122026.125487
647,-1,217.439999,91.449739,842185.731003,477423.290801,806.655199,119271.999845,119310.190658
648,-1,217.079999,91.499836,842017.030553,478235.139899,711.653000,118914.745995,118955.500192
649,-1,216.719999,91.545843,841774.138322,478986.083935,623.025699,118658.099932,118701.300064
650,-1,216.360000,91.552009,841471.501132,479689.076295,615.000000,118482.700023,118526.181184
651,-1,216.000000,91.546836,841883.445518,480908.554499,654.122799,117430.299962,117473.108057
652,-1,215.640000,91.564652,841166.541112,481302.427399,608.000000,117781.100026,117825.031027
653,-1,215.280000,91.576408,841166.776676,482209.123420,598.297500,117254.899955,117299.294545
654,-1,214.920000,91.566762,861165.534250,497069.333857,1299.301500,92348.100138,92382.637934
655,-1,214.560000,91.590851,861268.225974,497844.640378,1275.060400,91821.899969,91857.305400
656,-1,214.199999,91.650511,861014.978777,498370.084209,1181.900700,91734.200076,91772.275364
657,-1,213.840000,91.674252,842481.688416,486638.316006,503.000000,113659.199946,113707.742849
658,-1,213.480000,91.667482,842817.353099,487716.518246,541.972099,112782.199924,112829.979363
659,-1,213.120000,91.659290,842648.652321,488452.552863,565.732799,112519.100178,112566.300770
660,-1,212.760000,91.625931,842706.731273,489330.614755,646.234599,111992.900016,112038.009228
661,-1,212.399999,91.550051,842772.106142,490205.508674,808.904599,111466.699939,111507.503192
662,-1,212.039999,91.499830,842919.080914,491123.703032,922.751900,110852.800035,110890.790935
663,-1,211.679999,91.449473,842700.697164,491807.390641,1024.681400,110677.399875,110712.825725
664,-1,211.320000,91.423726,842711.949438,492628.261047,1085.346300,110238.899962,110272.942714
665,-1,210.960000,91.390716,842353.758554,493221.104677,1148.897300,110238.899971,110271.382026
666,-1,210.600000,91.336983,841546.376966,493548.329745,1240.059200,110765.100101,110795.263361
667,-1,210.239999,91.295628,841421.288306,494280.982151,1326.000000,110501.999965,110530.258418
668,-1,209.879999,91.260490,841605.801716,495187.738539,1407.308500,109888.100051,109914.697653
669,-1,209.519999,91.316976,841645.289826,496003.542682,1309.000000,109449.600037,109478.519536
670,-1,209.160000,91.367596,841921.008435,496944.876429,1229.000000,108747.999900,108778.985869
671,-1,208.799999,91.420827,842281.623855,497922.852820,1147.484400,107958.699885,107991.902811
672,-1,208.439999,91.362179,843730.376863,499478.915981,1306.020600,105941.599999,105971.547618
673,-1,208.080000,91.322655,842796.194021,499734.979445,1362.942599,106643.200050,106671.621611
674,-1,207.719999,91.410511,844035.349679,501143.028794,1242.513500,104889.199943,104920.992010
675,-1,207.360000,91.429809,844898.975576,502331.966377,1240.000000,103573.700115,103605.958538
676,-1,206.999999,91.546091,845383.123886,503309.027087,1053.325400,102696.700075,102734.101093
677,-1,206.639999,91.513552,845327.158775,504002.846237,1118.642500,102433.600004,102469.351001
678,-1,206.280000,91.625995,845433.561449,504773.182951,929.912299,101995.100128,102036.185614
679,-1,205.919999,91.627162,897289.877684,530688.156712,2574.577300,44025.400060,44043.159765
680,-1,205.560000,91.575154,897486.213905,531088.682813,2624.217200,43674.600056,43691.109664
681,-1,205.199999,91.574750,897606.654281,531448.635506,2631.758300,43411.499844,43427.901580
682,-1,204.840000,91.502352,847033.526097,508338.278839,1228.383400,99013.300080,99047.347664
683,-1,204.479999,91.534134,897696.753511,532089.050563,2671.950100,43060.700046,43076.140579
684,-1,204.119999,91.559030,897505.372004,532299.799486,2650.838399,43148.400005,43164.378389
685,-1,203.759999,91.572780,897395.361397,532547.585079,2640.476100,43148.400119,43164.661673
686,-1,203.400000,91.625043,897528.371301,532900.546644,2608.551100,42885.300011,42902.554769
687,-1,203.040000,91.667867,897664.247998,533251.146336,2584.132400,42622.199941,42640.264903
688,-1,202.679999,91.697477,897883.885354,533633.178052,2572.482300,42271.399899,42289.958212
689,-1,202.319999,91.709441,898269.020739,534078.398947,2579.352000,41745.199944,41763.786586
690,-1,201.960000,91.756623,898251.507322,534354.147411,2547.633700,41657.499986,41677.085977
691,-1,201.600000,91.840203,898235.931238,534629.489052,2489.623600,41569.799961,41591.249664
692,-1,201.239999,91.888334,898467.514436,534999.724860,2466.232200,41219.000085,41241.396403
693,-1,200.880000,91.916651,898948.033488,535460.213112,2466.381899,40605.100118,40627.829845
694,-1,200.520000,91.980345,898939.987245,535729.613820,2424.223000,40517.400122,40541.613997
695,-1,200.160000,92.041512,898604.517771,535877.642396,2371.535699,40780.499895,40806.400582
696,-1,199.800000,92.087719,898599.480708,536148.158587,2341.802300,40692.800107,40719.828910
697,-1,199.439999,92.125083,898596.328811,536418.182325,2318.483500,40605.099897,40633.045046
698,-1,199.079999,92.157841,898595.055192,536687.700159,2298.540599,40517.399884,40546.151482
699,-1,198.719999,92.240639,898595.653288,536956.699293,2243.334000,40429.700097,40460.634799
700,-1,198.359999,92.167779,861724.687660,524987.594294,827.513399,79193.100116,79249.815557
701,-1,197.999999,92.138693,862236.701071,525677.145736,893.972999,78491.500107,78546.213880
702,-1,197.639999,92.112064,862169.352125,526173.236608,933.737800,78403.799877,78457.099247
703,-1,197.280000,92.102877,862607.736418,526825.518111,968.866999,77789.899905,77842.322669
704,-1,196.919999,92.109291,862464.018858,527292.678922,960.147899,77789.900028,77842.643218
705,-1,196.559999,92.120919,862575.426772,527835.721800,954.082699,77526.799930,77579.946218
706,-1,196.199999,92.134037,859827.306940,527544.572448,835.000000,80245.499819,80301.192843
707,-1,195.840000,92.171743,862303.626790,528771.262908,885.216499,77526.800087,77582.525538
708,-1,195.479999,92.139372,860059.176555,528655.113534,847.175000,79719.300109,79774.905060
709,-1,195.119999,92.201054,860265.661050,529229.754117,774.712299,79368.500064,79427.100621
710,-1,194.760000,92.218572,860476.320406,529800.956386,764.000000,79017.699872,79076.974360
711,-1,194.399999,92.231070,860776.063901,530390.500811,763.820999,78579.199891,78638.811871
712,-1,194.039999,92.256238,861250.342480,531018.031380,753.439199,77965.300109,78025.789141
713,-1,193.679999,92.246522,861899.903188,531680.306630,797.643599,77175.999911,77235.361689
714,-1,193.320000,92.290012,862128.066118,532232.639187,753.000000,76825.199936,76886.603473
715,-1,192.959999,92.299242,861932.865721,532683.038549,737.083700,76912.900096,76974.870570
716,-1,192.600000,92.362894,861825.965344,533154.323695,651.495500,76912.900101,76978.351756
717,-1,192.240000,92.271381,861379.202458,533551.899344,760.629400,77263.700169,77324.452745
718,-1,191.880000,92.190876,861191.950864,534008.592000,866.000000,77351.399942,77407.983903
719,-1,191.520000,92.152852,861608.993337,534589.593791,937.188099,76825.200060,76879.464166
720,-1,191.160000,92.143841,861083.870372,534978.005087,932.873300,77263.699958,77317.817600
721,-1,190.799999,92.174719,861077.552799,535471.012959,894.505200,77176.000046,77231.625576
722,-1,190.439999,92.204939,861074.434695,535963.509022,857.116200,77088.300018,77145.418241
723,-1,190.079999,92.232291,861074.509170,536455.472605,823.679499,77000.600066,77059.078444
724,-1,189.719999,92.276895,861164.210434,536961.690096,770.616399,76825.200131,76885.901774
725,-1,189.360000,92.294501,861257.273568,537466.246830,754.000000,76649.799905,76711.303799
726,-1,189.000000,92.300506,861353.680528,537969.121152,753.000000,76474.399998,76536.084976
727,-1,188.640000,92.333572,861453.414252,538470.290754,715.940700,76299.000038,76362.326682
728,-1,188.280000,92.367687,861469.671437,538957.104084,674.060400,76211.299869,76276.418014
729,-1,187.919999,92.376194,861489.064443,539443.260264,666.365099,76123.599897,76189.111662
730,-1,187.559999,92.403432,861424.648233,539917.200589,630.112899,76123.599908,76190.623318
731,-1,187.199999,92.468593,861363.211020,540391.536255,543.382599,76123.600034,76194.309798
732,-1,186.839999,92.522203,861478.906983,540887.138282,479.747799,75948.200117,76021.846795
733,-1,186.480000,92.516960,861249.283755,541341.318804,479.000000,76123.600030,76197.110016
734,-1,186.119999,92.482810,862592.000886,541966.325100,585.302800,74720.400068,74790.608754
735,-1,185.759999,92.501258,862805.187467,542459.690911,572.691600,74457.299907,74528.305750
736,-1,185.399999,92.471589,860664.238993,542727.223185,520.467600,76562.100042,76633.389964
737,-1,185.040000,92.441320,860969.916531,543237.099133,575.945900,76211.299891,76280.534352
738,-1,184.680000,92.373381,860492.309547,543678.448972,648.298699,76649.800149,76715.608592
739,-1,184.320000,92.345329,860454.523533,544158.568419,685.890599,76649.799943,76714.060844
740,-1,183.960000,92.370786,860419.754574,544638.915883,651.776899,76649.800081,76715.464565
741,-1,183.599999,92.379834,860475.531693,545124.979216,643.296900,76562.099854,76628.191146
742,-1,183.239999,92.380651,860534.394108,545610.132117,645.849400,76474.400127,76540.461077
743,-1,182.879999,92.366134,860596.333617,546094.355558,668.882599,76386.699835,76451.882173
744,-1,182.519999,92.345732,861537.491840,546616.189816,735.646099,75421.999896,75485.253178
745,-1,182.159999,92.320145,861693.418365,547096.295155,776.490000,75246.600137,75308.336194
746,-1,181.800000,92.292898,861151.143203,547552.271933,791.263000,75772.799840,75833.515048
747,-1,181.440000,92.274542,861400.700447,548034.787044,826.026599,75509.700068,75569.238981
748,-1,181.079999,92.271864,861653.321004,548514.072175,840.000000,75246.600113,75305.791824
749,-1,180.719999,92.305813,862084.360169,548992.311704,813.000000,74808.100102,74868.719935
750,-1,180.359999,92.414064,862781.516583,549466.731359,701.000000,74106.499955,74172.326359
751,-1,180.000000,92.447049,863218.553766,549932.353131,677.000000,73667.999973,73735.238657
752,-1,179.639999,92.442331,863483.102778,550393.566776,694.298699,73404.899912,73471.640177
753,-1,179.279999,92.413193,863399.756488,550855.864079,728.000000,73492.599918,73557.833889
754,-1,178.919999,92.367622,863407.009426,551317.574114,786.555999,73492.600101,73555.391796
755,-1,178.560000,92.322037,863592.508071,551774.821231,852.236699,73317.200022,73377.451335
756,-1,178.199999,92.289736,863517.874690,552238.056853,890.130300,73404.899939,73463.555613
757,-1,177.840000,92.272602,863621.447646,552695.691765,915.597299,73317.199969,73374.911468
758,-1,177.480000,92.254695,863727.871317,553152.116377,942.000000,73229.500129,73286.237212
759,-1,177.120000,92.234346,863837.134878,553607.312973,971.470499,73141.800127,73197.450303
760,-1,176.759999,92.241648,864036.786710,554056.307154,969.000000,72966.400165,73022.280604
761,-1,176.400000,92.244686,864239.190176,554502.937822,972.000000,72790.999973,72846.897397
762,-1,176.040000,92.265859,864444.322968,554947.188246,952.000000,72615.600048,72672.420366
763,-1,175.679999,92.280013,864827.065313,555375.829777,948.000000,72264.799939,72322.054890
764,-1,175.319999,92.296307,865299.727754,555792.704928,945.000000,71826.300043,71884.024396
765,-1,174.959999,92.345979,865687.406112,556211.561373,897.000000,71475.499851,71535.456021
766,-1,174.599999,92.391575,866252.129392,556609.272192,862.000000,70949.299863,71011.152220
767,-1,174.240000,92.418826,866557.247220,557026.541371,839.308699,70686.199942,70749.236347
768,-1,173.879999,92.455097,866777.609640,557449.591049,802.000000,70510.799943,70575.581343
769,-1,173.519999,92.512043,867000.504864,557870.152216,739.482600,70335.399919,70403.055114
770,-1,173.160000,92.535970,867312.985866,558277.764918,721.706200,70072.300123,70140.993394
771,-1,172.800000,92.521320,870412.090888,558330.030562,874.820399,67002.799923,67067.726751
772,-1,172.440000,92.472623,870205.353769,558782.148096,920.514100,67265.899982,67328.586308
773,-1,172.079999,92.484212,870088.547572,559225.109480,899.273199,67441.300020,67504.740797
774,-1,171.719999,92.495770,869974.682314,559669.887134,877.997900,67616.699905,67680.899377
775,-1,171.359999,92.488113,869863.775712,560116.461372,879.429199,67792.100094,67856.071467
776,-1,171.000000,92.475030,870275.568196,560482.496729,910.101100,67441.299847,67504.272164
777,-1,170.639999,92.488524,870429.703386,560886.551695,898.000000,67353.599941,67417.178514
778,-1,170.280000,92.519308,870413.400925,561318.700109,857.883700,67441.299977,67506.547408
779,-1,169.919999,92.538762,870399.908826,561751.485333,831.051399,67528.999976,67595.345982
780,-1,169.559999,92.551439,870475.482494,562168.997293,816.081200,67529.000024,67596.010793
781,-1,169.199999,92.564530,870467.531394,562602.459353,796.693299,67616.700015,67684.488687
782,-1,168.840000,92.567779,870548.450524,563019.529385,792.850900,67616.700012,67684.660720
783,-1,168.480000,92.578068,870635.584208,563435.350075,780.849700,67613.030477,67681.533629
784,-1,168.119999,92.597251,870718.142442,563852.103507,758.000000,67616.699891,67686.230916
785,-1,167.759999,92.627943,870892.614534,564248.981322,725.728400,67529.000101,67600.093304
786,-1,167.399999,92.647596,871069.458668,564644.217080,706.572499,67441.299991,67513.367699
787,-1,167.039999,92.671818,871163.194701,565057.464941,678.000000,67441.299887,67514.693474
788,-1,166.679999,92.751013,871430.206634,565429.705339,593.000000,67265.899992,67343.510868
789,-1,166.319999,92.806758,871699.295007,565799.189180,536.000000,67090.499977,67171.080548
790,-1,165.960000,92.819261,873672.037452,565740.385820,616.337599,65161.100105,65240.062860
791,-1,165.600000,92.716737,873942.498854,566093.639378,741.531799,64985.700108,65058.821569
792,-1,165.239999,92.676244,874130.091326,566466.463764,791.660499,64897.999884,64968.860126
793,-1,164.880000,92.673805,874150.552243,566883.320870,790.334000,64985.699896,65056.526481
794,-1,164.519999,92.638420,874089.258731,567323.980421,822.471600,65161.100053,65230.248910
795,-1,164.160000,92.559923,874199.772289,567718.201418,911.928000,65161.100112,65226.192249
796,-1,163.800000,92.537821,874396.978588,568087.252845,941.001199,65073.399990,65137.285961
797,-1,163.440000,92.551557,874596.344331,568454.529341,929.277799,64985.699963,65050.192918
798,-1,163.079999,92.574234,874881.758786,568794.494541,911.391699,64810.299920,64875.768113
799,-1,162.719999,92.613352,874164.079775,569444.212729,827.022800,65687.300181,65755.688016
800,-1,162.360000,92.646068,874789.371504,569678.464558,813.754499,65161.100037,65230.650748
801,-1,161.999999,92.619317,874998.072530,570041.139685,848.254499,65073.400119,65141.458704
802,-1,161.639999,92.603764,874293.283257,570705.840127,826.073600,65950.400087,66018.558494
803,-1,161.279999,92.596892,874425.041524,571098.712701,834.000000,65950.400193,66018.198989
804,-1,160.920000,92.626409,874725.030097,571433.413147,808.000000,65774.999835,65844.165529
805,-1,160.559999,92.650852,875026.751935,571765.182169,788.000000,65599.599870,65669.872256
806,-1,160.200000,92.709383,877063.002127,571470.156840,816.295100,63582.500077,63653.655509
807,-1,159.839999,92.684452,877528.816156,571724.711121,860.470300,63231.699943,63301.165347
808,-1,159.479999,92.662907,877749.047671,572066.492262,888.378400,63144.000024,63212.259050
809,-1,159.120000,92.661059,877725.405658,572500.139360,882.267900,63319.400010,63387.753557
810,-1,158.760000,92.651157,877950.112886,572839.640322,897.294999,63231.699858,63299.451250
811,-1,158.399999,92.649631,878013.664596,573241.778953,894.923699,63319.399936,63387.167167
812,-1,158.039999,92.638236,878242.620175,573578.429527,911.584600,63231.699904,63298.791942
813,-1,157.680000,92.630207,878311.220103,573979.737451,916.435800,63319.399896,63386.176301
814,-1,157.319999,92.622508,878382.550997,574381.115913,920.944600,63407.100063,63473.577743
815,-1,156.959999,92.612921,878456.616794,574782.545885,927.574299,63494.799876,63560.883251
816,-1,156.600000,92.620569,878452.933074,575218.838647,911.053400,63670.200045,63736.854786
817,-1,156.239999,92.634026,878532.698663,575620.821439,892.033100,63757.899952,63825.334377
818,-1,155.880000,92.650014,878935.383881,575879.444282,886.381399,63494.800000,63562.774609
819,-1,155.520000,92.656763,879019.740996,576279.388364,874.817200,63582.499814,63650.915747
820,-1,155.159999,92.700362,878947.666009,576752.978624,813.918799,63845.600187,63916.574632
821,-1,154.800000,92.746598,878244.441037,577527.236590,716.000000,64810.299916,64884.837489
822,-1,154.440000,92.809354,878498.098338,577857.310076,649.149999,64722.599952,64800.480515
823,-1,154.079999,92.822733,878674.707565,578223.622008,634.000000,64722.599837,64801.224711
824,-1,153.720000,92.804711,879010.885371,578511.157194,663.000000,64547.200023,64624.612775
825,-1,153.359999,92.755826,879269.982621,578834.911140,722.423999,64459.499896,64534.133462
826,-1,153.000000,92.719842,879452.718804,579196.353658,763.000000,64459.499860,64532.195271
827,-1,152.639999,92.645119,879017.746577,579877.457283,815.000000,65157.563682,65227.060672
828,-1,152.279999,92.609897,878505.194781,580609.252735,819.000000,65950.399871,66018.880000
829,-1,151.919999,92.553216,878157.455975,581264.430887,857.000000,66564.299896,66630.445491
830,-1,151.559999,92.491542,877969.898935,581841.646268,909.709000,67002.799954,67066.201050
831,-1,151.200000,92.473329,877710.439809,582464.696859,908.318700,67529.000054,67591.967560
832,-1,150.840000,92.445115,877609.672950,583006.794200,926.653500,67879.800001,67941.657719
833,-1,150.479999,92.399224,877516.616377,583549.610700,966.577200,68226.896960,68286.757327
834,-1,150.120000,92.388694,877500.896265,584053.042436,968.162500,68489.982861,68549.547400
835,-1,149.760000,92.346811,877334.412017,584648.208240,1000.190900,68932.199875,68990.063696
836,-1,149.400000,92.323881,877402.737996,585110.983561,1020.705600,69107.599975,69164.482183
837,-1,149.040000,92.296957,877549.739343,585529.151032,1049.715400,69195.300155,69250.941585
838,-1,148.680000,92.282930,877774.570586,585901.270038,1066.682700,69195.299954,69250.263432
839,-1,148.319999,92.247168,877781.046623,586408.163053,1099.763900,69454.630378,69508.083807
840,-1,147.959999,92.234760,877933.859309,586827.337084,1111.258800,69546.099973,69599.033971
841,-1,147.599999,92.232690,878092.791734,587244.009151,1110.355100,69633.800166,69686.702748
842,-1,147.240000,92.226653,877295.875021,588277.070733,1069.963800,70861.600025,70915.144479
843,-1,146.880000,92.214843,877317.623009,588794.487021,1074.416900,71124.700061,71177.874360
844,-1,146.520000,92.205881,878660.205626,588442.309904,1136.229900,69809.199861,69860.968907
845,-1,146.159999,92.198869,878903.318657,588807.394475,1144.786500,69809.199896,69860.640119
846,-1,145.800000,92.237113,878640.975677,589516.006903,1074.137900,70423.099972,70476.814516
847,-1,145.440000,92.261773,877446.358972,590876.180692,974.505399,72177.100034,72233.373603
848,-1,145.079999,92.245161,877560.968651,591349.248644,988.587400,72352.500164,72408.084382
849,-1,144.719999,92.227256,877607.589293,591873.141625,1001.000000,72615.600013,72670.499542
850,-1,144.360000,92.215784,878014.826011,592142.567923,1022.347200,72440.199879,72494.403748
851,-1,143.999999,92.195561,877997.397568,592717.829568,1034.504200,72791.000189,72844.476276
852,-1,143.640000,92.185678,878479.264058,592931.013197,1057.120599,72527.899840,72580.703709
853,-1,143.280000,92.161475,878399.096568,593559.327229,1071.251099,72966.399906,73018.352363
854,-1,142.919999,92.121796,878677.524817,593923.563705,1122.000000,72962.440035,73012.498775
855,-1,142.559999,92.121992,879021.565795,594237.523051,1124.853400,72878.699984,72928.710495
856,-1,142.200000,92.113288,879716.863289,594277.710635,1155.357399,72352.499875,72401.742581
857,-1,141.839999,92.078102,879861.800007,594741.981360,1193.627299,72523.963765,72571.692315
858,-1,141.479999,92.074400,880072.775635,595156.461502,1195.000000,72615.599979,72663.218638
859,-1,141.119999,92.113994,880426.317907,595457.489443,1147.988900,72527.899917,72577.295050
860,-1,140.760000,92.139070,881053.092900,595533.956482,1132.581900,72089.399896,72139.668705
861,-1,140.400000,92.169072,880394.680175,596666.495227,1048.276800,73317.200002,73369.770007
862,-1,140.040000,92.106654,880420.546921,597245.821496,1115.355900,73667.999937,73717.823497
863,-1,139.679999,92.080465,880986.403729,597372.684431,1161.816400,73317.199926,73365.560368
864,-1,139.319999,92.082511,881421.608567,597606.057652,1165.717600,73137.830469,73186.167567
865,-1,138.959999,92.125542,880793.180362,598762.373253,1064.997800,74369.599985,74420.804551
866,-1,138.599999,92.150529,882222.400929,598125.286601,1088.653200,72874.744863,72926.107526
867,-1,138.240000,92.240806,882392.494749,598587.250572,966.642399,73054.099886,73110.005436
868,-1,137.879999,92.288674,882764.327011,598869.865164,909.018599,72966.399870,73024.651028
869,-1,137.519999,92.307122,883072.876590,599208.957006,885.487399,72966.400060,73025.594704
870,-1,137.159999,92.287965,880235.607331,602465.215913,738.396800,77259.506865,77321.147113
871,-1,136.800000,92.282150,880499.809886,602883.030038,742.589099,77351.399905,77412.799930
872,-1,136.439999,92.186700,878164.432339,605774.552798,731.000000,81034.799965,81093.852510
873,-1,136.080000,92.055884,877695.231506,606933.244050,875.343500,82174.900020,82227.829115
874,-1,135.719999,92.013334,877552.243931,607793.859455,911.783299,82876.499893,82927.692993
875,-1,135.359999,91.978848,877108.989896,608963.410594,922.492499,84012.040114,84062.171211
876,-1,134.999999,91.946730,876733.686841,610085.220030,933.716100,85069.000183,85118.126770
877,-1,134.639999,91.939946,876558.221969,611023.596762,917.064899,85858.299905,85907.537190
878,-1,134.279999,91.872261,874922.697353,613473.434382,924.000000,88752.399995,88799.805742
879,-1,133.919999,91.848839,874349.823827,614872.245561,915.023799,90155.600031,90202.557481
880,-1,133.560000,91.904830,874218.568512,615832.283011,800.740600,90939.964430,90990.244094
881,-1,133.200000,91.848049,929802.449470,557476.157925,3491.300600,10348.600102,10353.985549
882,-1,132.840000,91.757459,929850.369977,557520.107641,3507.696100,10348.038482,10352.908424
883,-1,132.479999,91.688141,929957.407493,557499.490884,3522.811400,10260.343146,10264.798285
884,-1,132.119998,91.625416,930063.905640,557477.831150,3536.541800,10172.647916,10176.742727
885,-1,131.760000,91.551589,930111.081726,557520.961642,3549.644600,10173.200092,10176.931467
886,-1,131.400000,91.551500,930216.892866,557497.598171,3552.035900,10085.499922,10089.198703
887,-1,131.040000,91.573416,930264.558125,557539.355306,3548.175200,10085.499888,10089.303937
888,-1,130.680000,91.618925,930370.004109,557513.892430,3542.652300,9997.257485,10001.249607
889,-1,130.319999,91.665317,930417.768777,557554.687296,3534.550900,9997.257474,10001.481754
890,-1,129.960000,91.724052,930522.111088,557527.963268,3526.933099,9909.562231,9914.050142
891,-1,129.599999,91.666793,875841.477995,623723.173725,1038.418400,95768.400198,95808.938312
892,-1,129.240000,91.675437,875917.986701,624580.739267,1006.000000,96382.299824,96423.522238
893,-1,128.879999,91.703422,876116.272393,625299.605612,946.000000,96815.545452,96858.348465
894,-1,128.519999,91.753823,876423.887264,625889.904300,852.539499,97083.899885,97129.400090
895,-1,128.160000,91.763408,887685.404111,612545.759072,1373.587900,79631.600061,79669.330100
896,-1,127.800000,91.762924,887811.024594,613200.143918,1360.764700,80070.099987,80108.016963
897,-1,127.440000,91.734459,887996.251914,613785.775621,1389.958100,80420.900120,80457.762879
898,-1,127.079999,91.718661,888401.049005,614088.217929,1412.283899,80416.535348,80452.727421
899,-1,126.720000,91.724763,888278.134224,615098.065647,1377.171500,81297.899945,81334.749077
900,-1,126.360000,91.703889,888691.155052,615398.639849,1406.948300,81293.487754,81329.448053
901,-1,125.999999,91.664717,889049.298365,615774.686669,1459.898400,81385.600001,81419.964177
902,-1,125.639999,91.683442,889262.116508,616355.443382,1423.098100,81731.964004,81767.255435
903,-1,125.280000,91.706365,889424.574517,617014.949281,1377.174300,82174.899926,82211.355883
904,-1,124.920000,91.706571,889799.354279,617380.084705,1374.398700,82258.135448,82294.637145
905,-1,124.560000,91.574826,877485.666308,636167.580923,946.327300,104713.800140,104753.366921
906,-1,124.200000,91.520099,876007.583962,639513.036502,951.000000,108309.500019,108347.629661
907,-1,123.839999,91.448790,876379.566158,640180.254656,1077.166200,108654.402928,108689.148480
908,-1,123.479999,91.358545,873654.752710,645537.676028,1106.839300,114623.899897,114656.129116
909,-1,123.120000,91.344511,873729.596064,646741.046653,1112.289000,115588.599974,115620.432284
910,-1,122.759999,91.340971,873915.416559,647794.406422,1101.105900,116371.584126,116403.463490
911,-1,122.399999,91.310630,874249.604211,648632.392607,1150.723700,116897.755491,116928.345979
912,-1,122.039999,91.328521,874591.847293,649470.025118,1102.000000,117423.926846,117455.499853
913,-1,121.680000,91.310441,874988.209689,650232.607911,1129.044100,117862.403272,117893.237265
914,-1,121.319999,91.221712,875342.779518,651074.529783,1300.298100,118395.000077,118421.920277
915,-1,120.960000,91.212599,875708.786988,651910.451996,1308.000000,118921.199930,118947.837802
916,-1,120.600000,91.196630,876127.523027,652670.263141,1332.000000,119359.699925,119385.736339
917,-1,120.240000,91.169903,876600.840322,653347.444529,1380.669299,119704.003154,119728.961115
918,-1,119.879999,91.236017,877033.360126,654104.377070,1233.022000,120142.479403,120170.440517
919,-1,119.519999,91.296026,877602.649670,654631.008891,1103.160300,120317.869826,120348.657372
920,-1,119.160000,91.299295,878432.574519,654695.107516,1104.247399,119967.088791,119997.941680
921,-1,118.800000,91.283491,879300.080002,654681.759774,1147.034000,119535.100073,119565.098392
922,-1,118.440000,91.283003,892489.199621,631906.703946,1737.301900,93225.099861,93248.477665
923,-1,118.080000,91.246233,892674.886586,632803.056484,1781.895600,93926.700073,93948.922842
924,-1,117.719999,91.220225,893117.236095,633229.957533,1820.923400,94096.992864,94118.336226
925,-1,117.360058,91.105332,936846.250671,550010.238474,3823.513800,87.695290,87.711611
926,-1,117.000076,90.973530,936846.740827,550010.490114,3823.715600,87.695245,87.707906
927,-1,116.639915,90.841736,936847.230656,550010.743066,3823.917300,87.699982,87.709447
928,-1,116.280068,90.709530,936847.723765,550010.988473,3824.119700,87.699965,87.706690
929,-1,115.919921,90.577120,936848.218843,550011.230926,3824.322400,87.699890,87.704340
930,-1,115.559981,90.444336,936848.717201,550011.465834,3824.525700,87.695058,87.697696
931,-1,115.200039,90.311580,936849.214904,550011.702054,3824.728900,87.695154,87.696451
932,-1,114.839946,90.178877,936849.712278,550011.939586,3824.932000,87.700040,87.700468
933,-1,114.480073,90.045603,936850.214902,550012.164979,3825.136000,87.695166,87.695194
934,-1,114.120019,89.912385,936850.717197,550012.391685,3825.339900,87.695084,87.695187
935,-1,113.759971,89.778972,936851.220805,550012.615438,3825.544100,87.695234,87.695886
936,-1,113.400003,89.645431,936851.725725,550012.835910,3825.748500,87.695314,87.696994
937,-1,113.039995,89.511984,936852.230318,550013.057366,3825.952800,87.699890,87.703072
938,-1,112.680078,89.378199,936852.737862,550013.271605,3826.157600,87.700130,87.705295
939,-1,112.319999,89.244289,936853.247048,550013.482562,3826.362599,87.700172,87.707801
940,-1,111.960022,89.110319,936853.757545,550013.689911,3826.567700,87.699840,87.710414
941,-1,111.599890,88.976167,936854.269355,550013.894635,3826.773100,87.700047,87.714050
942,-1,111.240039,88.841703,936854.783790,550014.091485,3826.978900,87.695428,87.713351
943,-1,110.880067,88.707636,936855.296256,550014.293912,3827.184299,87.700181,87.722496
944,-1,110.519918,88.572985,936855.813644,550014.484201,3827.390400,87.695302,87.722508
945,-1,110.160124,88.438484,936856.330047,550014.675473,3827.596399,87.695151,87.727729
946,-1,109.799989,88.303936,936856.848090,550014.863793,3827.802500,87.695124,87.733561
947,-1,109.439987,88.169510,936857.365478,550015.053425,3828.008600,87.700018,87.744794
948,-1,109.079897,88.034812,936857.885818,550015.235183,3828.215000,87.699967,87.751578
949,-1,108.720052,87.899893,936858.408455,550015.409067,3828.421600,87.695185,87.754127
950,-1,108.360114,87.765104,936858.930763,550015.584264,3828.628200,87.695212,87.761968
951,-1,108.000038,87.630273,936859.454384,550015.756180,3828.834900,87.695173,87.770233
952,-1,107.640013,87.495405,936859.978990,550015.924814,3829.041700,87.695174,87.779027
953,-1,107.279952,87.360708,936860.503267,550016.094762,3829.248500,87.699987,87.793116
954,-1,106.920059,87.225625,936861.031153,550016.252242,3829.455500,87.695285,87.798195
955,-1,106.560069,87.090941,936861.557399,550016.415627,3829.662400,87.700172,87.813333
956,-1,106.199983,86.955996,936862.086269,550016.570811,3829.869500,87.699912,87.823827
957,-1,105.840022,86.821099,936862.615795,550016.723041,3830.076600,87.700096,87.835252
958,-1,105.480087,86.686163,936863.146306,550016.871663,3830.283800,87.700000,87.846890
959,-1,105.120058,86.551077,936863.679114,550017.012411,3830.490999,87.695165,87.854285
960,-1,104.760058,86.416406,936864.210280,550017.159064,3830.698200,87.699922,87.871740
961,-1,104.400060,86.281325,936864.744728,550017.293250,3830.905499,87.695249,87.880278
962,-1,104.039934,86.146753,936865.277864,550017.433342,3831.112700,87.700086,87.898785
963,-1,103.679964,86.011800,936865.813952,550017.560638,3831.319900,87.695256,87.908135
964,-1,103.319980,85.877037,936866.349712,550017.689247,3831.527200,87.695241,87.922781
965,-1,102.960073,85.742391,936866.886128,550017.814574,3831.734400,87.695343,87.938022
966,-1,102.600068,85.606933,936867.423529,550017.936293,3831.942899,87.695168,87.953573
967,-1,102.240058,85.458155,936867.960601,550018.059653,3832.172400,87.700129,87.976395
968,-1,101.879948,85.309255,936868.499642,550018.174810,3832.401800,87.700119,87.994848
969,-1,101.520112,85.160411,936869.039011,550018.286358,3832.631200,87.699972,88.013759
970,-1,101.160023,85.011433,936869.580348,550018.390033,3832.860500,87.695178,88.028625
971,-1,100.799960,84.862788,936870.121358,550018.495019,3833.089800,87.695199,88.048881
972,-1,100.439966,84.714500,936870.662039,550018.601318,3833.319099,87.700033,88.074522
973,-1,100.080011,84.565842,936871.205017,550018.694822,3833.548200,87.695329,88.091239
974,-1,99.720015,84.417774,936871.747011,550018.794231,3833.777400,87.700074,88.117962
975,-1,99.359951,84.269372,936872.291301,550018.880845,3834.006299,87.695281,88.135754
976,-1,98.999939,84.121351,936872.835263,550018.968772,3834.235200,87.695300,88.158923
977,-1,98.640084,83.973463,936873.379553,550019.053089,3834.464000,87.695164,88.182516
978,-1,98.279915,83.825724,936873.924828,550019.134126,3834.692700,87.695099,88.206755
979,-1,97.920066,83.678415,936874.469446,550019.216475,3834.921400,87.699889,88.236406
980,-1,97.559884,83.531001,936875.015705,550019.290949,3835.149900,87.700116,88.262084
981,-1,97.199992,83.383552,936875.562620,550019.356894,3835.378000,87.695264,88.283255
982,-1,96.839972,83.236474,936876.109535,550019.424151,3835.606199,87.695176,88.309751
983,-1,96.479995,83.089627,936876.656778,550019.488128,3835.834200,87.695253,88.336970
984,-1,96.120070,82.942987,936877.204349,550019.548495,3836.062000,87.695168,88.364583
985,-1,95.760073,82.796699,936877.751920,550019.610175,3836.289999,87.699849,88.397528
986,-1,95.400062,82.650256,936878.300803,550019.659059,3836.517200,87.695130,88.421624
987,-1,95.039951,82.504167,936878.849687,550019.709256,3836.744600,87.695181,88.451053
988,-1,94.679998,82.358591,936879.398242,550019.760765,3836.971999,87.700031,88.485812
989,-1,94.320104,82.212791,936879.947782,550019.799151,3837.198600,87.695182,88.511424
990,-1,93.959903,82.067622,936880.497321,550019.843770,3837.425700,87.700011,88.547264
991,-1,93.600081,81.922269,936881.047189,550019.875266,3837.651900,87.695188,88.573989
992,-1,93.239970,81.777381,936881.597385,550019.908074,3837.878200,87.695116,88.605999
993,-1,92.880034,81.633079,936882.147252,550019.942523,3838.104500,87.700163,88.643641
994,-1,92.519897,81.488454,936882.698104,550019.963520,3838.330000,87.695189,88.671815
995,-1,92.159907,81.344355,936883.248628,550019.986158,3838.555600,87.695331,88.705627
996,-1,91.799912,81.200806,936883.799152,550020.009780,3838.781200,87.699919,88.744393
997,-1,91.440099,81.057260,936884.349676,550020.025528,3839.006299,87.700097,88.779281
998,-1,91.079977,80.913819,936884.900856,550020.032746,3839.230600,87.695192,88.809582
999,-1,90.719993,80.771099,936885.451708,550020.046197,3839.455500,87.699990,88.850111
1000,-1,90.359902,80.628195,936886.002888,550020.046525,3839.679300,87.695124,88.881477
1001,-1,90.000000,80.485872,936886.553740,550020.048494,3839.903200,87.695362,88.918446
