"OBJECTID","FEATURE_ID","HORIZ_ANG","ZENITH_ANG","VERTEX_X","VERTEX_Y","VERTEX_Z","DIST_2D","DIST_3D"
1,-1,90.000000,74.777962,941192.875180,553672.921766,4515.262200,4297.066865,4453.308627
2,-1,89.639999,74.725972,941221.527353,553935.917303,4591.295000,4560.152416,4727.129117
3,-1,89.279998,74.658225,941250.181495,553935.894993,4597.158899,4560.400164,4728.916181
4,-1,88.919998,74.621512,941278.831701,553935.444863,4600.301500,4560.400108,4729.748555
5,-1,88.559999,74.587584,941300.866761,553671.797752,4530.675500,4297.299985,4457.605097
6,-1,88.200001,74.542067,941327.856537,553671.034302,4534.349600,4297.299856,4458.582827
7,-1,87.839998,74.495746,941354.832533,553669.868622,4538.025700,4297.066909,4459.339558
8,-1,87.479999,74.452921,941381.809185,553668.766262,4541.485300,4297.066908,4460.265588
9,-1,87.119999,74.414226,941408.790102,553667.727222,4544.677600,4297.299998,4461.346799
10,-1,86.759999,74.375845,941435.752318,553666.285952,4547.780799,4297.300072,4462.181641
11,-1,86.399999,74.336123,941462.690257,553664.442452,4550.928300,4297.066832,4462.805795
12,-1,86.039999,74.295985,941489.646896,553662.895211,4554.241500,4297.300091,4463.926029
13,-1,85.679998,74.257355,941516.559572,553660.713129,4557.302600,4297.066629,4464.530838
14,-1,85.319999,74.211899,941543.494557,553658.827306,4561.049400,4297.299916,4465.773350
15,-1,84.960001,74.167981,941570.398047,553656.539909,4564.607500,4297.300042,4466.742872
16,-1,84.600001,74.125597,941597.264791,553653.851266,4567.976400,4297.066890,4467.438883
17,-1,84.240002,74.049491,941624.159422,553651.457898,4574.214800,4297.299976,4469.373410
18,-1,83.880000,73.964467,941650.990405,553648.431657,4581.048500,4297.066639,4471.031927
19,-1,83.520000,73.877820,941677.852884,553645.700691,4588.154200,4297.299902,4473.224062
20,-1,83.160001,73.822648,941704.643513,553642.337837,4592.571600,4297.066845,4474.228897
21,-1,82.800001,73.795417,941731.469575,553639.269274,4594.853700,4297.299854,4475.089005
22,-1,82.439999,73.766537,941758.246752,553635.801105,4597.203100,4297.299929,4475.745287
23,-1,82.080001,73.739414,941785.001292,553632.164629,4599.410099,4297.299831,4476.362666
24,-1,81.720000,73.722681,941811.699073,553628.129532,4600.703899,4297.066738,4476.501360
25,-1,81.360001,73.691030,941825.264663,553537.683191,4577.688500,4209.599883,4386.090256
26,-1,80.999999,73.655036,941851.365989,553533.402031,4580.493000,4209.371484,4386.659464
27,-1,80.639999,73.627785,941877.512590,553529.407945,4582.734700,4209.599895,4387.509999
28,-1,80.279999,73.613015,941903.596527,553525.024424,4583.913600,4209.600048,4387.842595
29,-1,79.920000,73.597580,941929.612223,553520.252123,4585.078599,4209.371664,4387.952323
30,-1,79.560002,73.571728,941939.787072,553429.517725,4561.351500,4121.900007,4297.340914
31,-1,79.200002,73.558570,941965.242073,553424.744768,4562.380500,4121.900020,4297.632057
32,-1,78.839998,73.567931,941990.666891,553419.812036,4561.648500,4121.900159,4297.425066
33,-1,78.480002,73.578256,942016.014937,553414.500366,4560.775200,4121.676389,4296.963468
34,-1,78.119998,73.589681,942041.420398,553409.467568,4559.947799,4121.900064,4296.944193
35,-1,77.759998,73.705118,942085.292030,553489.539586,4576.498200,4209.371631,4385.537065
36,-1,77.400001,73.780515,942111.121046,553483.851278,4570.488000,4209.371652,4383.854533
37,-1,77.039997,73.863341,942136.914302,553478.000567,4563.890799,4209.371561,4382.016309
38,-1,76.680000,73.952984,942162.669828,553471.988112,4556.756899,4209.371562,4380.038951
39,-1,76.320000,74.048203,942188.387296,553465.813912,4549.186200,4209.371579,4377.952275
40,-1,75.960000,74.148646,942214.120840,553459.699751,4541.272900,4209.599917,4376.003744
41,-1,75.600000,74.249698,942261.512150,553537.921379,4557.922600,4297.066714,4464.699176
42,-1,75.240000,74.354619,942287.701402,553531.350526,4549.497500,4297.300123,4462.644349
43,-1,74.879999,74.467845,942313.728581,553524.164189,4540.279500,4297.066709,4459.942356
44,-1,74.519999,74.592431,942339.770852,553517.039859,4530.220100,4297.066737,4457.259224
45,-1,74.160000,74.718396,942365.831495,553509.976553,4520.125400,4297.300124,4454.812994
46,-1,73.800000,74.845377,942391.783543,553502.524797,4509.896700,4297.299814,4452.127718
47,-1,73.440001,74.966617,942417.688347,553494.910639,4500.142000,4297.300020,4449.587759
48,-1,73.080000,75.098037,942443.544922,553487.133751,4489.580800,4297.300151,4446.860200
49,-1,72.720000,75.232692,942469.351957,553479.194463,4478.772900,4297.300144,4444.093042
50,-1,72.360000,75.403798,942495.037930,553470.870660,4464.997800,4297.066662,4440.375882
51,-1,72.000001,75.598581,942520.813797,553462.829994,4449.472500,4297.299895,4436.714769
52,-1,71.640001,75.729074,942159.673771,552288.947499,4126.704800,3069.333479,3167.066148
53,-1,71.279998,75.822201,942177.958183,552282.815294,4121.395399,3069.333356,3165.761405
54,-1,70.919999,75.915444,942196.258015,552276.726067,4116.125600,3069.500063,3164.636484
55,-1,70.560000,76.008688,942214.464672,552270.364203,4110.817899,3069.499828,3163.348797
56,-1,70.199998,76.109654,942232.574872,552263.731671,4105.034400,3069.333427,3161.793938
57,-1,69.840000,76.215396,942250.699179,552257.142117,4099.026100,3069.333419,3160.356933
58,-1,69.480000,76.322327,942268.781820,552250.438718,4092.955800,3069.333351,3158.915983
59,-1,69.119998,76.430423,942286.881522,552243.777642,4086.865200,3069.500078,3157.643421
60,-1,68.759999,76.539803,942304.819150,552236.692026,4080.626999,3069.333552,3156.023650
61,-1,68.399999,76.651818,942322.833550,552229.803917,4074.325100,3069.500106,3154.724767
62,-1,68.040001,76.758682,942373.539157,552303.984871,4088.917000,3157.200112,3243.430008
63,-1,67.679998,76.863049,942391.913792,552296.508508,4082.850100,3157.199881,3242.045520
64,-1,67.320002,76.974659,942410.240855,552288.917316,4076.368000,3157.199997,3240.578534
65,-1,66.960002,77.088270,942428.520018,552281.210966,4069.775599,3157.200031,3239.099127
66,-1,66.600001,77.203685,942446.682383,552273.232636,4063.045800,3157.028705,3237.434929
67,-1,66.239998,77.321480,942464.862465,552265.297612,4056.223600,3157.028799,3235.930840
68,-1,65.880003,77.454711,942483.061904,552257.404912,4048.553100,3157.200064,3234.423149
69,-1,65.519997,77.605551,942319.438215,551850.159991,3943.468800,2718.700048,2783.576642
70,-1,65.160001,77.666823,942334.962134,551843.032709,3940.421700,2718.699863,2782.924021
71,-1,64.800002,77.727504,942350.378442,551835.674784,3937.373400,2718.552493,2782.130507
72,-1,64.439998,77.789485,942365.874802,551828.486478,3934.326000,2718.700014,2781.628525
73,-1,64.079997,77.894232,942381.261910,551821.067858,3929.125000,2718.699951,2780.533077
74,-1,63.719996,78.005541,942396.602103,551813.552781,3923.602700,2718.699958,2779.380208
75,-1,63.359998,78.118764,942411.894723,551805.941576,3917.990100,2718.700038,2778.219316
76,-1,62.999999,78.233337,942427.139115,551798.234242,3912.315300,2718.699898,2777.056383
77,-1,62.640002,78.349532,942442.267038,551790.300531,3906.534600,2718.552504,2775.738956
78,-1,62.280001,78.466830,942457.412677,551782.402581,3900.734900,2718.552338,2774.573413
79,-1,61.919999,78.585227,942472.578001,551774.540064,3894.915599,2718.700024,2773.560556
80,-1,61.560001,78.740819,942487.623902,551766.452153,3887.235900,2718.699961,2772.050825
81,-1,61.199997,78.934564,942502.618951,551758.269755,3877.684700,2718.699925,2770.201780
82,-1,60.839996,79.130217,942517.490312,551749.864588,3868.023900,2718.552417,2768.218958
83,-1,60.480002,79.303356,942575.665065,551817.938599,3876.104500,2806.399946,2856.027212
84,-1,60.120003,79.445860,942590.905848,551809.070178,3868.850500,2806.247732,2854.540065
85,-1,59.759999,79.540305,943312.927370,553012.626826,4123.140600,4209.599901,4280.733446
86,-1,59.399997,79.629547,943335.736051,552999.234465,4116.362400,4209.600002,4279.508197
87,-1,59.040000,79.716991,943358.459759,552985.699059,4109.724400,4209.599911,4278.318171
88,-1,58.680001,79.817651,943381.098165,552972.021264,4102.087799,4209.600022,4276.961668
89,-1,58.320001,79.927303,943403.530207,552958.006857,4093.733900,4209.371483,4275.267743
90,-1,57.959998,80.041053,943426.115136,552944.239824,4085.156400,4209.599941,4274.000918
91,-1,57.599999,80.160924,943448.491731,552930.137818,4076.081100,4209.600110,4272.440929
92,-1,57.239998,80.313026,943470.655729,552915.703136,4064.536100,4209.371658,4270.258058
93,-1,56.879998,80.462558,943492.976879,552901.512875,4053.273700,4209.599978,4268.602589
94,-1,56.519999,80.608995,943515.083790,552886.991579,4042.215800,4209.600171,4266.784508
95,-1,56.159999,80.737505,943488.136337,552799.302450,4018.180300,4121.676467,4176.127783
96,-1,55.800000,80.843481,943559.021366,552857.533304,4024.528400,4209.600014,4263.933990
97,-1,55.440001,80.938043,943580.850390,552842.597639,4017.402100,4209.599841,4262.805602
98,-1,55.079998,81.027255,943602.454678,552827.337827,4010.646500,4209.371419,4261.521174
99,-1,54.719998,81.112606,943624.225304,552812.316531,4004.256899,4209.599977,4260.755110
100,-1,54.360001,81.166464,943390.259236,552440.605989,3932.057500,3771.100094,3816.367293
101,-1,54.000000,81.265521,943409.351718,552426.573208,3925.350600,3770.895177,3815.140568
102,-1,53.639998,81.363856,943428.476351,552412.586688,3918.727700,3770.895457,3814.140737
103,-1,53.279999,81.458704,943709.816012,552750.131288,3978.231100,4209.600016,4256.812006
104,-1,52.919998,81.514860,943519.333453,552454.216854,3921.647100,3858.590470,3901.293375
105,-1,52.559999,81.549788,943538.756643,552439.705072,3919.273900,3858.800035,3901.151198
106,-1,52.199997,81.628942,943557.961001,552424.904905,3913.826400,3858.799926,3900.354303
107,-1,51.839999,81.637132,943685.309171,552547.727494,3939.015400,4033.981029,4077.336166
108,-1,51.480002,81.602039,943705.325535,552532.176016,3941.572100,4034.200016,4077.925440
109,-1,51.120000,81.656349,943724.970181,552516.157019,3937.633200,4033.980973,4077.135309
110,-1,50.760000,81.728338,943744.789695,552500.355213,3932.488500,4034.200032,4076.608720
111,-1,50.400000,81.798717,943764.371021,552484.259445,3927.429300,4034.200004,4075.883916
112,-1,50.039999,81.845910,943840.176315,552535.262295,3936.603800,4121.899852,4163.997026
113,-1,49.679999,81.897756,943859.830476,552518.396187,3932.766099,4121.676393,4163.233208
114,-1,49.319999,81.964271,943879.668690,552501.746943,3927.916600,4121.900099,4162.773998
115,-1,48.960001,82.028919,943899.255922,552484.803735,3923.173800,4121.899996,4162.113546
116,-1,48.599999,82.089741,943918.588560,552467.569846,3918.682000,4121.676204,4161.271369
117,-1,48.240001,82.146190,943938.109518,552450.549866,3914.574299,4121.900133,4160.929877
118,-1,47.880000,82.204561,943957.373916,552433.240190,3910.295700,4121.899813,4160.347065
119,-1,47.519999,82.265590,943976.529389,552415.810107,3905.823600,4121.899854,4159.742885
120,-1,47.159998,82.312768,944055.207053,552462.566575,3914.205000,4209.600066,4247.774668
121,-1,46.799998,82.361438,944074.388445,552444.354669,3910.533800,4209.371631,4247.058740
122,-1,46.439999,82.423643,944093.768656,552426.354705,3905.912600,4209.599983,4246.673302
123,-1,46.079998,82.482893,944112.878198,552408.067668,3901.482999,4209.599968,4246.091527
124,-1,45.720001,82.536335,944131.872254,552389.661209,3897.488700,4209.600013,4245.570875
125,-1,45.359998,82.585272,944150.590065,552370.972926,3893.802200,4209.371607,4244.867086
126,-1,45.000000,82.633385,944169.511943,552352.491664,3890.237500,4209.600080,4244.635119
127,-1,44.640001,82.685006,944187.993205,552333.569785,3886.352600,4209.371607,4243.912140
128,-1,44.279998,82.732083,944206.681488,552314.851975,3882.866500,4209.600013,4243.696255
129,-1,43.920001,82.774539,944225.087947,552295.857919,3879.696700,4209.599968,4243.296367
130,-1,43.560000,82.819756,944243.374984,552276.748377,3876.321500,4209.599983,4242.873190
131,-1,43.200001,82.873933,944261.374948,552257.368166,3872.249800,4209.371631,4242.139599
132,-1,42.840001,82.932335,944279.586854,552238.186774,3867.921000,4209.600066,4241.831473
133,-1,42.480001,82.984939,944297.510374,552218.736026,3863.997099,4209.600074,4241.350466
134,-1,42.119998,83.031763,944315.141901,552199.019530,3860.477199,4209.371449,4240.695083
135,-1,41.760001,83.084787,944332.988978,552179.498571,3856.551700,4209.600040,4240.447563
136,-1,41.399999,83.140580,944350.371489,552159.562259,3852.365200,4209.371640,4239.718778
137,-1,41.039998,83.186297,944367.971848,552139.818204,3848.985500,4209.599980,4239.543184
138,-1,40.680000,83.221200,944385.275619,552119.814307,3846.384700,4209.600193,4239.235619
139,-1,40.320001,83.245357,944402.278866,552099.553849,3844.557800,4209.371447,4238.793208
140,-1,39.959999,83.282385,944419.504225,552079.481711,3841.826400,4209.600091,4238.699888
141,-1,39.599999,83.293253,944301.279724,551947.350742,3820.391200,4034.200004,4061.996637
142,-1,39.239999,83.284274,944317.375492,551927.769416,3821.032100,4034.200032,4062.071564
143,-1,38.879999,83.297857,944333.177298,551907.949902,3820.036800,4033.980973,4061.737728
144,-1,38.519999,83.317266,944417.811971,551942.923913,3828.952699,4121.900123,4150.096858
145,-1,38.159998,83.337059,944433.701703,551922.472182,3827.483200,4121.676374,4149.703870
146,-1,37.800001,83.384162,944449.815188,551902.196632,3824.074800,4121.900140,4149.532055
147,-1,37.440001,83.442874,944465.624211,551881.682894,3819.794700,4121.900066,4149.041043
148,-1,37.080000,83.497171,944481.125493,551860.935232,3815.811800,4121.676161,4148.365642
149,-1,36.720000,83.547171,944496.854136,551840.359486,3812.193900,4121.900022,4148.179907
150,-1,36.360001,83.610066,944512.093607,551819.418911,3807.586800,4121.676362,4147.442394
151,-1,35.999999,83.672878,944527.381306,551798.515409,3803.012200,4121.676242,4146.935639
152,-1,35.639999,83.729127,944542.719202,551777.646685,3798.941100,4121.899895,4146.711273
153,-1,35.280002,83.778669,944557.743778,551756.551911,3795.334300,4121.899918,4146.318879
154,-1,34.919998,83.826739,944572.452410,551735.234696,3791.811200,4121.676270,4145.716210
155,-1,34.560000,83.887719,944587.394309,551714.080867,3787.397600,4121.900143,4145.466515
156,-1,34.199998,83.948979,944602.018624,551692.706238,3782.940500,4121.899943,4144.994106
157,-1,33.840000,84.002790,944616.322729,551671.116058,3779.002700,4121.676467,4144.358604
158,-1,33.480000,84.050719,944630.863054,551649.684014,3775.540400,4121.899982,4144.220604
159,-1,33.120001,84.101185,944718.533154,551675.956599,3780.931800,4209.599978,4232.008701
160,-1,32.760001,84.129299,944732.723415,551653.635450,3778.820800,4209.371658,4231.565148
161,-1,32.400000,84.164297,944747.158097,551631.471452,3776.245899,4209.600110,4231.529820
162,-1,32.040001,84.193162,944761.260103,551609.094856,3774.103099,4209.599941,4231.312317
163,-1,31.679998,84.220956,944775.027136,551586.509928,3772.016900,4209.371483,4230.874459
164,-1,31.319998,84.240541,944789.041544,551564.077886,3770.586400,4209.600022,4230.958043
165,-1,30.959999,84.268607,944802.719338,551541.439480,3768.503500,4209.599911,4230.749416
166,-1,30.600002,84.290476,944816.254744,551518.715772,3766.880600,4209.600002,4230.587744
167,-1,30.239997,84.306364,944829.449927,551495.791933,3765.678900,4209.371558,4230.241045
168,-1,29.880001,84.315443,944842.697932,551472.901231,3765.005300,4209.371620,4230.174332
169,-1,29.519998,84.320392,944855.801909,551449.927196,3764.638100,4209.371462,4230.137819
170,-1,29.160001,84.322591,944868.761200,551426.871796,3764.474900,4209.371490,4230.121698
171,-1,28.800000,84.318693,944881.775938,551403.845267,3764.786900,4209.600186,4230.380148
172,-1,28.439998,84.307193,944894.445204,551380.627138,3765.640199,4209.600024,4230.464545
173,-1,28.080000,84.288734,944906.968473,551357.330268,3767.009900,4209.600174,4230.600780
174,-1,27.720000,84.267741,944919.142661,551333.848688,3768.544800,4209.371570,4230.526341
175,-1,27.360001,84.243916,944931.371311,551310.397291,3770.312900,4209.371400,4230.703136
176,-1,27.000000,84.249623,944943.656392,551286.973453,3769.912400,4209.600197,4230.890633
177,-1,26.639999,84.269456,944955.590095,551263.368842,3768.440500,4209.600030,4230.743243
178,-1,26.280002,84.284438,944967.375176,551239.690083,3767.328700,4209.599959,4230.632303
179,-1,25.920000,84.294637,944979.011636,551215.937506,3766.571900,4209.600131,4230.557172
180,-1,25.560000,84.332391,944990.292125,551192.013670,3763.747800,4209.371465,4230.049805
181,-1,25.199999,84.367297,945001.628389,551168.118048,3761.158300,4209.371473,4229.794866
182,-1,24.839998,84.395743,945013.021739,551144.247689,3759.070600,4209.600074,4229.817975
183,-1,24.480000,84.431541,945024.057150,551120.210336,3756.415299,4209.599882,4229.559302
184,-1,24.119997,84.521859,945034.733309,551096.010581,3749.695600,4209.371622,4228.685326
185,-1,23.759999,84.604244,945045.465243,551071.837729,3743.588099,4209.371444,4228.106461
186,-1,23.400000,84.678766,945056.045275,551047.597948,3738.065000,4209.371449,4227.590680
187,-1,23.040000,84.750983,945066.683049,551023.381461,3732.735000,4209.599883,4227.327185
188,-1,22.679998,84.822888,945076.958291,550999.009134,3727.408100,4209.599895,4226.843197
189,-1,22.319997,84.891686,945087.080318,550974.572832,3722.312500,4209.600061,4226.386610
190,-1,21.960000,84.957612,945097.048145,550950.073537,3717.430600,4209.599845,4225.954513
191,-1,21.600001,85.012393,945188.403606,550957.796618,3721.028400,4297.299966,4313.633422
192,-1,21.239998,85.074732,945198.046959,550932.576196,3716.297600,4297.066694,4312.992289
193,-1,20.880000,85.160199,945207.966887,550907.463714,3709.860700,4297.299963,4312.676846
194,-1,20.519998,85.239287,945217.292656,550882.124198,3703.867700,4297.066815,4311.943008
195,-1,20.159998,85.303502,945144.354809,550826.584939,3691.814300,4209.371557,4223.552585
196,-1,19.800000,85.354037,945153.391865,550801.728689,3688.076800,4209.371505,4223.248158
197,-1,19.440000,85.403929,945162.488303,550776.892125,3684.405799,4209.600177,4223.180334
198,-1,19.079999,85.428469,945171.212695,550751.922686,3682.591200,4209.599973,4223.035114
199,-1,18.720002,85.450683,945179.563728,550726.825952,3680.930600,4209.371493,4222.675321
200,-1,18.360000,85.472311,945187.973489,550701.750214,3679.331600,4209.371554,4222.548855
201,-1,18.000000,85.528139,945196.442632,550676.692850,3675.222500,4209.599947,4222.454164
202,-1,17.639999,85.620362,945287.890940,550678.017650,3675.105100,4297.066662,4309.651038
203,-1,17.279999,85.733738,945296.214742,550652.331678,3666.571000,4297.300144,4309.240570
204,-1,16.919999,85.842993,945304.154030,550626.524643,3658.332200,4297.300151,4308.635514
205,-1,16.559998,85.948674,945311.930918,550600.668068,3650.365100,4297.300020,4308.065178
206,-1,16.199999,86.096667,945319.545076,550574.763264,3639.211600,4297.299814,4307.291345
207,-1,15.839999,86.245089,945326.996833,550548.811216,3628.029800,4297.300124,4306.544922
208,-1,15.480001,86.392265,945334.284876,550522.812908,3616.945600,4297.299959,4305.833074
209,-1,15.120000,86.558408,945341.184468,550496.708302,3604.423200,4297.066709,4304.830409
210,-1,14.759999,86.736828,945348.370806,550470.681123,3591.009500,4297.300123,4304.279034
211,-1,14.399999,86.912964,945354.941659,550444.491871,3577.745700,4297.066714,4303.311331
212,-1,14.039998,87.082035,945361.800241,550418.376437,3565.042700,4297.300003,4302.878922
213,-1,13.679998,87.233516,945368.041698,550392.106805,3553.642000,4297.066835,4302.080727
214,-1,13.319998,87.384048,945374.344507,550365.853577,3542.327500,4297.066803,4301.549441
215,-1,12.959999,87.540073,945380.482290,550339.561306,3530.602900,4297.066830,4301.030292
216,-1,12.599999,87.684919,945386.454719,550313.230978,3519.720900,4297.066821,4300.576963
217,-1,12.239999,87.827888,945392.261466,550286.863577,3508.982000,4297.066672,4300.156406
218,-1,11.880001,87.963090,945312.309198,550242.454217,3495.717600,4209.599863,4212.261431
219,-1,11.519999,88.057081,945317.449279,550216.508403,3488.795900,4209.371665,4211.793025
220,-1,11.159997,88.151161,945322.649728,550190.576368,3481.876500,4209.371555,4211.563998
221,-1,10.800000,88.244777,950755.146737,551199.955911,3644.310200,9734.699884,9739.269521
222,-1,10.439999,88.243916,950766.419353,551139.838577,3644.456500,9734.700121,9739.274240
223,-1,10.080000,88.241130,950776.793348,551079.559498,3644.914200,9734.171603,9738.760008
224,-1,9.720000,88.236041,950787.829743,551019.397873,3645.795800,9734.700127,9739.315381
225,-1,9.359999,88.229085,950797.966862,550959.078768,3646.978800,9734.699997,9739.351737
226,-1,9.000000,88.221309,950807.203064,550898.614978,3648.284799,9734.171712,9738.864154
227,-1,8.639999,88.218811,950817.103306,550838.255847,3648.726000,9734.699973,9739.405864
228,-1,8.279999,88.219951,950825.579011,550777.680509,3648.515700,9734.171672,9738.871284
229,-1,7.919999,88.220813,950834.720069,550717.201955,3648.385599,9734.700036,9739.395353
230,-1,7.560001,88.214103,950756.019767,550645.056430,3646.792200,9646.999892,9651.688084
231,-1,7.200000,88.202955,950763.286157,550584.879057,3648.654599,9646.476335,9651.223004
232,-1,6.840000,88.190057,950770.693950,550524.723009,3650.828400,9646.476576,9651.291659
233,-1,6.479999,88.170090,950778.243476,550464.580413,3654.210100,9646.999980,9651.922196
234,-1,6.119999,88.138301,950871.569733,550413.626119,3662.401500,9734.171631,9739.312463
235,-1,5.759999,88.089562,950878.424706,550352.846057,3670.708600,9734.699859,9740.113809
236,-1,5.399999,88.040303,950883.846283,550291.921310,3679.069300,9734.171695,9739.868261
237,-1,5.040000,87.973362,950977.297868,550238.764592,3693.577999,9822.399934,9828.547753
238,-1,4.680000,87.926689,950982.526532,550177.270620,3701.589600,9822.399949,9828.834352
239,-1,4.320000,87.888498,950986.837219,550115.704799,3708.125799,9821.866945,9828.540349
240,-1,3.960000,87.847302,950991.824414,550054.190158,3715.217600,9822.400155,9829.337030
241,-1,3.600000,87.788546,950995.360824,549992.575124,3725.284400,9821.866861,9829.187417
242,-1,3.240000,87.741132,950999.042247,549930.972557,3733.424600,9821.866837,9829.504869
243,-1,2.879999,87.687607,951002.869011,549869.374583,3742.636300,9822.399943,9830.404925
244,-1,2.519999,87.626037,951005.243678,549807.703774,3753.186900,9821.866879,9830.303666
245,-1,2.159999,87.578178,951007.763358,549746.042808,3761.405600,9821.866881,9830.647529
246,-1,1.799999,87.551277,951010.428379,549684.383811,3766.048100,9822.399956,9831.377386
247,-1,1.439999,87.539912,951012.173126,549622.692661,3768.000000,9822.399963,9831.460982
248,-1,1.079999,87.539415,950925.845871,549559.338785,3764.316900,9734.700037,9743.683792
249,-1,0.719999,87.538997,950926.806499,549498.181427,3764.387900,9734.699929,9743.686732
250,-1,0.360000,87.541739,950926.854727,549437.016195,3763.898600,9734.171692,9743.137984
251,-1,0.000000,87.547291,950927.046984,549375.854900,3762.953500,9734.171804,9743.097605
252,-1,359.640000,87.551261,951014.548121,549314.142753,3766.028100,9821.866816,9830.843878
253,-1,359.280000,87.561029,951014.499565,549252.426341,3764.373300,9822.399919,9831.305935
254,-1,358.920000,87.578107,951013.530407,549190.718132,3761.440300,9822.400150,9831.181788
255,-1,358.559999,87.614894,950924.500729,549131.220875,3751.469800,9734.699874,9743.140531
256,-1,358.199999,87.653913,950922.771730,549070.080578,3744.829000,9734.700037,9742.866590
257,-1,357.839999,87.693388,950920.130331,549008.972104,3738.089800,9734.171550,9742.064985
258,-1,357.479999,87.711926,950917.633289,548947.861662,3734.935200,9734.171690,9741.938672
259,-1,357.119999,87.725865,950915.279947,548886.741377,3732.584400,9734.700124,9742.373119
260,-1,356.760000,87.738638,950911.487304,548825.693927,3730.389899,9734.171701,9741.758276
261,-1,356.400000,87.751833,950907.838689,548764.641228,3728.144700,9734.171672,9741.669914
262,-1,356.040000,87.764903,950904.333775,548703.576389,3725.941300,9734.700121,9742.111775
263,-1,355.680000,87.790741,950899.391200,548642.610960,3721.524399,9734.171763,9741.412551
264,-1,355.319999,87.840810,950895.118898,548581.594678,3713.025599,9734.699917,9741.616409
265,-1,354.960000,87.895369,950889.937150,548520.649918,3703.743100,9734.700119,9741.271300
266,-1,354.600000,87.932652,950883.846283,548459.788491,3697.381100,9734.171695,9740.511653
267,-1,354.240000,87.953839,950791.167663,548407.665564,3690.662500,9647.000009,9653.154998
268,-1,353.880000,87.957079,950784.374369,548347.433073,3690.097599,9646.476463,9652.611632
269,-1,353.519999,87.960122,950864.858132,548277.291481,3692.708100,9734.171552,9740.344055
270,-1,353.159999,87.964081,950857.764970,548216.542586,3692.034700,9734.171752,9740.320309
271,-1,352.799999,87.973421,950850.289920,548155.839624,3690.445800,9734.171600,9740.263838
272,-1,352.440000,87.987406,950842.433964,548095.184890,3688.066900,9734.171789,9740.180192
273,-1,352.080000,88.001741,950834.720069,548034.507846,3685.647000,9734.700036,9740.623433
274,-1,351.720000,88.010959,950825.579011,547974.029292,3684.060500,9734.171672,9740.040197
275,-1,351.360000,88.021256,950817.103306,547913.453954,3682.327399,9734.699973,9740.508184
276,-1,350.999999,88.039663,950807.203064,547853.094823,3679.178199,9734.171712,9739.872002
277,-1,350.640000,88.074030,950797.966862,547792.631033,3673.350500,9734.699997,9740.202379
278,-1,350.279999,88.088879,950787.829743,547732.311928,3670.824700,9734.700127,9740.117949
279,-1,349.919999,88.119108,950776.793348,547672.150303,3665.665800,9734.171603,9739.419029
280,-1,349.560000,88.159181,950766.419353,547611.871224,3658.867499,9734.700121,9739.726511
281,-1,349.199999,88.186547,950669.000256,547568.187256,3651.436500,9646.999988,9651.834034
282,-1,348.839999,88.201934,950656.941881,547508.784488,3648.826800,9646.476582,9651.228654
283,-1,348.480001,88.205566,950645.023926,547449.357441,3648.214700,9646.476475,9651.209360
284,-1,348.119999,88.211898,950633.245078,547389.898242,3647.163799,9646.999931,9651.699710
285,-1,347.760000,88.220687,950620.069252,547330.733334,3645.666300,9646.476573,9651.129995
286,-1,347.399999,88.228406,950607.033188,547271.541196,3644.365500,9646.476412,9651.089532
287,-1,347.040000,88.236841,950593.625735,547212.432390,3642.944000,9646.476453,9651.045731
288,-1,346.679999,88.243724,950665.183007,547133.204530,3644.473000,9734.171575,9738.746448
289,-1,346.320000,88.248314,950650.905148,547073.733192,3643.692400,9734.171523,9738.722503
290,-1,345.959999,88.251881,950636.766397,547014.224125,3643.102000,9734.699853,9739.232559
291,-1,345.599999,88.283697,950621.230010,546955.064794,3637.675600,9734.171744,9738.540661
292,-1,345.240000,88.336696,950606.344542,546895.738470,3628.679000,9734.699940,9738.803332
293,-1,344.880000,88.418802,950590.065703,546836.778942,3614.703200,9734.171585,9737.879536
294,-1,344.519999,88.515625,950489.413017,546801.191086,3595.969400,9646.476533,9649.714722
295,-1,344.160000,88.622775,950473.556093,546742.687595,3577.930600,9646.999962,9649.787566
296,-1,343.799999,88.768884,950541.046116,546659.960070,3555.201800,9734.700025,9736.947672
297,-1,343.439999,88.840197,950691.921798,546551.285418,3546.631299,9910.099869,9912.130565
298,-1,343.079998,88.857324,950757.890826,546466.133358,3545.417000,9997.799947,9999.788543
299,-1,342.720000,88.901393,950738.901691,546406.253884,3537.713900,9997.257241,9999.095287
300,-1,342.360000,88.945295,950803.626627,546319.758650,3531.665400,10084.952537,10086.661455
301,-1,341.999999,88.991918,950784.755602,546259.264021,3523.466100,10085.499925,10087.061166
302,-1,341.639999,89.037745,950764.464960,546199.230676,3515.387800,10084.952770,10086.375197
303,-1,341.279999,89.073543,950744.316707,546139.153697,3509.085100,10084.952648,10086.271197
304,-1,340.920000,89.105733,950807.190925,546050.357614,3504.795100,10173.200059,10174.439312
305,-1,340.560000,89.134851,950786.106649,545990.015215,3499.623900,10173.200106,10174.359965
306,-1,340.200000,89.153864,950764.124082,545929.993354,3496.239100,10172.648000,10173.757375
307,-1,339.839999,89.161440,950824.606572,545839.700227,3496.177300,10260.343049,10261.442038
308,-1,339.479999,89.178275,950720.067411,545809.992610,3491.904100,10172.647919,10173.694201
309,-1,339.120000,89.199226,950779.931137,545718.748369,3489.417100,10260.900062,10261.902287
310,-1,338.759999,89.220869,950756.244504,545658.785235,3485.532700,10260.343061,10261.291785
311,-1,338.399999,89.244759,950733.218632,545598.565539,3481.261199,10260.899965,10261.791446
312,-1,338.039999,89.273960,950709.297092,545538.696892,3476.030799,10260.899940,10261.723812
313,-1,337.680000,89.302911,950684.484805,545479.191106,3470.838500,10260.343172,10261.102604
314,-1,337.319999,89.330102,950660.328029,545419.415963,3465.975100,10260.900181,10261.601558
315,-1,336.960000,89.353568,950554.577913,545394.332352,3460.782500,10173.200080,10173.847595
316,-1,336.599999,89.372346,950609.352410,545300.981160,3458.402600,10260.343045,10260.958715
317,-1,336.240000,89.377076,950583.563747,545241.896633,3457.555600,10260.343207,10260.949633
318,-1,335.880000,89.387686,950477.365469,545218.811705,3454.718100,10172.648035,10173.228970
319,-1,335.519999,89.398093,950451.062700,545160.557885,3452.870100,10172.647889,10173.209243
320,-1,335.160000,89.401980,950424.895757,545102.238776,3452.185700,10173.200024,10173.754180
321,-1,334.800001,89.404925,950397.362348,545044.552211,3451.657100,10172.647984,10173.196667
322,-1,334.440001,89.409254,950369.966405,544986.804623,3450.888400,10172.647919,10173.188648
323,-1,334.079999,89.418250,950342.704649,544928.988794,3449.296600,10173.199962,10173.724375
324,-1,333.720000,89.432676,950314.583642,544871.587006,3446.734800,10173.199818,10173.698542
325,-1,333.359999,89.452861,950286.102728,544814.362711,3443.150599,10173.200000,10173.663867
326,-1,333.000000,89.510173,950256.770766,544757.569518,3432.969000,10172.647790,10173.019545
327,-1,332.640000,89.516952,950305.459973,544660.407966,3432.504600,10260.343142,10260.707794
328,-1,332.280000,89.562793,950275.652290,544603.245351,3424.295100,10260.343168,10260.641893
329,-1,331.920000,89.642045,950245.486011,544546.271056,3410.102199,10260.343219,10260.543459
330,-1,331.559999,89.704564,950215.451951,544489.222285,3398.909000,10260.900053,10261.036461
331,-1,331.199999,89.756522,950184.570451,544432.628566,3389.603800,10260.900079,10260.992726
332,-1,330.839999,89.800785,950229.428629,544333.771809,3381.979800,10348.038468,10348.101018
333,-1,330.480000,89.831023,950197.570097,544277.093444,3376.518400,10348.038410,10348.083412
334,-1,330.119999,89.859020,950165.355922,544220.616195,3371.461899,10348.038306,10348.069631
335,-1,329.759999,89.883951,950132.787746,544164.342686,3366.959300,10348.038280,10348.059506
336,-1,329.399999,89.898304,950175.837200,544063.345840,3364.523600,10436.300071,10436.316510
337,-1,329.040000,89.921069,950141.794946,544007.301005,3360.376300,10435.733606,10435.743509
338,-1,328.679999,89.951749,950108.370800,543950.885107,3354.788799,10436.300082,10436.303783
339,-1,328.319999,89.990815,949998.998643,543941.327712,3347.658700,10348.038279,10348.038411
340,-1,327.959999,90.030775,949964.678830,543886.104725,3340.441800,10348.038281,10348.039774
341,-1,327.600000,90.052504,949930.487297,543830.797749,3336.516800,10348.600114,10348.604459
342,-1,327.239999,90.059978,949968.748704,543728.857664,3335.075600,10435.733510,10435.739228
343,-1,326.879999,90.054974,949933.568984,543673.519520,3335.986600,10436.299965,10436.304769
344,-1,326.520000,90.057730,949897.568072,543618.713199,3335.484500,10436.300058,10436.305356
345,-1,326.159999,90.056143,949860.752857,543564.449200,3335.774100,10435.733785,10435.738795
346,-1,325.800000,90.057932,949824.536066,543509.784283,3335.447700,10436.299829,10436.305164
347,-1,325.439999,90.056965,949859.732190,543405.916381,3335.536700,10524.000017,10524.005218
348,-1,325.080001,90.061103,949821.582988,543351.906318,3334.777300,10523.428859,10523.434843
349,-1,324.719999,90.065425,949855.152146,543247.159153,3333.883200,10611.124060,10611.130978
350,-1,324.360000,90.072220,949887.743288,543141.754836,3332.514200,10698.819329,10698.827828
351,-1,324.000000,90.073188,949848.401832,543087.246743,3332.333499,10698.819289,10698.828018
352,-1,323.640000,90.098755,949879.340418,542980.996299,3327.408300,10786.514491,10786.530513
353,-1,323.279999,90.129051,949909.755712,542873.757668,3321.505900,10874.799980,10874.827565
354,-1,322.920000,90.165524,949868.259404,542819.472672,3314.584800,10874.209826,10874.255205
355,-1,322.559999,90.253767,949896.522470,542711.780630,3297.448600,10961.905037,10962.012556
356,-1,322.200000,90.356302,949854.949391,542656.861449,3277.827100,10962.499835,10962.711808
357,-1,321.839999,90.469298,949950.001694,542494.569778,3254.774500,11137.295440,11137.669047
358,-1,321.480000,90.507259,1160351.338108,374924.403279,865.992100,280113.799813,280124.778063
359,-1,321.119999,90.511930,1175281.922420,360624.681550,659.152000,300706.979432,300718.982825
360,-1,320.759999,90.495025,1174715.306428,358647.980779,740.920199,301512.599840,301523.853622
361,-1,320.399999,90.502734,1174998.954482,355954.644631,683.418099,303441.999896,303453.681216
362,-1,320.040000,90.492959,1151046.810786,373537.007432,990.361999,273784.540411,273794.674160
363,-1,319.679999,90.449544,1145926.093009,375626.559355,1239.118800,268522.826190,268531.091558
364,-1,319.320000,90.370046,1143832.789125,375201.061518,1620.208199,267207.397677,267212.970738
365,-1,318.959999,90.387620,1141025.518164,375418.908524,1553.573300,264941.699992,264947.763131
366,-1,318.600000,90.364043,1140246.697544,373886.304305,1659.907700,265365.797656,265371.154184
367,-1,318.240000,90.351536,1138758.371452,372979.947850,1720.976700,264854.000047,264858.985201
368,-1,317.880000,90.344686,1131325.908299,377456.883122,1803.902900,256333.187746,256337.826322
369,-1,317.520000,90.374164,1129983.258097,376502.537262,1674.308600,255982.406882,255987.865309
370,-1,317.159999,90.381161,1134873.522922,369774.285627,1588.789500,264138.064268,264143.909232
371,-1,316.800000,90.413271,1130672.737361,371442.420742,1471.115500,259928.692459,259935.454210
372,-1,316.440000,90.428333,1129296.821477,370497.131622,1405.401700,259577.911723,259585.165555
373,-1,316.080000,90.465141,1156784.143471,341762.746177,916.122000,299303.855433,299313.718670
374,-1,315.720000,90.435324,1132506.782577,362810.765105,1315.648900,267221.900102,267229.613291
375,-1,315.359999,90.450618,1135251.564161,357740.584300,1200.980200,272732.197782,272740.632867
376,-1,315.000000,90.434315,1133930.101909,356638.628171,1279.802600,272571.600015,272579.431187
377,-1,314.639999,90.436702,1132951.383722,355192.369252,1265.886199,272907.588199,272915.515444
378,-1,314.279999,90.447649,1214872.130970,268730.382400,283.275399,391997.724846,392009.689378
379,-1,313.920000,90.454861,1128073.064411,355314.231213,1207.117700,269414.399977,269422.890142
380,-1,313.559999,90.460303,1214904.262795,261548.486659,154.955700,397193.300068,397206.118259
381,-1,313.199999,90.458940,1214216.241861,258635.499374,151.233900,398837.953416,398850.748546
382,-1,312.839999,90.455747,1213218.890510,256025.551182,163.695399,400065.686741,400078.343290
383,-1,312.480000,90.450004,1111578.807045,363301.880592,1364.384500,252299.206681,252306.988591
384,-1,312.120000,90.417578,1245271.248321,213081.711545,41.621499,453384.393056,453396.434463
385,-1,311.759999,90.415247,1246072.564960,207907.007000,28.285399,457769.155063,457781.177591
386,-1,311.400000,90.414029,1247400.683038,202051.274288,0.000000,463030.869263,463042.958705
387,-1,311.040000,90.412756,1246150.170119,199056.861970,0.000000,464459.200086,464471.252351
388,-1,310.679999,90.412311,1244269.591531,196767.773701,0.000000,464960.164876,464972.204156
389,-1,310.319999,90.411225,1242842.533690,193934.383370,0.000000,466187.897915,466199.905490
390,-1,309.959999,90.410508,1241126.469865,191421.704340,0.000000,467002.500126,467014.486756
391,-1,309.600000,90.399889,1138750.839643,310569.298722,1182.828899,309931.799912,309939.348753
392,-1,309.239999,90.408361,1238158.061432,185779.119825,0.000000,469458.099944,469470.023877
393,-1,308.880000,90.407242,1236677.359997,182916.243989,0.000000,470748.050656,470759.941916
394,-1,308.519999,90.395302,1084504.010473,369338.097523,1758.353099,230112.310797,230117.787672
395,-1,308.160000,90.405053,1233620.400560,177232.449582,0.000000,473291.212385,473303.039751
396,-1,307.800000,90.374555,1079865.376377,370600.343686,1866.908200,226253.720408,226258.555000
397,-1,307.440000,90.378700,1080711.932755,367156.293815,1829.090300,229498.444153,229503.457237
398,-1,307.079999,90.366580,954517.135933,531745.235634,3204.606700,22099.200445,22099.652766
399,-1,306.720000,90.400233,1227584.222015,165432.160191,0.000000,478991.403106,479003.089724
400,-1,306.359999,90.399794,1225478.139613,163216.570790,0.000000,479517.574525,479529.248320
401,-1,305.999999,90.350108,1072222.728277,369028.733968,1983.813200,222921.300981,222925.462843
402,-1,305.640000,90.362331,1072517.772306,366213.470898,1920.725600,225376.767921,225381.274568
403,-1,305.279999,90.393228,1222773.603027,151390.633156,0.000000,487524.299930,487535.782008
404,-1,304.920000,90.392614,1220704.096996,149003.818376,0.000000,488287.098695,488298.562836
405,-1,304.560000,90.329668,1063370.983841,372003.807086,2106.737299,215379.510589,215383.075830
406,-1,304.200000,90.281620,1063141.374720,369934.087144,2279.598600,216958.024870,216960.645665
407,-1,303.839999,90.360650,1062011.508870,369171.409208,1980.330000,216958.024728,216962.322878
408,-1,303.480000,90.357540,1116422.855099,284431.340827,1363.757600,317649.400125,317655.585005
409,-1,303.119999,90.349401,1060839.585689,365978.139347,2010.630300,218975.015482,218979.087170
410,-1,302.759999,90.384873,1210730.222259,130493.818978,0.000000,498108.965476,498120.203569
411,-1,302.400000,90.384421,1207120.659268,130340.718235,16.105899,496294.299897,496305.470758
412,-1,302.040000,90.380762,1190371.701296,151225.166951,224.563299,469695.707558,469706.079443
413,-1,301.679999,90.384388,1200346.135087,129443.166552,35.396599,493461.117884,493472.223087
414,-1,301.320000,90.384704,1192277.846762,136738.170335,102.741999,483025.384092,483036.272344
415,-1,300.959999,90.380339,1180896.027334,149811.223585,252.893599,465950.100065,465960.366402
416,-1,300.600000,90.378590,1179095.060792,147105.228013,257.849400,467353.300165,467363.502907
417,-1,300.239999,90.380593,1178316.680787,142609.828539,218.379000,470835.745655,470846.133466
418,-1,299.880000,90.361801,1179688.192479,134284.557132,322.972800,478728.317375,478737.862039
419,-1,299.520000,90.372979,1177421.085137,132183.762449,225.000000,479429.879318,479440.037778
420,-1,299.159999,90.375178,1108863.499483,248872.164242,1092.660900,344116.123355,344123.500927
421,-1,298.800000,90.375482,1107183.319445,247440.357723,1087.963300,344554.599509,344561.998445
422,-1,298.440000,90.380146,1162917.015720,139989.015539,256.956300,465574.031428,465584.279085
423,-1,298.079999,90.385034,1164521.650634,130766.606491,157.540599,474456.999948,474467.713415
424,-1,297.720000,90.374899,1162282.998287,128618.151142,235.905199,475308.202967,475318.378034
425,-1,297.359999,90.380116,1157982.531166,130430.614380,216.481799,471712.698045,471723.079127
426,-1,297.000000,90.371412,1155505.210005,128764.215154,285.868199,472063.479151,472073.397635
427,-1,296.640000,90.376497,1154116.490670,124917.621798,225.525699,474869.727064,474879.979618
428,-1,296.279999,90.384510,1149698.104822,127126.572432,185.595000,470923.441052,470934.045799
429,-1,295.920000,90.372064,1148804.252935,122196.655127,261.704700,474957.422189,474967.436536
430,-1,295.559999,90.367423,1149899.790442,112989.349722,243.939599,483726.946096,483736.892492
431,-1,295.199999,90.362419,1146817.742144,112400.769207,291.180699,482937.688973,482947.350497
432,-1,294.840000,90.349513,1081109.368312,247123.172990,1314.216100,333066.523044,333072.720165
433,-1,294.479999,90.349394,1077644.942170,249681.937885,1337.900400,329295.627790,329301.750596
434,-1,294.120000,90.381920,1073358.178106,254193.099138,1190.123900,323420.046683,323427.231998
435,-1,293.760000,90.379549,1125843.011784,129925.102924,310.032500,458295.326488,458305.382228
436,-1,293.400000,90.374377,1125920.479805,122495.547573,306.704100,465135.555181,465145.484782
437,-1,293.040000,90.368952,1122043.241825,124144.724393,370.351100,462091.299926,462100.880711
438,-1,292.680000,90.370501,1120575.513461,120127.043780,337.607099,465223.250455,465232.977327
439,-1,292.319999,90.376140,1118217.595933,118173.779314,285.893200,466125.499997,466135.544666
440,-1,291.960000,90.370647,1115593.720275,116849.483078,329.043900,466363.288747,466373.047158
441,-1,291.600000,90.367246,1116359.191513,106956.242366,296.021399,475834.374475,475844.149173
442,-1,291.240000,90.357962,1119135.667259,91560.195074,277.248399,491181.041608,491190.627833
443,-1,290.880000,90.367229,1116536.933611,89713.766024,192.744000,491970.298673,491980.403878
444,-1,290.519999,90.365055,1115182.358893,84514.578916,183.474700,496355.060770,496365.135680
445,-1,290.160000,90.363306,1091252.771253,140644.685488,585.092900,435406.868640,435415.621983
446,-1,289.800000,90.369283,1092276.082527,129726.102994,471.281000,446017.992705,446027.256820
447,-1,289.439999,90.365622,1087009.578296,136227.729099,550.141799,438125.421268,438134.341936
448,-1,289.080000,90.365006,1091356.279248,115239.773043,419.501300,459372.599848,459381.921593
449,-1,288.719999,90.356426,1088054.669710,115989.576005,499.355500,457593.764628,457602.618886
450,-1,288.360000,90.350073,1095079.597589,85694.758314,360.954500,488550.184387,488559.303628
451,-1,287.999999,90.358348,1091052.112534,88156.546698,312.880600,484954.679613,484964.164750
452,-1,287.639999,90.351189,1088124.672523,87307.635338,374.013999,484866.984440,484876.092729
453,-1,287.279999,90.355713,1089777.129192,71739.574282,240.451000,500213.651455,500223.291678
454,-1,286.920000,90.265506,949742.908276,521269.658488,3209.862800,29377.905689,29378.221117
455,-1,286.559999,90.176839,949641.128624,520964.318876,3254.514600,29640.991304,29641.132487
456,-1,286.200000,90.119027,949486.914366,520827.584897,3284.240800,29728.686587,29728.750737
457,-1,285.840000,90.196088,949403.124179,520438.574849,3243.055800,30079.467505,30079.643663
458,-1,285.479999,90.350294,1068053.580119,91310.085010,440.028600,475308.203172,475317.086451
459,-1,285.120000,90.341539,1065081.484685,90860.680397,514.748200,474957.422107,474965.860669
460,-1,284.759999,90.346135,1065169.632147,78812.731068,406.191999,486620.889172,486629.769177
461,-1,284.400000,90.349164,1062472.276321,77023.774344,374.045400,487673.231936,487682.287623
462,-1,284.040000,90.351468,1057246.897664,85289.083601,411.457399,478377.536502,478386.537196
463,-1,283.680000,90.356577,1057356.698954,72128.768386,289.119600,491181.041511,491190.553714
464,-1,283.320000,90.368521,1055285.180459,67482.853793,160.779599,495215.022631,495225.266185
465,-1,282.960000,90.375328,1052019.115469,67801.043774,108.833299,494162.679942,494173.282864
466,-1,282.600000,90.366656,1048742.432390,68226.794891,190.922600,493022.641675,493032.736963
467,-1,282.240000,90.363639,1045196.604180,69960.192343,232.474900,490567.174963,490577.055303
468,-1,281.880000,90.353472,1039510.444292,82017.084567,399.598100,477588.279382,477597.367965
469,-1,281.520000,90.355069,1037710.406225,75823.205879,350.956600,483288.469958,483297.750335
470,-1,281.159999,90.357453,1035785.450102,69891.827650,296.926999,488725.574958,488735.086181
471,-1,280.799999,90.369177,1030310.884935,82202.887017,281.509800,475597.100058,475606.972913
472,-1,280.440000,90.358253,1029005.894763,72794.474404,315.880000,484603.898709,484613.371949
473,-1,280.080000,90.363333,1025902.291062,72856.531366,276.799700,483990.031757,483999.763255
474,-1,279.720000,90.307405,1005169.123867,175884.430953,1312.924300,378931.133794,378936.587775
475,-1,279.359999,90.352508,1002935.260553,174797.609964,1010.304099,379632.695814,379639.880948
476,-1,279.000000,90.329144,999976.896391,178228.152643,1187.285900,375774.105068,375780.305613
477,-1,278.639999,90.369248,1013979.607230,70358.065234,223.443599,484516.203216,484526.265064
478,-1,278.279999,90.345028,1010804.254985,71038.345370,435.126000,483376.165343,483384.929853
479,-1,277.919999,90.354107,1007882.002300,70002.397967,354.738200,483990.031806,483999.275346
480,-1,277.560000,90.349404,1002991.443839,83737.644774,481.481700,469721.200093,469729.934412
481,-1,277.199999,90.352735,997709.255585,102002.637772,569.867499,450928.926393,450937.471906
482,-1,276.839999,90.346742,993748.361604,111234.186894,675.415500,441282.449681,441290.530623
483,-1,276.480000,90.306454,985016.648752,163542.151176,1269.022300,388314.524657,388320.079182
484,-1,276.120000,90.323850,989453.914484,99272.958192,787.294899,452682.831063,452690.062307
485,-1,275.759999,90.336896,986897.738822,96273.785385,668.230800,455401.383353,455409.255953
486,-1,275.400000,90.339927,986393.741142,71200.641961,496.376799,480306.831674,480315.284896
487,-1,275.039999,90.336780,975761.314573,157408.691658,1033.077399,393488.543750,393495.341361
488,-1,274.679999,90.350056,980467.264478,69621.566379,405.035499,481359.174638,481368.158773
489,-1,274.320000,90.319494,976355.561088,83900.320630,742.976899,466801.764654,466809.022206
490,-1,273.960000,90.334846,974102.459295,73977.644938,561.012900,476535.936485,476544.074473
491,-1,273.600000,90.326922,971070.762930,74480.430677,630.920100,475834.374677,475842.120648
492,-1,273.240000,90.318097,967179.314348,90324.654566,793.311300,459786.145451,459793.231538
493,-1,272.880000,90.316463,963281.093470,110314.869179,917.830700,439616.240111,439622.945916
494,-1,272.519999,90.311115,958474.546981,156705.892538,1211.723800,393050.067448,393055.862004
495,-1,272.159999,90.312118,956016.919678,156342.161311,1203.408800,393313.153342,393318.989230
496,-1,271.800000,90.292065,953558.158192,155906.170057,1339.277700,393663.934232,393669.048884
497,-1,271.439999,90.261964,951090.094886,155660.908736,1545.297100,393839.324840,393843.441385
498,-1,271.079999,90.251053,948607.867239,156044.893204,1622.217099,393400.848418,393404.624989
499,-1,270.720000,90.257318,946209.096774,150218.638781,1553.209600,399188.734384,399192.760150
500,-1,270.360000,90.266791,944064.145684,92404.977505,1218.105300,456979.897787,456984.851956
501,-1,270.000000,90.263358,941192.875180,82398.699618,1199.535099,466977.155282,466982.088379
502,-1,269.639999,90.249592,938188.262094,71183.148230,1262.836300,478202.145972,478206.683332
503,-1,269.280000,90.236853,936064.251579,141274.430619,1658.815800,408133.648796,408137.136108
504,-1,268.920000,90.206646,933485.316448,140525.592878,1871.149000,408922.906202,408925.565846
505,-1,268.560000,90.152598,930918.807473,140669.758600,2257.129300,408835.210836,408836.660855
506,-1,268.200000,90.118555,934036.491855,321656.041640,2874.571900,227832.234711,227832.722447
507,-1,267.839999,90.170603,932566.173601,320653.906177,2664.474800,228884.577479,228885.592129
508,-1,267.480000,90.200114,930990.442500,317558.648260,2535.554000,232041.606025,232043.021333
509,-1,267.119999,90.204712,918139.701798,91133.868499,1706.669700,458821.497866,458824.426450
510,-1,266.760000,90.093984,938749.366943,506211.208290,3275.081900,43233.753590,43233.811754
511,-1,266.399999,89.993391,938379.089469,504652.013902,3351.168999,44812.267780,44812.268079
512,-1,266.039999,89.928234,938104.195005,504758.061918,3402.019499,44724.572617,44724.607700
513,-1,265.680000,89.876954,937823.916038,504778.349279,3442.048599,44724.572589,44724.675724
514,-1,265.320000,89.871975,937543.769945,504800.397135,3445.934700,44724.572708,44724.684357
515,-1,264.959999,89.898855,937225.247288,504387.424208,3425.726500,45163.048692,45163.119063
516,-1,264.600000,89.975995,936942.656974,504413.241414,3364.921200,45163.048683,45163.052646
517,-1,264.239999,89.978877,936369.792962,501561.502038,3363.716300,48056.991808,48056.995074
518,-1,263.879999,90.078595,936060.114448,501505.554644,3279.957400,48144.686927,48144.732224
519,-1,263.519999,90.203334,935789.130738,501800.154448,3176.074400,47881.601137,47881.902658
520,-1,263.160000,90.257636,884407.465785,75970.399810,1202.012300,476799.022261,476803.842594
521,-1,262.800007,90.099701,941126.928461,548853.832322,3345.084400,526.171589,526.172386
522,-1,262.439994,89.910746,941123.645987,548854.228975,3346.819699,526.199854,526.200493
523,-1,262.080015,89.722088,941120.374012,548854.702399,3348.552200,526.171406,526.177595
524,-1,261.719988,89.533419,941117.100725,548855.168278,3350.284900,526.171385,526.188832
525,-1,261.359996,89.344859,941113.830718,548855.654497,3352.016699,526.171536,526.205935
526,-1,261.000019,89.156410,941110.563992,548856.161386,3353.747600,526.171531,526.228567
527,-1,260.640007,88.968089,941107.300219,548856.688944,3355.477499,526.171420,526.256769
528,-1,260.279987,88.779909,941104.039727,548857.236843,3357.206300,526.171480,526.290801
529,-1,259.920010,88.591875,941100.783172,548857.805412,3358.933999,526.171275,526.330218
530,-1,259.560004,88.404004,941097.529898,548858.393993,3360.660500,526.171562,526.375762
531,-1,259.200011,88.216307,941094.280560,548859.003244,3362.385700,526.171582,526.426656
532,-1,258.839982,88.028801,941091.034832,548859.633164,3364.109500,526.171395,526.482945
533,-1,258.479988,87.841479,941087.793369,548860.283097,3365.831999,526.171522,526.545135
534,-1,258.119998,87.654375,941084.556170,548860.953699,3367.552900,526.171316,526.612554
535,-1,257.760015,87.467475,941081.323237,548861.644315,3369.272400,526.171419,526.685833
536,-1,257.400016,87.280814,941078.094569,548862.355271,3370.990200,526.171509,526.764622
537,-1,257.039987,87.148509,941074.870166,548863.086569,3372.208100,526.171592,526.823888
538,-1,256.679984,87.044349,941071.650684,548863.838208,3373.167100,526.171522,526.872397
539,-1,256.319983,86.875575,941109.915700,549035.024873,3365.147600,350.781103,351.303306
540,-1,255.959987,86.683947,941107.775940,549035.553088,3366.324500,350.780849,351.369164
541,-1,255.599991,86.492576,941105.639462,549036.094425,3367.500300,350.780916,351.439203
542,-1,255.240019,86.301444,941103.506592,549036.649214,3368.675099,350.780903,351.513018
543,-1,254.880006,86.110574,941101.377003,549037.217454,3369.848800,350.780894,351.590673
544,-1,254.519989,85.920001,941099.251023,549037.799146,3371.021200,350.780808,351.672057
545,-1,254.160020,85.729698,941097.128980,549038.393961,3372.192500,350.780872,351.757398
546,-1,253.800017,85.539717,941095.010546,549039.002228,3373.362400,350.780857,351.846430
547,-1,253.439984,85.350031,941092.895721,549039.623617,3374.531099,350.781082,351.939471
548,-1,253.079991,85.160671,941090.785161,549040.258459,3375.698399,350.781047,352.035990
549,-1,252.719975,84.971641,941088.678538,549040.906751,3376.864300,350.780847,352.136064
550,-1,252.360003,84.782954,941086.576180,549041.567839,3378.028800,350.781009,352.240203
551,-1,251.999977,84.594636,941084.477759,549042.242379,3379.191700,350.781007,352.347845
552,-1,251.640003,84.406661,941082.383931,549042.930041,3380.353200,350.780954,352.459104
553,-1,251.280015,84.219082,941080.294368,549043.630827,3381.513000,350.780948,352.574030
554,-1,250.919999,84.031887,941078.209070,549044.344737,3382.671200,350.780993,352.692617
555,-1,250.559991,83.868328,941076.128366,549045.071769,3383.683800,350.780983,352.799329
556,-1,250.199978,83.737597,941074.052254,549045.811925,3384.493600,350.780918,352.886681
557,-1,249.840012,83.606773,941071.981064,549046.564877,3385.304399,350.780995,352.976122
558,-1,249.480012,83.475854,941069.914467,549047.330951,3386.116200,350.781017,353.067460
559,-1,249.120014,83.344807,941067.852792,549048.110149,3386.929200,350.780871,353.160613
560,-1,248.760021,83.213671,941065.796037,549048.902142,3387.743200,350.780863,353.255869
561,-1,248.400021,83.082415,941063.744204,549049.706931,3388.558399,350.780995,353.353257
562,-1,248.039996,82.943400,941094.491846,549131.857357,3378.566700,263.085692,265.093703
563,-1,247.680039,82.759827,941092.955432,549132.466936,3379.424700,263.100089,265.214758
564,-1,247.319978,82.576927,941091.433453,549133.112932,3380.276600,263.085703,265.309201
565,-1,246.960031,82.394187,941089.904913,549133.741868,3381.132199,263.099974,265.435242
566,-1,246.599968,82.212153,941088.391137,549134.406892,3381.981400,263.085643,265.534775
567,-1,246.240028,82.030410,941086.876376,549135.067980,3382.831900,263.085703,265.651418
568,-1,245.880009,81.849121,941085.365552,549135.738911,3383.681000,263.085553,265.770326
569,-1,245.520021,81.668281,941083.858993,549136.419028,3384.528800,263.085662,265.891960
570,-1,245.160019,81.487927,941082.356700,549137.108659,3385.375100,263.085731,266.015978
571,-1,244.799990,81.308018,941080.858671,549137.807804,3386.220100,263.085761,266.142395
572,-1,244.439984,81.128594,941079.365236,549138.516464,3387.063599,263.085614,266.271026
573,-1,244.080017,80.949668,941077.876394,549139.234311,3387.905600,263.085583,266.402146
574,-1,243.720011,80.785634,941076.391817,549139.961343,3388.678300,263.085811,266.525010
575,-1,243.359984,80.643074,941074.911833,549140.697890,3389.350400,263.085861,266.633508
576,-1,242.999987,80.500683,941073.436770,549141.443952,3390.022200,263.085587,266.743285
577,-1,242.640004,80.358447,941071.966301,549142.198872,3390.693900,263.085721,266.855094
578,-1,242.279958,80.216345,941070.500424,549142.963306,3391.365500,263.085681,266.968357
579,-1,241.920027,80.074410,941069.039797,549143.736598,3392.036900,263.085742,267.083328
580,-1,241.560003,79.932634,941067.583763,549144.519405,3392.708100,263.085633,267.199732
581,-1,241.200002,79.791035,941066.132651,549145.311070,3393.379100,263.085777,267.317985
582,-1,240.840040,79.649596,941064.686788,549146.111922,3394.049900,263.085727,267.437643
583,-1,240.479976,79.508332,941063.245518,549146.921959,3394.720500,263.085804,267.559017
584,-1,240.120019,79.367236,941061.809825,549147.740855,3395.390900,263.085812,267.681911
585,-1,239.759995,79.226311,941060.379053,549148.568938,3396.061100,263.085788,267.806359
586,-1,239.399979,79.085631,941058.946314,549149.393739,3396.733500,263.099978,267.946798
587,-1,239.040005,78.944997,941057.533587,549150.252005,3397.400800,263.085562,268.059798
588,-1,238.679987,78.804630,941056.118563,549151.106662,3398.070300,263.085808,268.189221
589,-1,238.319966,78.664446,941054.709117,549151.970506,3398.739500,263.085695,268.319842
590,-1,237.960004,78.524471,941053.305249,549152.842879,3399.408400,263.085779,268.452201
591,-1,237.600010,78.384682,941051.906958,549153.724439,3400.077000,263.085502,268.585746
592,-1,237.239985,78.245090,941050.513916,549154.614529,3400.745400,263.085596,268.721212
593,-1,236.880037,78.105724,941049.126779,549155.513149,3401.413400,263.085707,268.858205
594,-1,236.519981,77.966615,941047.737018,549156.408817,3402.083900,263.100112,269.011288
595,-1,236.160016,77.827599,941046.369239,549157.336965,3402.748500,263.085687,269.136528
596,-1,235.800014,77.688846,941044.999163,549158.261832,3403.415599,263.085651,269.277943
597,-1,235.439972,77.550352,941043.634664,549159.195229,3404.082200,263.085812,269.421021
598,-1,235.079995,77.412060,941042.276399,549160.137156,3404.748500,263.085799,269.565435
599,-1,234.720009,77.274001,941040.924040,549161.087613,3405.414399,263.085796,269.711340
600,-1,234.360000,77.136175,941039.577586,549162.046601,3406.079900,263.085805,269.858732
601,-1,234.000011,76.998574,941038.237365,549163.014119,3406.745000,263.085636,270.007420
602,-1,233.640013,76.861222,941036.903051,549163.989839,3407.409700,263.085745,270.157844
603,-1,233.280007,76.724117,941035.574969,549164.974089,3408.073900,263.085676,270.309530
604,-1,232.920021,76.587275,941034.253121,549165.966541,3408.737599,263.085691,270.462728
605,-1,232.559997,76.450682,941032.937507,549166.967523,3409.400800,263.085528,270.617177
606,-1,232.200009,76.314366,941031.628127,549167.976379,3410.063500,263.085711,270.773380
607,-1,231.839956,76.178281,941030.324980,549168.993766,3410.725800,263.085720,270.930850
608,-1,231.480022,76.042496,941029.028722,549170.019026,3411.387400,263.085667,271.089617
609,-1,231.120039,75.906977,941027.738699,549171.052488,3412.048500,263.085699,271.249865
610,-1,230.759991,75.771726,941026.454909,549172.094153,3412.709099,263.085820,271.411592
611,-1,230.399975,75.636763,941025.178008,549173.144020,3413.369000,263.085617,271.574344
612,-1,230.040013,75.502105,941023.907670,549174.201432,3414.028300,263.085804,271.738827
613,-1,229.679999,75.367727,941022.643893,549175.267047,3414.687000,263.085875,271.904545
614,-1,229.319973,75.233619,941021.387005,549176.340864,3415.345100,263.085622,272.071291
615,-1,228.959959,75.099859,941020.136680,549177.422226,3416.002400,263.085756,272.239694
616,-1,228.600005,74.966371,941018.893572,549178.511463,3416.659100,263.085598,272.409141
617,-1,228.239989,74.833219,941017.657026,549179.608574,3417.315000,263.085579,272.579990
618,-1,227.879998,74.700387,941016.427370,549180.713230,3417.970200,263.085729,272.752288
619,-1,227.519970,74.567860,941015.204603,549181.825761,3418.624700,263.085804,272.925791
620,-1,227.159991,74.435681,941013.989054,549182.945837,3419.278300,263.085826,273.100460
621,-1,226.799999,74.303797,941012.780723,549184.073788,3419.931200,263.085553,273.276106
622,-1,226.440024,74.172287,941011.579282,549185.208956,3420.583199,263.085686,273.453345
623,-1,226.080007,74.041093,941010.385059,549186.351999,3421.234400,263.085525,273.631520
624,-1,225.719980,73.910294,941009.197725,549187.502259,3421.884600,263.085774,273.811243
625,-1,225.359983,73.779812,941008.017938,549188.660065,3422.534000,263.085739,273.991896
626,-1,225.000000,73.649694,941006.845368,549189.825089,3423.182500,263.085882,274.173886
627,-1,224.640016,73.519952,941005.680344,549190.997659,3423.829900,263.085739,274.356701
628,-1,224.280019,73.390575,941004.522538,549192.177446,3424.476400,263.085774,274.540835
629,-1,223.919992,73.261554,941003.372278,549193.364780,3425.121900,263.085525,274.725806
630,-1,223.559975,73.132931,941002.229235,549194.559003,3425.766399,263.085686,274.912271
631,-1,223.200000,73.004685,941001.094067,549195.760444,3426.409799,263.085553,275.099516
632,-1,222.840008,72.880538,940999.966117,549196.968775,3427.033600,263.085826,275.282757
633,-1,222.480029,72.763252,940998.846040,549198.184324,3427.623600,263.085804,275.456988
634,-1,222.120001,72.646588,940997.733509,549199.407091,3428.211200,263.085729,275.631606
635,-1,221.760010,72.530563,940996.628853,549200.636747,3428.796300,263.085579,275.806543
636,-1,221.399994,72.415191,940995.531742,549201.873293,3429.378900,263.085598,275.982015
637,-1,221.040013,72.299637,940928.298281,549145.537120,3457.950900,350.780865,368.212193
638,-1,220.680001,72.161095,940926.856355,549147.204111,3458.886199,350.780841,368.497615
639,-1,220.320010,72.023217,940925.424927,549148.879961,3459.818499,350.780929,368.784370
640,-1,219.959984,71.886007,940924.003998,549150.564997,3460.747700,350.780918,369.072198
641,-1,219.600026,71.749487,940922.593896,549152.258563,3461.673700,350.780977,369.361204
642,-1,219.240006,71.613646,940921.194292,549153.961315,3462.596500,350.780939,369.651202
643,-1,218.880024,71.478478,940919.805516,549155.672598,3463.516200,350.780968,369.942353
644,-1,218.520001,71.344040,940918.412474,549157.380928,3464.438800,350.800019,370.254510
645,-1,218.160007,71.210249,940917.060114,549159.121410,3465.345600,350.781065,370.527634
646,-1,217.799976,71.077157,940915.703818,549160.858939,3466.255399,350.780881,370.821504
647,-1,217.439969,70.944787,940914.358348,549162.604671,3467.161800,350.780965,371.116514
648,-1,217.080007,70.813138,940913.024033,549164.358604,3468.064700,350.781053,371.412356
649,-1,216.720032,70.682184,940911.700873,549166.121068,3468.964200,350.780944,371.708845
650,-1,216.359997,70.551951,940910.388540,549167.892062,3469.860200,350.780905,372.006173
651,-1,216.000006,70.422459,940909.087361,549169.670930,3470.752600,350.781065,372.304400
652,-1,215.639991,70.293673,940907.797666,549171.458328,3471.641399,350.780768,372.602884
653,-1,215.280005,70.165647,940906.518797,549173.253271,3472.526600,350.781125,372.902639
654,-1,214.919995,70.038325,940905.251739,549175.056746,3473.408100,350.780761,373.202313
655,-1,214.559987,69.911774,940903.995508,549176.867766,3474.285900,350.781049,373.503168
656,-1,214.200015,69.785942,940902.751088,549178.686660,3475.160000,350.780991,373.804239
657,-1,213.840003,69.661644,940901.517823,549180.513428,3476.024900,350.781128,374.104096
658,-1,213.479996,69.549945,940900.296368,549182.348070,3476.803199,350.780920,374.375121
659,-1,213.119997,69.438671,940899.086397,549184.190257,3477.579700,350.780820,374.647035
660,-1,212.759989,69.327852,940897.887909,549186.039991,3478.354200,350.780828,374.919756
661,-1,212.400006,69.217494,940896.700903,549187.896943,3479.126699,350.781122,375.193435
662,-1,212.039999,69.107564,940895.526037,549189.761769,3479.897100,350.780795,375.467175
663,-1,211.680033,68.998104,940894.362653,549191.633484,3480.665500,350.780926,375.742006
664,-1,211.320031,68.889107,940893.211081,549193.512745,3481.431700,350.780891,376.017258
665,-1,210.960025,68.780584,940892.071319,549195.399225,3482.195700,350.780862,376.293079
666,-1,210.600000,68.678470,940890.943369,549197.292922,3482.915599,350.780841,376.554219
667,-1,210.239989,68.585399,940889.827229,549199.193508,3483.572700,350.780996,376.793783
668,-1,209.880004,68.492665,940888.723229,549201.100985,3484.228200,350.781043,377.033652
669,-1,209.519985,68.400275,940887.631367,549203.015679,3484.882000,350.780816,377.273629
670,-1,209.159983,68.308275,940886.551317,549204.936935,3485.534000,350.780928,377.514233
671,-1,208.800012,68.216649,940885.483406,549206.864753,3486.184200,350.781089,377.755188
672,-1,208.440011,68.125401,940884.427634,549208.799460,3486.832500,350.781140,377.996298
673,-1,208.079989,68.034514,940883.384329,549210.741057,3487.478900,350.780797,378.237289
674,-1,207.719977,67.944066,940882.352835,549212.688888,3488.123200,350.780949,378.478900
675,-1,207.360010,67.854023,940881.333808,549214.642952,3488.765400,350.781012,378.720580
676,-1,207.000004,67.764391,940880.326920,549216.603578,3489.405499,350.781125,378.962445
677,-1,206.639967,67.675168,940879.332500,549218.570766,3490.043400,350.781001,379.204182
678,-1,206.279980,67.586384,940878.350546,549220.543859,3490.679000,350.780935,379.446014
679,-1,205.920031,67.498050,940877.381060,549222.522858,3491.312200,350.780921,379.687885
680,-1,205.559984,67.410166,940876.423713,549224.508418,3491.943000,350.780969,379.929793
681,-1,205.200016,67.322737,940875.479161,549226.499556,3492.571300,350.780916,380.171537
682,-1,204.839995,67.235775,940874.547076,549228.496927,3493.197000,350.780777,380.413078
683,-1,204.479996,67.149357,940873.610070,549230.492002,3493.827699,350.799917,380.675204
684,-1,204.119975,67.063302,940872.720308,549232.508730,3494.440500,350.780937,380.896112
685,-1,203.760020,66.977808,940871.825953,549234.522834,3495.058099,350.781069,381.137345
686,-1,203.400024,66.892808,940870.944393,549236.542843,3495.672800,350.780958,381.378064
687,-1,203.040001,66.808313,940870.075300,549238.568430,3496.284700,350.781038,381.618694
688,-1,202.680007,66.724354,940869.219003,549240.599265,3496.893500,350.781139,381.858947
689,-1,202.319999,66.640888,940868.375829,549242.635679,3497.499300,350.780828,382.098452
690,-1,201.960020,66.557994,940867.545122,549244.677013,3498.101899,350.780964,382.337903
691,-1,201.599978,66.475638,940866.727210,549246.723925,3498.701300,350.780995,382.576781
692,-1,201.239978,66.393826,940865.922421,549248.775758,3499.297400,350.780863,382.814977
693,-1,200.879985,66.312591,940865.130428,549250.832513,3499.890100,350.780871,383.052714
694,-1,200.519987,66.231931,940864.351230,549252.894188,3500.479400,350.781017,383.289977
695,-1,200.159987,66.151838,940863.585156,549254.960785,3501.065200,350.780995,383.526430
696,-1,199.800021,66.072332,940862.832204,549257.031975,3501.647400,350.780918,383.762121
697,-1,199.440008,65.993451,940862.092048,549259.108087,3502.225800,350.780983,383.997133
698,-1,199.080000,65.915153,940861.365016,549261.188791,3502.800600,350.780993,384.231354
699,-1,198.719984,65.837477,940860.651106,549263.274089,3503.371499,350.780948,384.464644
700,-1,198.359996,65.760442,940859.950320,549265.363652,3503.938400,350.780954,384.697044
701,-1,197.999996,65.664106,940525.650136,549159.060386,3663.296600,701.561914,769.978085
702,-1,197.639996,65.494754,940524.301057,549163.256900,3665.797800,701.562018,771.012256
703,-1,197.279991,65.326707,940522.978553,549167.461944,3668.286300,701.561910,772.047649
704,-1,196.920008,65.159962,940521.682296,549171.674863,3670.762300,701.562095,773.084682
705,-1,196.559997,64.994487,940520.412942,549175.896311,3673.225800,701.561756,774.122485
706,-1,196.200007,64.830298,940519.169834,549180.125305,3675.676900,701.561805,775.161805
707,-1,195.840005,64.667377,940517.953301,549184.362173,3678.115600,701.561833,776.202150
708,-1,195.480003,64.505713,940516.763343,549188.606587,3680.542000,701.561933,777.243524
709,-1,195.119993,64.345293,940515.600287,549192.858547,3682.956100,701.561789,778.285524
710,-1,194.759992,64.188570,940514.427061,549197.107883,3685.339300,701.599847,779.354544
711,-1,194.400008,64.043379,940513.354229,549201.383465,3687.517300,701.561832,780.271151
712,-1,194.040006,63.899182,940512.271226,549205.656422,3689.704100,701.562017,781.230934
713,-1,193.679997,63.755452,940511.215454,549209.936269,3691.889000,701.561810,782.194460
714,-1,193.320006,63.612228,940510.186256,549214.222350,3694.071800,701.562005,783.162323
715,-1,192.960007,63.469511,940509.184290,549218.514992,3696.252100,701.561885,784.133670
716,-1,192.600004,63.327327,940508.209226,549222.813868,3698.429699,701.561847,785.108730
717,-1,192.240010,63.185703,940507.261065,549227.118649,3700.604200,701.561961,786.087351
718,-1,191.879990,63.045121,940506.302734,549231.421790,3702.787400,701.600061,787.108566
719,-1,191.520003,62.904182,940505.446108,549235.745929,3704.942800,701.562008,788.054050
720,-1,191.160000,62.764784,940504.541911,549240.060553,3707.118800,701.600166,789.081479
721,-1,190.800007,62.625080,940503.739747,549244.395190,3709.265700,701.562043,790.032448
722,-1,190.439997,62.486491,940502.927412,549248.727858,3711.420300,701.561976,791.025411
723,-1,190.079994,62.348553,940502.142309,549253.065448,3713.570200,701.561934,792.020833
724,-1,189.719998,62.211730,940501.347035,549257.401397,3715.728099,701.599891,793.058178
725,-1,189.360008,62.074751,940500.653795,549261.754735,3717.853900,701.562037,794.018019
726,-1,189.000001,61.938903,940499.950712,549266.106432,3719.987200,701.561860,795.019162
727,-1,188.639997,61.803783,940499.274861,549270.462395,3722.114500,701.561816,796.022047
728,-1,188.280009,61.669428,940498.626240,549274.822294,3724.235200,701.561955,797.026376
729,-1,187.920001,61.535821,940498.005178,549279.186459,3726.349300,701.561904,798.031764
730,-1,187.560008,61.403007,940497.411347,549283.554232,3728.456300,701.562082,799.038282
731,-1,187.200005,61.276052,940496.807346,549287.921021,3730.496100,701.600168,800.050027
732,-1,186.839996,61.149911,940496.306691,549292.300934,3732.485900,701.561775,800.974578
733,-1,186.479993,61.025239,940495.757479,549296.674941,3734.499300,701.599995,801.981458
734,-1,186.120011,60.900627,940495.311614,549301.060431,3736.474300,701.561929,802.906793
735,-1,185.760001,60.777130,940494.855578,549305.444936,3738.457200,701.561776,803.872863
736,-1,185.400001,60.654451,940494.426773,549309.832067,3740.431900,701.561965,804.838937
737,-1,185.040002,60.532588,940494.025855,549314.221822,3742.398000,701.561839,805.804187
738,-1,184.680012,60.411573,940493.652169,549318.613873,3744.355300,701.562081,806.769049
739,-1,184.319993,60.291423,940493.306369,549323.008549,3746.303100,701.562012,807.732523
740,-1,183.960011,60.172159,940492.988128,549327.404866,3748.241200,701.562036,808.694796
741,-1,183.599999,60.053788,940492.697774,549331.803479,3750.169200,701.561776,809.655277
742,-1,183.239993,59.936361,940492.434651,549336.203733,3752.086600,701.561935,810.614258
743,-1,182.880008,59.819876,940492.199416,549340.605299,3753.993000,701.561872,811.570914
744,-1,182.520003,59.704357,940491.991739,549345.008505,3755.888100,701.561898,812.525293
745,-1,182.159989,59.589836,940491.811621,549349.413024,3757.771299,701.562032,813.477036
746,-1,181.800008,59.476309,940491.659390,549353.818199,3759.642400,701.561971,814.425708
747,-1,181.439991,59.363819,940491.534719,549358.224686,3761.500799,701.562018,815.371192
748,-1,181.080004,59.252361,940491.437934,549362.631502,3763.346300,701.561877,816.313053
749,-1,180.720005,59.141978,940491.368709,549367.038973,3765.178300,701.561864,817.251183
750,-1,180.360009,59.032676,940491.327042,549371.446773,3766.996600,701.561986,818.185405
751,-1,180.000000,58.975663,940491.313262,549375.854900,3767.946600,701.561917,818.674573
752,-1,179.639990,58.925751,940491.327042,549380.263028,3768.779299,701.561986,819.104118
753,-1,179.279994,58.876771,940491.368709,549384.670828,3769.597200,701.561864,819.526471
754,-1,178.919995,58.828742,940491.437934,549389.078299,3770.400100,701.561877,819.941773
755,-1,178.560008,58.781681,940491.534719,549393.485114,3771.187699,701.562018,820.349831
756,-1,178.199991,58.735578,940491.659390,549397.891602,3771.959900,701.561971,820.750288
757,-1,177.840010,58.690466,940491.811621,549402.296777,3772.716300,701.562032,821.143158
758,-1,177.479996,58.646338,940491.991739,549406.701295,3773.456800,701.561898,821.528096
759,-1,177.119991,58.603212,940492.199416,549411.104502,3774.181200,701.561872,821.905226
760,-1,176.760006,58.561099,940492.434651,549415.506068,3774.889300,701.561935,822.274394
761,-1,176.400000,58.520007,940492.697774,549419.906321,3775.580700,701.561776,822.635098
762,-1,176.039987,58.480058,940492.950398,549424.307559,3776.276900,701.599857,823.031330
763,-1,175.680006,58.440940,940493.306369,549428.701251,3776.913100,701.562012,823.331863
764,-1,175.319987,58.402978,940493.652169,549433.095928,3777.553600,701.562081,823.667326
765,-1,174.960003,58.366168,940493.987798,549437.491260,3778.198500,701.600037,824.037715
766,-1,174.599998,58.330243,940494.426773,549441.877734,3778.782100,701.561965,824.311553
767,-1,174.239998,58.295494,940494.855578,549446.264865,3779.369600,701.561776,824.619995
768,-1,173.879988,58.261847,940495.311614,549450.649370,3779.939100,701.561929,824.919561
769,-1,173.520004,58.229303,940495.795209,549455.030595,3780.490300,701.562025,825.209729
770,-1,173.160003,58.197854,940496.306691,549459.408867,3781.023100,701.561775,825.490170
771,-1,172.800004,58.204580,940496.845404,549463.783858,3780.909100,701.561793,825.430115
772,-1,172.439998,58.214319,940497.373618,549468.160490,3780.767800,701.600131,825.388262
773,-1,172.079998,58.224842,940498.005178,549472.523342,3780.565800,701.561904,825.249381
774,-1,171.719990,58.236502,940498.626240,549476.887507,3780.368300,701.561955,825.145440
775,-1,171.359988,58.249282,940499.237131,549481.253312,3780.175399,701.600005,825.076266
776,-1,170.999998,58.262896,940499.950712,549485.603369,3779.921300,701.561860,824.910139
777,-1,170.639985,58.277746,940500.616393,549489.961299,3779.693499,701.599955,824.822738
778,-1,170.279987,58.293450,940501.384437,549494.302170,3779.404299,701.561973,824.638399
779,-1,169.920005,58.310298,940502.142309,549498.644353,3779.119300,701.561934,824.488614
780,-1,169.560002,58.328202,940502.927412,549502.981943,3778.816600,701.561976,824.329676
781,-1,169.200011,58.347247,940503.702345,549507.321501,3778.518200,701.600073,824.205469
782,-1,168.840012,58.367197,940504.579312,549511.641702,3778.157700,701.562012,823.983940
783,-1,168.479997,58.388366,940505.409035,549515.971418,3777.823500,701.599842,823.840927
784,-1,168.120009,58.410471,940506.340135,549520.280136,3777.427000,701.561840,823.600796
785,-1,167.760002,58.433811,940507.223992,549524.599025,3777.056600,701.599861,823.439225
786,-1,167.399995,58.458092,940508.209226,549528.895933,3776.623800,701.561847,823.180346
787,-1,167.039992,58.483549,940509.184290,549533.194809,3776.194800,701.561885,822.956041
788,-1,166.679993,58.510103,940510.186256,549537.487451,3775.747600,701.562005,822.722460
789,-1,166.320002,58.537760,940511.215454,549541.773532,3775.281900,701.561810,822.479132
790,-1,165.959993,58.566542,940512.271226,549546.053379,3774.797800,701.562017,822.226743
791,-1,165.599991,58.606924,940513.354229,549550.326336,3774.118800,701.561832,821.872685
792,-1,165.239993,58.652991,940514.463807,549554.592404,3773.345100,701.561890,821.469975
793,-1,164.880006,58.700331,940515.600287,549558.851254,3772.550700,701.561789,821.056906
794,-1,164.519997,58.749061,940516.726597,549563.113384,3771.757100,701.600060,820.677618
795,-1,164.159994,58.798921,940517.953301,549567.347628,3770.899000,701.561833,820.200077
796,-1,163.799992,58.850185,940519.169834,549571.584496,3770.041500,701.561805,819.756159
797,-1,163.440002,58.902784,940520.412942,549575.813490,3769.162600,701.561756,819.301827
798,-1,163.079991,58.956734,940521.682296,549580.034938,3768.262400,701.562095,818.837535
799,-1,162.719996,59.012083,940522.942136,549584.259339,3767.362500,701.600094,818.406408
800,-1,162.360003,59.068688,940524.301057,549588.452900,3766.397100,701.562018,817.877122
801,-1,162.000003,59.126720,940525.650136,549592.649414,3765.431900,701.561914,817.381330
802,-1,161.640003,59.186151,940527.025461,549596.837398,3764.444699,701.561908,816.875191
803,-1,161.279990,59.246979,940528.427033,549601.016852,3763.435600,701.562002,816.358820
804,-1,160.919992,59.309251,940529.819091,549605.199586,3762.426300,701.599858,815.875741
805,-1,160.559991,59.372887,940531.308917,549609.348528,3761.350800,701.561966,815.294719
806,-1,160.200012,59.437996,940532.788901,549613.500422,3760.274900,701.562034,814.747188
807,-1,159.840012,59.504547,940534.295132,549617.643131,3759.176600,701.561991,814.189247
808,-1,159.480012,59.572564,940535.827281,549621.776325,3758.055700,701.562034,813.621034
809,-1,159.119989,59.642042,940537.385677,549625.900004,3756.912200,701.561858,813.042359
810,-1,158.759996,59.713014,940538.969663,549630.013513,3755.745899,701.561846,812.453523
811,-1,158.400005,59.785486,940540.544135,549634.130959,3754.578800,701.599824,811.898361
812,-1,158.039993,59.879987,940542.179631,549638.224782,3753.030799,701.600065,811.120659
813,-1,157.680009,59.981518,940543.841045,549642.307780,3751.370700,701.599918,810.288744
814,-1,157.320006,60.084300,940545.563154,549646.365842,3749.671800,701.561849,809.407159
815,-1,156.960000,60.188614,940547.240644,549650.442606,3747.995200,701.599858,808.605282
816,-1,156.599999,60.294095,940549.013606,549654.478687,3746.259600,701.561786,807.710769
817,-1,156.240003,60.401042,940550.776726,549658.518705,3744.525800,701.562007,806.853185
818,-1,155.879999,60.567514,940552.565437,549662.547568,3741.834099,701.562009,805.527086
819,-1,155.520008,60.736384,940554.379409,549666.564949,3739.112599,701.561958,804.193196
820,-1,155.159997,60.860065,940476.636455,549707.410668,3786.015799,789.257333,903.626605
821,-1,154.800012,60.968760,940478.733891,549711.904097,3784.055100,789.257145,902.673314
822,-1,154.439994,61.078897,940480.859543,549716.384731,3782.072700,789.257139,901.712943
823,-1,154.080003,61.190506,940482.974696,549720.870286,3780.091600,789.299887,900.793999
824,-1,153.719995,61.314730,940485.156451,549725.324018,3777.865400,789.299983,899.723394
825,-1,153.359995,61.447686,940487.404478,549729.744613,3775.465200,789.257144,898.536141
826,-1,153.000005,61.546153,940098.956764,549933.234035,4011.324800,1227.733277,1396.419023
827,-1,152.639995,61.643390,940102.480379,549940.096554,4008.631899,1227.733466,1395.138165
828,-1,152.279995,61.742257,940106.047301,549946.936435,4005.898700,1227.733260,1393.841903
829,-1,151.920004,61.842773,940109.656874,549953.753679,4003.125199,1227.733235,1392.530942
830,-1,151.560008,61.960089,940113.309097,549960.548285,3999.894799,1227.733391,1391.009593
831,-1,151.199999,62.119621,940117.004300,549967.319925,3995.513100,1227.733287,1388.955108
832,-1,150.839992,62.282713,940120.741825,549974.068271,3991.047000,1227.733344,1386.872307
833,-1,150.480001,62.445604,940048.210474,550024.002554,4032.356900,1315.428701,1483.724524
834,-1,150.119993,62.539627,940052.305610,550031.182002,4029.612899,1315.428657,1482.457132
835,-1,149.760000,62.634637,940056.445694,550038.335203,4026.844800,1315.428495,1481.182557
836,-1,149.399999,62.730778,940060.569045,550045.498902,4024.085500,1315.500008,1479.979802
837,-1,149.039995,62.827648,940064.860047,550052.563521,4021.236300,1315.428711,1478.613119
838,-1,148.679994,62.925774,940069.073293,550059.674727,4018.428799,1315.499994,1477.396604
839,-1,148.320006,63.024629,940073.452550,550066.684555,4015.532300,1315.428689,1476.016984
840,-1,147.959996,63.124899,940077.815402,550073.704555,4012.636400,1315.428617,1474.705576
841,-1,147.600001,63.236942,940082.222217,550080.696667,4009.406500,1315.428416,1473.248146
842,-1,147.240000,63.349984,940086.672668,550087.661220,4006.154400,1315.428536,1471.786691
843,-1,146.880002,63.464210,940091.107042,550094.636599,4002.910399,1315.499965,1470.398392
844,-1,146.519997,63.579230,940095.645091,550101.545050,3999.614300,1315.499928,1468.928764
845,-1,146.160004,63.695054,940100.285501,550108.384931,3996.266600,1315.428618,1467.378309
846,-1,145.800002,63.812058,940104.909836,550115.235311,3992.927200,1315.428440,1465.901355
847,-1,145.439996,63.930057,940109.576821,550122.056820,3989.566400,1315.428689,1464.421506
848,-1,145.079999,64.082121,940114.286786,550128.848473,3985.245100,1315.428540,1462.527450
849,-1,144.720001,64.281584,940119.039073,550135.610599,3979.593900,1315.428715,1460.066414
850,-1,144.360002,64.482982,940123.775940,550142.384207,3973.941000,1315.500042,1457.686613
851,-1,144.000008,64.688689,940128.670943,550149.044299,3968.118000,1315.428638,1455.123124
852,-1,143.639993,64.896364,940133.550198,550155.715873,3962.293600,1315.428657,1452.642541
853,-1,143.280005,65.061113,940068.177298,550214.789574,3998.466300,1403.123911,1547.407181
854,-1,142.919995,65.214033,940073.470922,550221.839757,3993.917200,1403.123753,1545.494408
855,-1,142.560000,65.368981,940078.808182,550228.856475,3989.319399,1403.124000,1543.572742
856,-1,142.200002,65.525953,940084.189733,550235.839401,3984.673000,1403.123929,1541.641969
857,-1,141.840003,65.685243,940089.555208,550242.835450,3980.004200,1403.199997,1539.782958
858,-1,141.479999,65.846940,940095.084068,550249.703218,3975.207599,1403.123731,1537.744585
859,-1,141.119993,66.018095,940100.596196,550256.583782,3970.180100,1403.123921,1535.694480
860,-1,140.759993,66.191644,940106.092576,550263.477469,3965.129400,1403.200003,1533.718183
861,-1,140.400002,66.366617,940111.749717,550270.239595,3959.983500,1403.123746,1531.578266
862,-1,140.040005,66.620144,940117.390454,550277.014843,3952.600300,1403.123885,1528.633560
863,-1,139.679998,66.883059,940123.073841,550283.754659,3944.973499,1403.123970,1525.623193
864,-1,139.319999,67.146638,940128.741809,550290.507927,3937.389300,1403.199910,1522.731523
865,-1,138.959998,67.389550,940068.422704,550354.705633,3966.887200,1490.819280,1614.943665
866,-1,138.600001,67.571496,940074.595264,550361.751223,3961.339100,1490.819079,1612.818568
867,-1,138.240002,67.754563,940080.811787,550368.758098,3955.771599,1490.819153,1610.702689
868,-1,137.880007,67.938738,940087.072273,550375.725604,3950.185000,1490.819067,1608.595973
869,-1,137.520000,68.124021,940093.376394,550382.654068,3944.579600,1490.819285,1606.499200
870,-1,137.160003,68.310625,940099.664768,550389.597295,3938.980900,1490.899945,1604.496493
871,-1,136.799995,68.497879,940106.114886,550396.390917,3933.312999,1490.819136,1602.335251
872,-1,136.439996,68.689366,940112.489873,550403.254748,3927.596399,1490.900016,1600.324101
873,-1,136.080001,68.967192,940118.966566,550410.022451,3919.282500,1490.899806,1597.321213
874,-1,135.719998,69.248574,940125.543325,550416.693370,3910.863300,1490.819240,1594.243568
875,-1,135.360000,69.482543,940069.705838,550484.998023,3936.730600,1578.514439,1685.428870
876,-1,134.999999,69.668713,940076.696966,550492.033114,3930.890300,1578.514368,1683.390707
877,-1,134.640003,69.827198,940515.065512,550062.236074,3700.401400,964.647635,1027.689356
878,-1,134.279991,69.967722,940519.391618,550066.481472,3697.718599,964.647691,1026.767326
879,-1,133.919993,70.109402,940523.744300,550070.699311,3695.018500,964.647546,1025.845408
880,-1,133.560002,70.255721,940528.087139,550074.927649,3692.253900,964.699874,1024.957369
881,-1,133.200006,70.409538,940532.528403,550079.052641,3689.314600,964.647566,1023.918864
882,-1,132.840009,70.564863,940536.924064,550083.226189,3686.389600,964.699956,1022.991244
883,-1,132.479995,70.721106,940541.381732,550087.333792,3683.434200,964.699915,1022.011626
884,-1,132.120006,70.878474,940545.864663,550091.413181,3680.463300,964.700088,1021.034749
885,-1,131.760000,71.018757,939966.281176,550749.654646,3979.473800,1841.699918,1947.600484
886,-1,131.399995,71.142621,939975.003271,550757.259618,3974.990500,1841.600113,1946.052421
887,-1,131.040002,71.266252,939983.641049,550764.959734,3970.590400,1841.700143,1944.729438
888,-1,130.679998,71.390100,939992.458289,550772.454141,3966.121100,1841.599888,1943.203625
889,-1,130.319999,71.525439,940001.192195,550780.045333,3961.315100,1841.700058,1941.770269
890,-1,129.960002,71.610271,939672.167591,551190.735129,4133.181300,2367.771486,2495.194624
891,-1,129.599999,71.734882,939683.518946,551200.353220,4127.509100,2367.899988,2493.533001
892,-1,129.239998,71.872209,939695.012362,551209.800708,4121.220400,2367.899965,2491.569166
893,-1,128.880000,72.017011,939706.645540,551219.075623,4114.558399,2367.771351,2489.382089
894,-1,128.520001,72.121987,939663.557372,551297.093840,4138.096699,2455.600134,2580.191698
895,-1,128.160000,72.206459,939675.741403,551306.560028,4134.058800,2455.466796,2578.828001
896,-1,127.799998,72.353183,939687.820775,551316.159419,4127.171100,2455.599801,2576.858294
897,-1,127.439997,72.502122,939700.122588,551325.472064,4120.105700,2455.466836,2574.598419
898,-1,127.079997,72.576704,939659.444519,551404.885619,4144.157700,2543.300070,2665.601425
899,-1,126.720002,72.643205,939672.223365,551414.480088,4140.916200,2543.299942,2664.632500
900,-1,126.359999,72.785501,939685.144271,551423.883285,4133.945400,2543.161960,2662.429474
901,-1,125.999999,72.939634,939698.042211,551433.316009,4126.453400,2543.161775,2660.221668
902,-1,125.640002,73.010319,939659.899571,551513.937238,4149.815700,2630.857331,2750.914389
903,-1,125.280003,73.081143,939673.363783,551523.526786,4146.261400,2630.857163,2749.877764
904,-1,124.919999,73.236709,939686.806341,551533.148814,4138.506700,2630.999881,2747.767684
905,-1,124.560000,73.372773,939650.641059,551614.793008,4157.886600,2718.700044,2837.338503
906,-1,124.199997,73.444599,939664.739128,551624.438986,4154.175900,2718.700090,2836.278982
907,-1,123.839996,73.548319,939678.897564,551633.996053,4148.822300,2718.699999,2834.758072
908,-1,123.479997,73.707688,939693.115712,551643.463882,4140.607500,2718.699864,2832.442415
909,-1,123.120002,73.812839,939659.474047,551726.293441,4160.652600,2806.399894,2922.249001
910,-1,122.759999,73.890736,939674.354923,551735.753724,4156.473300,2806.247713,2920.940464
911,-1,122.400001,74.052885,939689.130812,551745.376736,4147.919599,2806.399981,2918.725046
912,-1,122.040001,74.202289,939657.522607,551829.119679,4164.822900,2894.100135,3007.704529
913,-1,121.680000,74.285889,939673.049807,551838.584227,4160.219700,2893.942794,3006.303148
914,-1,121.320000,74.452906,939688.471692,551848.219378,4151.167300,2894.100199,3004.015703
915,-1,120.960001,74.606331,939072.521809,552910.302228,4480.808800,4121.676397,4275.044717
916,-1,120.600002,74.664283,939094.771108,552923.554826,4476.325100,4121.676292,4273.856605
917,-1,120.240000,74.718741,939072.822989,553012.626826,4496.136300,4209.599901,4363.891020
918,-1,119.880001,74.771576,939095.715004,553025.875816,4491.965800,4209.600157,4362.793955
919,-1,119.520001,74.823015,939118.690023,553038.980448,4487.907400,4209.600080,4361.729628
920,-1,119.160001,74.873093,939141.858284,553051.740921,4483.896500,4209.371490,4360.460616
921,-1,118.800000,74.946439,939164.884813,553064.755659,4478.177700,4209.600186,4359.192594
922,-1,118.439998,75.019586,939229.975562,553000.112088,4448.889800,4121.676244,4266.682666
923,-1,118.079998,75.076067,939046.277111,553399.455777,4561.468599,4560.399904,4719.598627
924,-1,117.719999,75.106824,939071.715380,553412.644727,4558.781200,4560.152519,4718.668163
925,-1,117.360001,75.175926,939097.120841,553425.892404,4552.894200,4560.152412,4717.158428
926,-1,117.000001,75.228116,939122.496774,553439.201104,4548.515900,4560.400104,4716.279635
927,-1,116.640001,75.264213,939148.068246,553452.129228,4545.443499,4560.399959,4715.497057
928,-1,116.280001,75.317160,939173.720425,553464.896591,4540.938800,4560.399968,4714.353254
929,-1,115.920000,75.341039,939161.117432,553556.380332,4561.848400,4648.099872,4804.489542
930,-1,115.559998,75.380875,939187.424466,553569.063706,4558.396200,4648.099896,4803.617094
931,-1,115.199999,75.409382,939213.917851,553581.353379,4555.861000,4647.847841,4802.733929
932,-1,114.839998,75.457533,939240.274754,553593.933406,4551.756599,4648.100117,4801.945822
933,-1,114.480000,75.552759,939230.475233,553685.934863,4566.109800,4735.800126,4890.446887
934,-1,114.120000,75.651198,939257.594929,553698.179589,4557.437000,4735.799864,4888.290086
935,-1,113.760000,75.768666,939284.894415,553710.018804,4547.032500,4735.542982,4885.472997
936,-1,113.399998,75.863196,939346.992388,553641.438561,4516.633000,4647.847592,4793.002072
937,-1,113.040000,75.949543,939373.731180,553653.184600,4509.250199,4648.100069,4791.449183
938,-1,112.680000,76.037027,939400.642215,553664.530050,4501.711400,4648.099992,4789.624450
939,-1,112.319999,76.084798,939327.805419,553918.847455,4562.716000,4910.933369,5059.413442
940,-1,111.960001,76.120115,939356.286661,553930.723415,4559.569399,4911.199911,5058.916411
941,-1,111.600000,76.158707,939384.941788,553942.173196,4556.060100,4911.200049,5058.075856
942,-1,111.240000,76.187216,939413.764893,553953.194171,4553.402800,4910.933537,5057.181995
943,-1,110.879999,76.246694,939442.465295,553964.531090,4548.063299,4911.199847,5056.168521
944,-1,110.519998,76.296546,939471.424554,553975.189206,4543.470200,4910.933547,5054.819797
945,-1,110.159999,76.317047,939470.133218,554068.236920,4562.958799,4998.628700,5144.635808
946,-1,109.799998,76.314715,939499.650220,554078.968526,4563.174300,4998.628665,5144.686755
947,-1,109.439999,76.348781,939529.143599,554089.770341,4560.092399,4998.900034,5144.222187
948,-1,109.079999,76.369064,939558.883369,554099.874324,4558.152800,4998.628686,5143.501060
949,-1,108.720000,76.384794,939588.597220,554110.047532,4556.699800,4998.628576,5143.158722
950,-1,108.360001,76.444513,939618.374392,554120.034060,4551.185600,4998.628675,5141.863569
951,-1,107.999998,76.491296,939648.130238,554130.091455,4546.932900,4998.900094,5141.132363
952,-1,107.639999,76.503288,939651.539680,554223.016466,4566.809599,5086.323855,5230.780672
953,-1,107.279999,76.518438,939682.025511,554232.605357,4565.387300,5086.323989,5230.449035
954,-1,106.919999,76.556606,939712.490673,554242.266427,4561.870800,5086.599987,5229.898779
955,-1,106.559999,76.582428,939743.096255,554251.471790,4559.447700,5086.599942,5229.335933
956,-1,106.200000,76.593390,939773.758923,554260.484895,4558.419200,5086.600154,5229.097574
957,-1,105.839998,76.592496,939804.478022,554269.304759,4558.503000,5086.599865,5229.116723
958,-1,105.480001,76.586767,939835.325073,554277.665635,4558.974700,5086.323895,5228.957677
959,-1,105.119999,76.580937,939866.150799,554286.098689,4559.521700,5086.323981,5229.084677
960,-1,104.759999,76.589770,939896.958480,554294.604577,4558.758800,5086.599893,5229.176071
961,-1,104.400000,76.597535,939927.957762,554302.382777,4557.964500,5086.324113,5228.723643
962,-1,104.040001,76.605714,939958.869774,554310.500871,4557.263000,5086.600062,5228.829529
963,-1,103.679999,76.595520,939927.745164,554573.511172,4620.851100,5349.409749,5499.220853
964,-1,103.319998,76.560304,939960.427841,554581.357613,4624.326300,5349.409773,5500.027550
965,-1,102.959999,76.528344,939993.159075,554588.998345,4627.481000,5349.409622,5500.761480
966,-1,102.600000,76.496615,940025.937553,554596.433370,4630.613800,5349.409591,5501.492124
967,-1,102.240000,76.473263,940058.762290,554603.662358,4632.920000,5349.409580,5502.031074
968,-1,101.879999,76.441236,940163.788655,554267.683043,4551.553499,4998.900044,5142.213618
969,-1,101.519998,76.407215,940194.599289,554273.786377,4554.629200,4998.628562,5142.671684
970,-1,101.160000,76.366392,940225.340697,554280.228294,4558.465400,4998.900014,5143.838421
971,-1,100.800001,76.335615,940256.174625,554286.210565,4561.308900,4998.899947,5144.509345
972,-1,100.440000,76.314428,940287.045626,554291.999268,4563.266900,4998.900140,5144.972431
973,-1,100.079999,76.303864,940317.999961,554297.326357,4564.177100,4998.628606,5144.924041
974,-1,99.720000,76.291021,940363.700329,554216.552568,4544.036900,4911.199939,5055.212879
975,-1,99.359997,76.262872,940394.131698,554221.667059,4546.593599,4911.200120,5055.819579
976,-1,99.000000,76.237825,940424.635902,554226.326499,4548.803799,4910.933344,5056.085768
977,-1,98.639999,76.213990,940455.087285,554231.321239,4551.034900,4911.199888,5056.875859
978,-1,98.279998,76.191770,940485.647919,554235.597477,4552.988900,4910.933548,5057.083202
979,-1,97.920001,76.170754,940516.159341,554240.209017,4554.964800,4911.199985,5057.813873
980,-1,97.559998,76.151165,940546.771485,554244.100741,4556.680100,4910.933470,5057.965387
981,-1,97.199998,76.131451,940577.338681,554248.328751,4558.538500,4911.200118,5058.669412
982,-1,96.839998,76.106214,940618.441289,554164.764286,4539.075600,4823.238268,4968.607127
983,-1,96.479998,76.060291,940658.410041,554081.399295,4521.475700,4735.799936,4879.502449
984,-1,96.120000,75.968405,940734.735020,553648.663612,4419.954500,4297.299930,4429.465538
985,-1,95.759998,75.885246,940726.383987,554000.486727,4514.794500,4648.099995,4792.798154
986,-1,95.399998,75.813420,940788.485568,553653.851266,4432.254200,4297.066890,4432.237814
987,-1,95.039998,75.737814,940815.352313,553656.539909,4438.348100,4297.300042,4433.961211
988,-1,94.680000,75.665710,940842.255802,553658.827306,4444.107300,4297.299916,4435.383434
989,-1,94.320001,75.594616,940869.190788,553660.713129,4449.729600,4297.066629,4436.552789
990,-1,93.960001,75.523846,940896.119539,553662.662600,4455.389200,4297.066925,4437.964461
991,-1,93.600000,75.462782,940923.060102,553664.442452,4460.275500,4297.066832,4439.188355
992,-1,93.240000,75.404476,940949.998041,553666.285952,4465.004300,4297.300072,4440.603397
993,-1,92.880000,75.347404,940976.960257,553667.727222,4469.576200,4297.299998,4441.757620
994,-1,92.520000,75.293662,941003.941174,553668.766262,4473.822400,4297.066908,4442.608173
995,-1,92.160001,75.245170,941030.917826,553669.868622,4477.710600,4297.066909,4443.596843
996,-1,91.799998,75.199592,941057.893822,553671.034302,4481.428300,4297.299856,4444.770352
997,-1,91.440000,75.136543,941084.883598,553671.797752,4486.488700,4297.299985,4446.065861
998,-1,91.080001,75.032910,941111.877638,553672.391583,4494.812900,4297.300090,4448.208532
999,-1,90.719998,74.929412,941138.875288,553672.815467,4503.134200,4297.299861,4450.364665
1000,-1,90.359998,74.827681,941165.876218,553672.836792,4511.258200,4297.066711,4452.258864
1001,-1,90.000000,74.777962,941192.875180,553672.921766,4515.262200,4297.066865,4453.308627
