"OBJECTID","FEATURE_ID","HORIZ_ANG","ZENITH_ANG","VERTEX_X","VERTEX_Y","VERTEX_Z","DIST_2D","DIST_3D"
1,-1,90.000000,83.188742,937296.513222,550393.728849,4045.913500,2016.990388,2031.327039
2,-1,89.639995,83.039044,937309.186425,550393.689151,4051.260200,2016.990505,2031.968204
3,-1,89.279997,82.850840,937321.860284,550393.679308,4058.000799,2017.100111,2032.904882
4,-1,88.919997,82.663068,937334.532503,550393.480162,4064.718100,2017.100036,2033.751717
5,-1,88.560001,82.475758,937347.203081,550393.201291,4071.424499,2017.099851,2034.618839
6,-1,88.199995,82.288934,937359.872019,550392.843024,4078.119300,2017.099885,2035.506349
7,-1,87.839996,82.102629,937372.534067,550392.295781,4084.786200,2016.990451,2036.303218
8,-1,87.480001,81.916847,937385.196443,550391.778393,4091.455200,2016.990492,2037.230283
9,-1,87.119997,81.723130,937397.861116,550391.290862,4098.431500,2017.100090,2038.331380
10,-1,86.760004,81.513501,937410.516603,550390.614354,4105.971699,2017.100117,2039.430520
11,-1,86.399995,81.304730,937423.161262,550389.748870,4113.472500,2016.990489,2040.442579
12,-1,86.040001,81.096662,937435.814124,550389.022493,4120.989800,2017.099841,2041.700596
13,-1,85.680000,80.889637,937448.446645,550387.998545,4128.443700,2016.990553,2042.759584
14,-1,85.319999,80.683342,937461.089664,550387.113377,4135.914999,2017.100074,2044.063953
15,-1,84.959998,80.478105,937473.717920,550386.039560,4143.339200,2017.100000,2045.278911
16,-1,84.600000,80.306441,937486.328787,550384.777423,4149.537100,2016.990437,2046.205326
17,-1,84.240001,80.184324,937498.952777,550383.654066,4153.982000,2017.099903,2047.066305
18,-1,83.879996,80.063285,937511.558723,550382.342717,4158.372399,2017.100146,2047.819585
19,-1,83.520001,79.943286,937524.155811,550380.951972,4162.728200,2017.100133,2048.575703
20,-1,83.159996,79.811266,937547.175450,550466.444255,4183.265499,2104.685691,2138.407502
21,-1,82.800002,79.679210,937560.314531,550464.941633,4188.296000,2104.800138,2139.415678
22,-1,82.439997,79.551286,937573.429991,550463.242817,4193.153200,2104.800068,2140.291156
23,-1,82.079998,79.431700,937586.534295,550461.461653,4197.697400,2104.799993,2141.119861
24,-1,81.719999,79.313519,937599.627117,550459.598140,4202.191700,2104.799866,2141.948581
25,-1,81.359997,79.196813,937612.708127,550457.652606,4206.633400,2104.799966,2142.776770
26,-1,81.000000,79.081637,937625.758626,550455.512190,4210.998200,2104.685904,2143.487180
27,-1,80.639996,78.968091,937638.832091,550453.515147,4215.348300,2104.800136,2144.427508
28,-1,80.280002,78.853627,937666.680460,550537.764322,4236.994500,2192.500070,2234.653397
29,-1,79.920004,78.724033,937680.230302,550535.278763,4242.124700,2192.381133,2235.534172
30,-1,79.560003,78.595589,937693.806718,550532.942153,4247.261199,2192.500054,2236.660782
31,-1,79.200000,78.467911,937707.346718,550530.403116,4252.348000,2192.499854,2237.671969
32,-1,78.840003,78.341166,937720.870313,550527.779434,4257.402300,2192.499990,2238.688020
33,-1,78.480000,78.215276,937734.353553,550524.953980,4262.402200,2192.380914,2239.587204
34,-1,78.120000,78.084030,937747.866978,550522.277148,4267.670499,2192.500051,2240.785680
35,-1,77.759999,77.914518,937779.905628,550604.984332,4293.201700,2280.076288,2331.756587
36,-1,77.400002,77.736858,937793.923316,550602.023708,4300.627600,2280.199823,2333.443368
37,-1,77.040003,77.562783,937807.867514,550598.734016,4307.860100,2280.076196,2334.869534
38,-1,76.680001,77.397532,937821.818601,550595.477133,4314.760500,2280.076104,2336.365298
39,-1,76.319999,77.232956,937835.749020,550592.132980,4321.641600,2280.076341,2337.876529
40,-1,75.959999,77.064590,937849.687968,550588.820978,4328.718800,2280.199852,2339.571060
41,-1,75.599997,76.899186,937863.545224,550585.181878,4335.624500,2280.076231,2341.006189
42,-1,75.239998,76.735653,937877.441522,550581.695336,4342.518500,2280.200104,2342.699010
43,-1,74.880003,76.555178,937914.126160,550662.541631,4371.040500,2367.771500,2434.490444
44,-1,74.519998,76.416790,937905.103212,550574.221270,4355.931200,2280.200095,2345.812793
45,-1,74.160001,76.261260,937918.898132,550570.353824,4362.486399,2280.199846,2347.360736
46,-1,73.799999,76.160432,937932.668773,550566.400091,4366.740800,2280.199979,2348.374900
47,-1,73.439999,76.063065,937946.414153,550562.359745,4370.852600,2280.199908,2349.361782
48,-1,73.079999,75.965436,937960.133942,550558.233441,4374.979000,2280.200169,2350.359306
49,-1,72.719998,75.867519,937973.827484,550554.020523,4379.121000,2280.199945,2351.366988
50,-1,72.359999,75.769475,937987.456722,550549.603865,4383.240600,2280.076092,2352.256189
51,-1,71.999997,75.670734,938001.133860,550545.337470,4387.456200,2280.199970,2353.416055
52,-1,71.639994,75.582335,938014.706667,550540.749880,4391.173400,2280.076150,2354.218873
53,-1,71.280002,75.503090,938028.288989,550536.194771,4394.536600,2280.076168,2355.058541
54,-1,70.919999,75.416960,938070.551372,550614.553210,4421.043300,2367.899895,2446.724189
55,-1,70.559999,75.323309,938084.596619,550609.645740,4425.177400,2367.899989,2447.768446
56,-1,70.200004,75.229199,938098.567064,550604.529280,4429.301500,2367.771590,2448.692440
57,-1,69.839997,75.134573,938112.548991,550599.445629,4433.485600,2367.771427,2449.762373
58,-1,69.480000,75.059019,938126.498438,550594.274708,4436.829100,2367.771624,2450.622467
59,-1,69.119997,74.986154,938140.461009,550589.135938,4440.090200,2367.900012,2451.589286
60,-1,68.759997,74.916477,938154.298580,550583.669742,4443.143300,2367.771399,2452.257791
61,-1,68.400002,74.849388,938168.195205,550578.356104,4446.152900,2367.899856,2453.166682
62,-1,68.040001,74.785439,938182.011123,550572.835774,4448.990400,2367.899901,2453.909855
63,-1,67.679997,74.726589,938195.792263,550567.228830,4451.603200,2367.900093,2454.597024
64,-1,67.319998,74.670483,938209.537642,550561.535272,4454.095500,2367.900061,2455.254705
65,-1,66.959999,74.589659,938257.570355,550636.459663,4481.861699,2455.599870,2547.177356
66,-1,66.599999,74.504618,938271.696639,550630.254294,4485.748000,2455.466617,2548.084408
67,-1,66.239997,74.428933,938285.836702,550624.082719,4489.242199,2455.466791,2549.020312
68,-1,65.880000,74.353469,938299.991858,550617.943952,4492.766000,2455.600013,2550.096762
69,-1,65.520000,74.277677,938314.053837,550611.594555,4496.270399,2455.599859,2551.043989
70,-1,65.159999,74.201829,938328.075791,550605.157232,4499.780100,2455.600039,2551.997441
71,-1,64.800003,74.130557,938341.999976,550598.511248,4503.042500,2455.466732,2552.759331
72,-1,64.439999,74.080389,938355.996667,550592.018479,4505.404800,2455.599871,2553.534337
73,-1,64.080002,74.084325,938369.894605,550585.318033,4505.222400,2455.599992,2553.484429
74,-1,63.720003,74.095666,938383.750220,550578.530317,4504.696900,2455.600063,2553.340443
75,-1,63.360003,74.089235,938358.239773,550493.265723,4479.995100,2367.900108,2462.228524
76,-1,63.000000,74.083138,938371.517305,550486.552810,4480.267500,2367.899991,2462.303102
77,-1,62.639997,74.072912,938384.693460,550479.642719,4480.687900,2367.771642,2462.295004
78,-1,62.279998,74.057951,938397.884707,550472.763796,4481.356499,2367.771389,2462.478318
79,-1,61.919999,74.038286,938411.093013,550465.915712,4482.272300,2367.899850,2462.853522
80,-1,61.559999,74.014072,938424.197646,550458.871435,4483.355000,2367.899889,2463.151516
81,-1,61.200002,73.985123,938437.257659,550451.745137,4484.649800,2367.900036,2463.508561
82,-1,60.840001,73.975619,938450.210061,550444.424286,4485.038000,2367.771329,2463.491983
83,-1,60.480001,74.012594,938463.242187,550437.246478,4483.421100,2367.899865,2463.169697
84,-1,60.119999,73.990009,938432.413181,550353.725648,4459.231600,2280.076107,2372.080530
85,-1,59.760003,73.945612,938444.874770,550346.656765,4461.179900,2280.200072,2372.737750
86,-1,59.400002,73.959850,938457.229404,550339.402514,4460.566400,2280.200044,2372.568133
87,-1,59.039974,73.847443,937476.978740,548677.558725,3906.601899,350.799992,365.217169
88,-1,58.679988,73.671988,937478.865219,548676.418963,3907.767300,350.800021,365.543120
89,-1,58.319966,73.498084,937480.734638,548675.250987,3908.918800,350.780926,365.850209
90,-1,57.960013,73.392732,937482.616524,548674.104007,3909.626500,350.800096,366.070228
91,-1,57.599997,73.316452,937484.481350,548672.928813,3910.135299,350.800145,366.216020
92,-1,57.240010,73.240766,937486.328131,548671.725731,3910.634700,350.780828,366.341206
93,-1,56.880001,73.166442,937488.188363,548670.543319,3911.137000,350.800021,366.504730
94,-1,56.519991,73.098600,937490.030551,548669.333019,3911.590500,350.799847,366.636151
95,-1,56.159996,73.033279,937491.854694,548668.095817,3912.021800,350.781128,366.743869
96,-1,55.800012,72.969578,937493.691961,548666.878300,3912.454000,350.799917,366.888190
97,-1,55.439984,72.907108,937495.511183,548665.633552,3912.872500,350.799889,367.010951
98,-1,55.079982,72.846030,937497.322531,548664.377649,3913.282000,350.800059,367.131683
99,-1,54.720005,72.786307,937499.125677,548663.110263,3913.682600,350.799966,367.249947
100,-1,54.360026,72.727972,937500.920949,548661.831722,3914.074200,350.800067,367.366122
101,-1,53.999993,72.670916,937502.697192,548660.526279,3914.451500,350.781065,367.460183
102,-1,53.640002,72.615346,937504.476060,548659.225100,3914.824900,350.780905,367.571425
103,-1,53.280013,72.561317,937506.258209,548657.928187,3915.194200,350.799974,367.700127
104,-1,52.919982,72.508560,937508.021001,548656.604698,3915.549199,350.800016,367.806712
105,-1,52.559997,72.457218,937509.775262,548655.270384,3915.894900,350.800128,367.910871
106,-1,52.200010,72.407276,937511.520994,548653.924914,3916.231300,350.800045,368.012328
107,-1,51.839965,72.358741,937513.258523,548652.568289,3916.558399,350.799971,368.111256
108,-1,51.479998,72.311632,937514.987194,548651.201166,3916.876099,350.800019,368.207706
109,-1,51.120039,72.250433,937461.649702,548581.540872,3889.212199,263.085699,276.235008
110,-1,50.760033,72.127573,937462.942351,548580.510362,3889.839200,263.100062,276.440469
111,-1,50.399982,72.007050,937464.219579,548579.460496,3890.450600,263.100068,276.628724
112,-1,50.039994,71.888419,937465.489918,548578.402755,3891.053199,263.100003,276.815398
113,-1,49.679999,71.772142,937466.744508,548577.326314,3891.640000,263.085875,276.984959
114,-1,49.319993,71.656872,937468.010582,548576.263324,3892.231700,263.099820,277.183847
115,-1,48.959998,71.543961,937469.260908,548575.181961,3892.807600,263.099954,277.365752
116,-1,48.600005,71.433358,937470.494829,548574.081898,3893.367600,263.085598,277.529934
117,-1,48.240014,71.323808,937471.740890,548572.995614,3893.932600,263.099992,277.723987
118,-1,47.879994,71.216592,937472.970546,548571.890629,3894.481499,263.099897,277.900153
119,-1,47.519986,71.111277,937474.193312,548570.778098,3895.021400,263.099973,278.074537
120,-1,47.160026,71.007864,937475.408861,548569.658022,3895.552200,263.099994,278.246847
121,-1,46.799999,70.906775,937476.607678,548568.519573,3896.066700,263.085553,278.401063
122,-1,46.439997,70.806712,937477.818961,548567.394575,3896.586500,263.099839,278.585018
123,-1,46.079997,70.709012,937479.013513,548566.251861,3897.089900,263.100142,278.751206
124,-1,45.719992,70.613158,937480.200518,548565.101273,3897.584200,263.099927,278.914693
125,-1,45.359983,70.525712,937481.370463,548563.933296,3898.030700,263.085739,279.049847
126,-1,45.000000,70.523093,937482.552876,548562.778114,3898.049199,263.099802,279.069273
127,-1,44.640016,70.521221,937483.708057,548561.595702,3898.053900,263.085739,279.057583
128,-1,44.280007,70.521340,937484.876034,548560.425757,3898.058300,263.099927,279.072426
129,-1,43.920002,70.522536,937486.026622,548559.238751,3898.052200,263.100142,279.070595
130,-1,43.560002,70.525051,937487.169336,548558.044200,3898.039099,263.099839,279.065941
131,-1,43.200000,70.528622,937488.294334,548556.832916,3898.015600,263.085553,279.044638
132,-1,42.839973,70.534237,937489.432783,548555.634100,3897.991700,263.099994,279.050288
133,-1,42.480013,70.540856,937490.552860,548554.418551,3897.957500,263.099973,279.038873
134,-1,42.120005,70.548848,937491.665390,548553.195785,3897.916200,263.099897,279.025046
135,-1,41.759985,70.558226,937492.770375,548551.966128,3897.867800,263.099992,279.009021
136,-1,41.399994,70.568610,937493.856659,548550.720068,3897.809100,263.085598,278.975914
137,-1,41.040001,70.581019,937494.956722,548549.486146,3897.750100,263.099954,278.969831
138,-1,40.680006,70.594434,937496.038085,548548.235821,3897.680800,263.099820,278.946673
139,-1,40.320000,70.608925,937497.101075,548546.969747,3897.601100,263.085875,278.907048
140,-1,39.960005,70.625391,937498.177516,548545.715156,3897.521100,263.100003,278.893824
141,-1,39.600017,70.642879,937499.235257,548544.444818,3897.430900,263.100068,278.863976
142,-1,39.239966,70.661703,937500.285124,548543.167589,3897.333799,263.100062,278.831801
143,-1,38.879960,70.681534,937501.315634,548541.874941,3897.226500,263.085699,278.782733
144,-1,38.519973,70.703390,937502.360251,548540.593776,3897.118800,263.099912,278.760537
145,-1,38.159959,70.726253,937503.385839,548539.297190,3897.001000,263.100020,278.721733
146,-1,37.800025,70.750430,937504.402898,548537.994371,3896.876399,263.099954,278.680568
147,-1,37.440013,70.775944,937505.412082,548536.684991,3896.745000,263.100031,278.637347
148,-1,37.080010,70.802793,937506.413064,548535.369377,3896.606799,263.100193,278.592026
149,-1,36.719986,70.830926,937507.405516,548534.047201,3896.461899,263.099980,278.544213
150,-1,36.359986,70.860048,937508.378283,548532.710589,3896.307100,263.085745,278.479974
151,-1,35.999988,70.890815,937509.354003,548531.376274,3896.148800,263.085636,278.428007
152,-1,35.639994,70.923262,937510.333004,548530.044256,3895.986900,263.099917,278.388545
153,-1,35.280004,70.956646,937511.291992,548528.697802,3895.815300,263.099907,278.332499
154,-1,34.919996,70.991347,937512.242777,548527.345443,3895.637100,263.100178,278.274663
155,-1,34.559980,71.027318,937513.184704,548525.986849,3895.452300,263.100005,278.214362
156,-1,34.200017,71.064565,937514.118101,548524.622679,3895.261100,263.100030,278.152282
157,-1,33.839983,71.102722,937515.031157,548523.244401,3895.060400,263.085687,278.073649
158,-1,33.480018,71.142913,937515.959305,548521.876621,3894.859200,263.100112,278.022202
159,-1,33.119993,71.183981,937516.866784,548520.494734,3894.648600,263.099902,277.954007
160,-1,32.760014,71.225910,937517.753593,548519.099724,3894.428900,263.085596,277.869680
161,-1,32.400021,71.269901,937518.655822,548517.714556,3894.208499,263.099970,277.812438
162,-1,32.039986,71.307837,937445.195995,548469.790111,3864.342900,175.400048,185.166834
163,-1,31.680033,71.302578,937445.769485,548468.849168,3864.357600,175.390463,185.162467
164,-1,31.320011,71.298337,937446.353473,548467.914459,3864.375300,175.400010,185.177185
165,-1,30.960025,71.296196,937446.923354,548466.971219,3864.382600,175.399996,185.179512
166,-1,30.600020,71.295756,937447.487329,548466.024371,3864.384100,175.399985,185.179983
167,-1,30.239982,71.297015,937448.045399,548465.073914,3864.379800,175.399980,185.178599
168,-1,29.879984,71.300304,937448.589033,548464.115254,3864.365300,175.390297,185.164778
169,-1,29.519991,71.304670,937449.143494,548463.162828,3864.353700,175.400032,185.170281
170,-1,29.160056,71.311307,937449.674989,548462.197607,3864.327800,175.390400,185.152857
171,-1,28.799989,71.318987,937450.217311,548461.237963,3864.304800,175.399865,185.154455
172,-1,28.440054,71.328672,937450.745197,548460.270774,3864.271800,175.399969,185.143986
173,-1,28.080001,71.340030,937451.267177,548459.299975,3864.233100,175.400086,185.131711
174,-1,27.720024,71.353309,937451.774394,548458.321630,3864.184599,175.390550,185.107164
175,-1,27.359963,71.367903,937452.283907,548457.344270,3864.134800,175.390430,185.091133
176,-1,27.000052,71.383842,937452.795717,548456.368550,3864.083700,175.400027,185.083908
177,-1,26.640011,71.401719,937453.293092,548455.384957,3864.022800,175.400111,185.064556
178,-1,26.280068,71.421158,937453.783904,548454.398410,3863.956500,175.399930,185.043249
179,-1,25.920017,71.442233,937454.268812,548453.408583,3863.884700,175.399925,185.020381
180,-1,25.559990,71.464902,937454.747485,548452.415802,3863.807500,175.399949,184.995849
181,-1,25.199994,71.489446,937455.211395,548451.416132,3863.720800,175.390606,184.959447
182,-1,24.839946,71.514967,937455.686132,548450.421384,3863.637100,175.400081,184.941877
183,-1,24.480044,71.542321,937456.145776,548449.420073,3863.543999,175.400026,184.912328
184,-1,24.120010,71.571231,937456.599188,548448.415482,3863.445600,175.399863,184.881043
185,-1,23.759971,71.601954,937457.037835,548447.404329,3863.338000,175.390468,184.838142
186,-1,23.400003,71.633948,937457.478779,548446.394489,3863.229300,175.390629,184.804016
187,-1,23.039954,71.667184,937457.922020,548445.385305,3863.119500,175.400083,184.778422
188,-1,22.679979,71.702193,937458.350168,548444.369887,3863.000600,175.400134,184.741107
189,-1,22.320040,71.738704,937458.771755,548443.351844,3862.876600,175.400041,184.702126
190,-1,21.959982,71.776679,937459.187109,548442.330849,3862.747700,175.399985,184.661722
191,-1,21.600029,71.816113,937459.595901,548441.307557,3862.613900,175.399910,184.619852
192,-1,21.239978,71.857252,937459.989601,548440.278031,3862.471300,175.390431,184.566394
193,-1,20.880005,71.899391,937460.394456,548439.253099,3862.331600,175.399939,184.531978
194,-1,20.520056,71.943403,937460.775032,548438.218980,3862.179399,175.390412,184.475690
195,-1,20.159987,71.988632,937461.158234,548437.185518,3862.026300,175.390497,184.428375
196,-1,19.799953,72.035271,937461.534873,548436.149759,3861.868500,175.390558,184.379701
197,-1,19.439987,72.083102,937461.913809,548435.114984,3861.709800,175.400036,184.339833
198,-1,19.079999,72.132534,937462.277326,548434.074632,3861.542700,175.400042,184.288501
199,-1,18.720052,72.183472,937462.625094,548433.029030,3861.367499,175.390371,184.225615
200,-1,18.359979,72.235654,937462.975815,548431.984085,3861.191400,175.390632,184.172059
201,-1,18.000028,72.288966,937463.328505,548430.940124,3861.014500,175.399997,184.127084
202,-1,17.640013,72.343949,937463.656588,548429.887960,3860.826000,175.390348,184.060632
203,-1,17.279952,72.399955,937463.996482,548428.839406,3860.640300,175.399974,184.013570
204,-1,16.920006,72.457416,937464.320629,548427.786258,3860.446800,175.400124,183.955296
205,-1,16.559997,72.516161,937464.637885,548426.730814,3860.249000,175.399937,183.895595
206,-1,16.199983,72.576199,937464.948580,548425.673402,3860.047000,175.399824,183.834900
207,-1,15.840051,72.637482,937465.252714,548424.614349,3859.841000,175.399876,183.773371
208,-1,15.479984,72.700056,937465.550285,548423.552999,3859.630800,175.399914,183.710789
209,-1,15.120030,72.763958,937465.832109,548422.487713,3859.413400,175.390648,183.637408
210,-1,14.760031,72.828865,937466.125415,548421.425379,3859.198600,175.400162,183.582965
211,-1,14.399956,72.895146,937466.393459,548420.356155,3858.973400,175.390417,183.507292
212,-1,14.039960,72.962461,937466.673314,548419.290212,3858.750799,175.399853,183.450966
213,-1,13.679964,73.031123,937466.928235,548418.218036,3858.518100,175.390512,183.373986
214,-1,13.319980,73.100868,937467.185452,548417.146516,3858.284799,175.390482,183.306004
215,-1,12.959969,73.171756,937467.436108,548416.073355,3858.047900,175.390612,183.237405
216,-1,12.599940,73.243762,937467.679874,548414.998554,3857.807400,175.390586,183.167898
217,-1,12.239984,73.316863,937467.916750,548413.922441,3857.563400,175.390473,183.097594
218,-1,11.879970,73.391026,937468.156251,548412.846656,3857.318900,175.399918,183.036604
219,-1,11.519976,73.466408,937468.370489,548411.765621,3857.064900,175.390485,182.955121
220,-1,11.159948,73.542728,937468.596539,548410.686883,3856.813599,175.400009,182.892899
221,-1,10.800009,73.620161,937468.806512,548409.605192,3856.556000,175.400114,182.820188
222,-1,10.439966,73.698606,937469.009596,548408.521861,3856.295199,175.400067,182.746768
223,-1,10.080030,73.778072,937469.196275,548407.435905,3856.028400,175.390336,182.662715
224,-1,9.720015,73.898749,937469.395422,548406.351918,3855.630800,175.400148,182.561468
225,-1,9.359992,74.030614,937469.577836,548405.264978,3855.193700,175.399894,182.440484
226,-1,8.999939,74.139266,937383.128862,548390.456937,3829.915700,87.695300,91.166100
227,-1,8.640025,74.186472,937383.218101,548389.913303,3829.839000,87.700128,91.149813
228,-1,8.280088,74.234683,937383.299137,548389.368356,3829.759300,87.700110,91.128109
229,-1,7.920066,74.283790,937383.376565,548388.822754,3829.678100,87.699889,91.105867
230,-1,7.559884,74.333785,937383.451040,548388.276495,3829.595600,87.700116,91.083774
231,-1,7.200041,74.384578,937383.521578,548387.730236,3829.511700,87.699904,91.060950
232,-1,6.839972,74.436453,937383.584242,548387.182665,3829.424799,87.695176,91.033042
233,-1,6.480082,74.488797,937383.652811,548386.636078,3829.339800,87.699891,91.014816
234,-1,6.119941,74.542164,937383.713507,548386.088179,3829.251900,87.700096,90.991546
235,-1,5.760073,74.596334,937383.770265,548385.540280,3829.162600,87.699849,90.967548
236,-1,5.400062,74.651487,937383.819149,548384.991397,3829.070500,87.695130,90.938577
237,-1,5.040096,74.707138,937383.874267,548384.443169,3828.980300,87.700141,90.919577
238,-1,4.679998,74.763727,937383.920855,548383.893958,3828.887200,87.700031,90.894960
239,-1,4.320104,74.821269,937383.959241,548383.344418,3828.791300,87.695182,90.865124
240,-1,3.959903,74.879284,937384.003860,548382.794879,3828.697300,87.700011,90.845220
241,-1,3.600081,74.938361,937384.035356,548382.245011,3828.599000,87.695188,90.814970
242,-1,3.240003,74.997962,937384.073086,548381.695143,3828.502500,87.700048,90.794636
243,-1,2.880034,75.058464,937384.102613,548381.144948,3828.403300,87.700163,90.769119
244,-1,2.519897,75.119762,937384.123611,548380.594096,3828.301500,87.695189,90.738118
245,-1,2.159907,75.181744,937384.146248,548380.043572,3828.200000,87.695331,90.712243
246,-1,1.799912,75.244294,937384.169870,548379.493048,3828.098800,87.699919,90.690850
247,-1,1.440099,75.307695,937384.185618,548378.942524,3827.995100,87.700097,90.664666
248,-1,1.079917,75.371841,937384.197758,548378.391344,3827.890199,87.700113,90.638132
249,-1,0.719993,75.436675,937384.206288,548377.840492,3827.784199,87.699990,90.611302
250,-1,0.359902,75.502327,937384.206616,548377.289312,3827.675700,87.695124,90.579369
251,-1,0.000000,75.568586,937384.208584,548376.738460,3827.567599,87.695362,90.552599
252,-1,359.640097,75.635422,937384.206616,548376.187608,3827.458499,87.695124,90.525239
253,-1,359.280006,75.702912,937384.206288,548375.636428,3827.349700,87.699990,90.503024
254,-1,358.920082,75.771108,937384.197758,548375.085576,3827.238600,87.700113,90.475771
255,-1,358.559900,75.840000,937384.185618,548374.534396,3827.126399,87.700097,90.448242
256,-1,358.200087,75.909524,937384.169870,548373.983873,3827.013200,87.699919,90.420444
257,-1,357.840092,75.979827,937384.146248,548373.433349,3826.897700,87.695331,90.387943
258,-1,357.480102,76.050552,937384.123611,548372.882825,3826.782700,87.695189,90.360014
259,-1,357.119965,76.121915,937384.102613,548372.331973,3826.668000,87.700163,90.337261
260,-1,356.759996,76.193899,937384.073086,548371.781777,3826.551100,87.700048,90.309182
261,-1,356.399918,76.266568,937384.035356,548371.231910,3826.432000,87.695188,90.276114
262,-1,356.040087,76.339757,937383.998939,548370.682370,3826.313299,87.695079,90.247901
263,-1,355.679895,76.413578,937383.959241,548370.132502,3826.193700,87.695182,90.219830
264,-1,355.320001,76.487840,937383.920855,548369.582963,3826.074600,87.700031,90.196642
265,-1,354.959903,76.562739,937383.874267,548369.033751,3825.953400,87.700141,90.168507
266,-1,354.599937,76.638231,937383.819149,548368.485524,3825.830100,87.695130,90.135060
267,-1,354.239926,76.714148,937383.770265,548367.936641,3825.708499,87.699849,90.111628
268,-1,353.880058,76.790694,937383.713507,548367.388741,3825.584900,87.700096,90.083544
269,-1,353.519917,76.867717,937383.652811,548366.840842,3825.460500,87.699891,90.054999
270,-1,353.160027,76.945319,937383.584242,548366.294255,3825.334200,87.695176,90.021795
271,-1,352.799958,77.023335,937383.521578,548365.746684,3825.209500,87.699904,89.998317
272,-1,352.439904,77.101974,937383.446119,548365.200754,3825.081700,87.695195,89.965115
273,-1,352.079933,77.180945,937383.376565,548364.654167,3824.955600,87.699889,89.941628
274,-1,351.720084,77.260488,937383.294216,548364.109549,3824.826500,87.695099,89.908400
275,-1,351.359974,77.340467,937383.218101,548363.563618,3824.698999,87.700128,89.885277
276,-1,351.000060,77.420923,937383.128862,548363.019984,3824.568600,87.695300,89.852077
277,-1,350.639902,77.501691,937383.045529,548362.475037,3824.439900,87.699973,89.828698
278,-1,350.279984,77.583057,937382.954322,548361.931731,3824.309299,87.700074,89.800624
279,-1,349.919988,77.664811,937382.854912,548361.389738,3824.177100,87.695329,89.767655
280,-1,349.560033,77.746907,937382.761409,548360.846760,3824.046500,87.700033,89.744443
281,-1,349.199970,77.829455,937382.659703,548360.305094,3823.914200,87.699895,89.716323
282,-1,348.839925,77.912383,937382.554716,548359.764085,3823.781400,87.699875,89.688400
283,-1,348.479918,77.995753,937382.441856,548359.224716,3823.647000,87.695275,89.655853
284,-1,348.120051,78.079492,937382.334900,548358.684363,3823.514100,87.700119,89.633045
285,-1,347.759933,78.163588,937382.215150,548358.146306,3823.378700,87.695431,89.600587
286,-1,347.399931,78.247946,937382.096384,548357.608249,3823.243900,87.695168,89.572777
287,-1,347.039926,78.332789,937381.974665,548357.070849,3823.108500,87.695343,89.545468
288,-1,346.680019,78.417836,937381.849337,548356.534432,3822.972800,87.695241,89.518025
289,-1,346.320035,78.503326,937381.720728,548355.998672,3822.836500,87.695256,89.490774
290,-1,345.960065,78.589038,937381.593432,548355.462584,3822.700900,87.700086,89.468580
291,-1,345.599939,78.675085,937381.453340,548354.929449,3822.562900,87.695249,89.436638
292,-1,345.239941,78.761437,937381.319154,548354.395001,3822.426400,87.699922,89.414516
293,-1,344.879941,78.848110,937381.172501,548353.863834,3822.287600,87.695165,89.382902
294,-1,344.519938,78.934996,937381.027160,548353.332339,3822.149500,87.695224,89.356352
295,-1,344.159977,79.022206,937380.883132,548352.800516,3822.011900,87.700096,89.334828
296,-1,343.800016,79.109664,937380.730901,548352.270990,3821.873000,87.699912,89.308301
297,-1,343.439930,79.197417,937380.575718,548351.742119,3821.733800,87.700172,89.282363
298,-1,343.079993,79.285302,937380.416925,548351.214561,3821.594400,87.700062,89.256232
299,-1,342.719975,79.373435,937380.250259,548350.689300,3821.453800,87.695211,89.225431
300,-1,342.359986,79.461814,937380.084905,548350.163710,3821.313800,87.695174,89.199684
301,-1,342.000073,79.550426,937379.920863,548349.637793,3821.174400,87.699947,89.178988
302,-1,341.639885,79.639182,937379.744354,548349.115484,3821.033100,87.695212,89.148811
303,-1,341.279947,79.728157,937379.569158,548348.593175,3820.892400,87.695185,89.123588
304,-1,340.919931,79.817313,937379.390681,548348.071851,3820.751500,87.695197,89.098582
305,-1,340.560012,79.906682,937379.213516,548347.550198,3820.611200,87.700018,89.078632
306,-1,340.200010,79.996081,937379.023883,548347.032811,3820.469200,87.695124,89.049037
307,-1,339.839875,80.085705,937378.835564,548346.514767,3820.327800,87.695151,89.024609
308,-1,339.480081,80.175518,937378.644291,548345.998364,3820.186200,87.695302,89.000487
309,-1,339.119932,80.265514,937378.454003,548345.480977,3820.045199,87.700181,88.981345
310,-1,338.759960,80.355461,937378.251575,548344.968511,3819.902700,87.695428,88.952676
311,-1,338.400109,80.445643,937378.054725,548344.454076,3819.761499,87.700047,88.933684
312,-1,338.039977,80.535859,937377.850001,548343.942266,3819.619500,87.699840,88.910021
313,-1,337.680050,80.626165,937377.638059,548343.433737,3819.476700,87.695176,88.882049
314,-1,337.319921,80.716636,937377.431695,548342.922583,3819.335300,87.700130,88.864018
315,-1,336.960004,80.807119,937377.217457,548342.415038,3819.193100,87.699890,88.840953
316,-1,336.599996,80.897651,937376.996000,548341.910446,3819.050200,87.695314,88.813717
317,-1,336.240028,80.988247,937376.775528,548341.405526,3818.908000,87.695234,88.791252
318,-1,335.880032,81.079000,937376.556369,548340.899949,3818.766399,87.700081,88.773971
319,-1,335.519999,81.169697,937376.329663,548340.397654,3818.624200,87.700162,88.752111
320,-1,335.160053,81.260420,937376.099677,548339.896999,3818.482000,87.700040,88.730273
321,-1,334.799960,81.351107,937375.862144,548339.399624,3818.339200,87.695154,88.703858
322,-1,334.439959,81.441972,937375.630517,548338.899625,3818.197700,87.700193,88.687672
323,-1,334.080078,81.532745,937375.391017,548338.403563,3818.055600,87.699890,88.666338
324,-1,333.719931,81.623469,937375.148563,548337.908485,3817.913700,87.699965,88.645628
325,-1,333.360084,81.714229,937374.903157,548337.415376,3817.771800,87.699982,88.625085
326,-1,333.000042,81.804963,937374.654470,548336.923579,3817.630000,87.699939,88.604719
327,-1,332.639941,81.895573,937374.398565,548336.435391,3817.487800,87.695290,88.579959
328,-1,332.279925,81.986191,937374.143644,548335.946875,3817.346300,87.695130,88.559962
329,-1,331.920061,82.076818,937373.886098,548335.460000,3817.204900,87.695344,88.540572
330,-1,331.560039,82.167420,937373.629209,548334.972468,3817.064199,87.699906,88.525807
331,-1,331.199967,82.257932,937373.365430,548334.488545,3816.923100,87.700155,88.506935
332,-1,330.839943,82.348227,937373.094105,548334.008887,3816.781700,87.695200,88.483086
333,-1,330.480008,82.438632,937372.828358,548333.526276,3816.641500,87.700016,88.469301
334,-1,330.119922,82.528770,937372.551127,548333.049899,3816.500499,87.695230,88.446113
335,-1,329.759870,82.619038,937372.279146,548332.570570,3816.360600,87.699930,88.432692
336,-1,329.399961,82.708963,937371.996338,548332.097802,3816.220100,87.695435,88.410293
337,-1,329.040066,82.798824,937371.714187,548331.624705,3816.080300,87.695131,88.392358
338,-1,328.680079,82.888743,937371.433347,548331.150625,3815.941100,87.699920,88.379769
339,-1,328.319966,82.978258,937371.141353,548330.683106,3815.801400,87.695231,88.357930
340,-1,327.960013,83.067916,937370.854608,548330.212635,3815.662700,87.700024,88.345839
341,-1,327.599940,83.157283,937370.560646,548329.746428,3815.523900,87.699897,88.329069
342,-1,327.240084,83.246401,937370.260121,548329.284815,3815.384999,87.695231,88.307994
343,-1,326.879985,83.335572,937369.964518,548328.819593,3815.247200,87.700118,88.296749
344,-1,326.519961,83.424472,937369.662025,548328.358964,3815.109300,87.700189,88.280921
345,-1,326.160115,83.513037,937369.352643,548327.903256,3814.971399,87.695259,88.260338
346,-1,325.799923,83.601702,937369.048182,548327.443611,3814.834500,87.700071,88.249758
347,-1,325.440001,83.690052,937368.737159,548326.988888,3814.697600,87.700154,88.234689
348,-1,325.079977,83.778092,937368.419246,548326.538758,3814.560700,87.695418,88.215040
349,-1,324.719951,83.866041,937368.102317,548326.087971,3814.424499,87.695328,88.200294
350,-1,324.359983,83.953774,937367.782764,548325.639153,3814.288700,87.695421,88.185978
351,-1,324.000111,84.041322,937367.460258,548325.192632,3814.153200,87.695236,88.171625
352,-1,323.639971,84.128583,937367.134800,548324.747751,3814.018200,87.695160,88.157637
353,-1,323.280013,84.215804,937366.810653,548324.302213,3813.883800,87.699993,88.148799
354,-1,322.920089,84.302673,937366.479945,548323.861598,3813.749500,87.700085,88.135456
355,-1,322.559997,84.389120,937366.142347,548323.425903,3813.615400,87.695176,88.117359
356,-1,322.199987,84.475618,937365.809671,548322.986599,3813.482200,87.699831,88.109069
357,-1,321.839968,84.561554,937365.466824,548322.555170,3813.349000,87.695086,88.091622
358,-1,321.480082,84.647520,937365.128898,548322.120131,3813.216700,87.699902,88.083977
359,-1,321.120084,84.733005,937364.780802,548321.692967,3813.084300,87.695318,88.067160
360,-1,320.760134,84.818420,937364.437298,548321.262193,3812.952900,87.700036,88.059894
361,-1,320.399982,84.903447,937364.087233,548320.836341,3812.821700,87.700022,88.048128
362,-1,320.040021,84.988088,937363.730935,548320.416066,3812.690700,87.695114,88.031698
363,-1,319.680099,85.072526,937363.375949,548319.994807,3812.560500,87.695304,88.020608
364,-1,319.320074,85.156712,937363.018010,548319.575845,3812.430700,87.695219,88.009469
365,-1,318.959998,85.222300,937362.661055,548319.155898,3812.330000,87.699984,88.005773
366,-1,318.599905,85.285176,937362.294258,548318.744482,3812.232699,87.695189,87.992944
367,-1,318.240008,85.348001,937361.932382,548318.329128,3812.136300,87.700151,87.990018
368,-1,317.879994,85.410886,937361.563945,548317.919352,3812.039399,87.699965,87.982027
369,-1,317.520087,85.473860,937361.193210,548317.511873,3811.942400,87.699997,87.974351
370,-1,317.160127,85.536777,937360.819852,548317.106690,3811.845500,87.700004,87.966764
371,-1,316.800051,85.599721,937360.440259,548316.707084,3811.748200,87.695109,87.954365
372,-1,316.440073,85.662738,937360.061979,548316.306495,3811.651199,87.695308,87.947174
373,-1,316.080009,85.725677,937359.680746,548315.908529,3811.554300,87.695020,87.939612
374,-1,315.719979,85.788724,937359.297545,548315.512533,3811.457299,87.695412,87.932827
375,-1,315.359983,85.851682,937358.911391,548315.119489,3811.360400,87.695091,87.925444
376,-1,315.000000,85.914747,937358.523268,548314.728414,3811.263400,87.695448,87.918837
377,-1,314.640016,85.977724,937358.132193,548314.340291,3811.166500,87.695091,87.911630
378,-1,314.280020,86.040742,937357.739149,548313.954137,3811.069600,87.695412,87.905207
379,-1,313.920053,86.103768,937357.346761,548313.567327,3810.973000,87.700123,87.903290
380,-1,313.560002,86.166714,937356.948468,548313.186422,3810.876200,87.699946,87.896588
381,-1,313.199948,86.229729,937356.544598,548312.811423,3810.779000,87.695109,87.885317
382,-1,312.839872,86.292716,937356.144992,548312.431830,3810.682500,87.700004,87.883909
383,-1,312.480082,86.355699,937355.736856,548312.062080,3810.585400,87.695342,87.873031
384,-1,312.119996,86.418617,937355.329049,548311.691346,3810.488700,87.695088,87.866685
385,-1,311.759962,86.481561,937354.919273,548311.322909,3810.392000,87.695274,87.860883
386,-1,311.400094,86.544438,937354.507200,548310.957424,3810.295400,87.695189,87.854923
387,-1,311.040094,86.607332,937354.092831,548310.594236,3810.198800,87.695324,87.849287
388,-1,310.680014,86.670149,937353.679118,548310.230063,3810.102600,87.700094,87.848409
389,-1,310.319900,86.733002,937353.256875,548309.875733,3810.005800,87.695304,87.838058
390,-1,309.959978,86.795843,937352.835616,548309.520747,3809.909300,87.695114,87.832421
391,-1,309.600034,86.858577,937352.412388,548309.168057,3809.812999,87.695359,87.827337
392,-1,309.239865,86.921343,937351.989489,548308.814384,3809.716900,87.700036,87.826792
393,-1,308.879915,86.984047,937351.558715,548308.470880,3809.620400,87.695318,87.816951
394,-1,308.519876,87.046662,937351.128598,548308.126393,3809.524300,87.695240,87.811869
395,-1,308.160031,87.109280,937350.696512,548307.784858,3809.428199,87.695086,87.806817
396,-1,307.799933,87.171914,937350.262130,548307.445620,3809.332100,87.695170,87.802106
397,-1,307.440002,87.234421,937349.825779,548307.109334,3809.236200,87.695176,87.797433
398,-1,307.079921,87.296935,937349.387132,548306.775674,3809.140300,87.695164,87.792846
399,-1,306.719978,87.359387,937348.946516,548306.444966,3809.044500,87.695072,87.788289
400,-1,306.360028,87.421786,937348.503931,548306.116882,3808.948800,87.695160,87.784020
401,-1,305.999888,87.484125,937348.059050,548305.791424,3808.853200,87.695236,87.779847
402,-1,305.640035,87.546402,937347.615154,548305.465309,3808.757900,87.699883,87.780358
403,-1,305.280048,87.608624,937347.163711,548305.149365,3808.662300,87.695328,87.771767
404,-1,304.920022,87.670850,937346.712924,548304.832436,3808.566900,87.695418,87.767928
405,-1,304.560045,87.732949,937346.260169,548304.518460,3808.471699,87.695422,87.764115
406,-1,304.199926,87.795047,937345.805118,548304.207437,3808.376500,87.695155,87.760133
407,-1,303.839884,87.857093,937345.348426,548303.899039,3808.281400,87.695259,87.756629
408,-1,303.480038,87.918999,937344.892718,548303.589656,3808.186700,87.700189,87.758066
409,-1,303.119983,87.980939,937344.429464,548303.291101,3808.091600,87.695387,87.749865
410,-1,302.759915,88.042733,937343.966867,548302.991561,3807.996900,87.695231,87.746424
411,-1,302.399989,88.104534,937343.502629,548302.694973,3807.902200,87.695167,87.743177
412,-1,302.039897,88.166213,937343.036423,548302.401011,3807.807700,87.695294,87.740229
413,-1,301.680033,88.227827,937342.568576,548302.110329,3807.713300,87.695231,87.737196
414,-1,301.319920,88.289407,937342.101057,548301.818335,3807.619100,87.699920,87.739020
415,-1,300.959933,88.350937,937341.626977,548301.537495,3807.524699,87.695131,87.731466
416,-1,300.600020,88.412326,937341.156177,548301.251407,3807.430800,87.699992,87.733673
417,-1,300.239943,88.473675,937340.678488,548300.976473,3807.336700,87.695207,87.726333
418,-1,299.880077,88.534983,937340.201783,548300.700555,3807.242800,87.695230,87.723905
419,-1,299.520058,88.596228,937339.723109,548300.427589,3807.149000,87.695173,87.721500
420,-1,299.160056,88.657347,937339.242795,548300.157577,3807.055400,87.695200,87.719284
421,-1,298.800059,88.718405,937338.760841,548299.890517,3806.961899,87.695311,87.717254
422,-1,298.439967,88.779395,937338.276918,548299.626738,3806.868500,87.695062,87.714966
423,-1,298.079938,88.840330,937337.791682,548299.365584,3806.775200,87.695344,87.713309
424,-1,297.720074,88.901196,937337.304807,548299.108038,3806.682000,87.695130,87.711259
425,-1,297.360058,88.961939,937336.816291,548298.853117,3806.589000,87.695290,87.709685
426,-1,297.000076,89.022616,937336.326134,548298.601477,3806.496100,87.695245,87.708006
427,-1,296.640015,89.083231,937335.834337,548298.352790,3806.403300,87.695287,87.706514
428,-1,296.279956,89.143780,937335.340900,548298.107384,3806.310600,87.695123,87.704916
429,-1,295.919982,89.204203,937334.846150,548297.864930,3806.218100,87.695194,87.703653
430,-1,295.559981,89.264561,937334.349760,548297.625758,3806.125700,87.695058,87.702283
431,-1,295.200039,89.324857,937333.852058,548297.389538,3806.033400,87.695154,87.701243
432,-1,294.839950,89.385090,937333.352715,548297.156270,3805.941200,87.695343,87.700393
433,-1,294.480073,89.445256,937332.852060,548296.926612,3805.849100,87.695166,87.699277
434,-1,294.120019,89.505293,937332.349764,548296.699906,3805.757199,87.695084,87.698353
435,-1,293.759971,89.565268,937331.846156,548296.476154,3805.665400,87.695234,87.697758
436,-1,293.400003,89.625178,937331.341236,548296.255682,3805.573699,87.695314,87.697191
437,-1,293.039995,89.684908,937330.836644,548296.034225,3805.482300,87.699890,87.701216
438,-1,292.680048,89.744671,937330.327130,548295.824580,3805.390799,87.695133,87.696004
439,-1,292.319999,89.804267,937329.819914,548295.609029,3805.299600,87.700172,87.700684
440,-1,291.960070,89.863907,937329.307775,548295.405946,3805.208300,87.695271,87.695519
441,-1,291.599998,89.923361,937328.795965,548295.201550,3805.117300,87.695172,87.695251
442,-1,291.240039,89.982816,937328.283171,548295.000107,3805.026300,87.695428,87.695432
443,-1,290.879935,90.042141,937327.768737,548294.802272,3804.935500,87.695188,87.695212
444,-1,290.519918,90.101334,937327.253318,548294.607391,3804.844900,87.695302,87.695439
445,-1,290.160124,90.160528,937326.736914,548294.416118,3804.754300,87.695151,87.695495
446,-1,289.799989,90.219590,937326.218871,548294.227799,3804.663900,87.695124,87.695768
447,-1,289.439975,90.278587,937325.699843,548294.042760,3804.573600,87.695141,87.696177
448,-1,289.080068,90.337517,937325.179831,548293.861001,3804.483400,87.695197,87.696719
449,-1,288.720052,90.396316,937324.658507,548293.682524,3804.393400,87.695185,87.697283
450,-1,288.359999,90.411462,1090520.287810,86693.191029,311.595100,486445.498558,486458.042328
451,-1,288.000000,90.405454,1087237.048642,86907.221112,371.287400,485217.765135,485229.914561
452,-1,287.639999,90.404114,1088878.891815,71683.462518,276.871899,500213.651181,500226.093398
453,-1,287.280000,90.404492,1086271.504313,69484.401956,264.280799,501529.079848,501541.578162
454,-1,286.919999,90.402790,1083361.704030,68222.226986,276.714600,501879.860977,501892.262993
455,-1,286.559999,90.414441,1080042.002993,68322.650014,182.267099,500827.517898,500840.620235
456,-1,286.200000,90.408794,1076558.078858,69035.285728,243.520799,499161.308567,499174.013852
457,-1,285.840000,90.390357,1067224.299953,90442.172704,561.881599,476009.764899,476020.812671
458,-1,285.480000,90.400302,1066310.573434,82535.682611,427.786600,483376.165162,483387.962838
459,-1,285.119999,90.395469,1064547.682603,77416.635763,437.697799,487848.622465,487860.243477
460,-1,284.760000,90.400653,1059217.789720,85615.346072,458.559399,478552.927008,478564.627415
461,-1,284.400000,90.404259,1056307.786682,84858.431575,428.441399,478552.927092,478564.839051
462,-1,284.040000,90.411413,1056392.831787,72124.172923,279.889899,490917.955749,490930.611877
463,-1,283.680000,90.425531,1053854.393951,69510.709646,144.592799,492847.251298,492860.844147
464,-1,283.319999,90.428994,1051025.145344,68019.787103,108.889400,493636.508457,493650.345604
465,-1,282.959999,90.422176,1047808.073694,68169.309441,174.098400,492759.555851,492772.932829
466,-1,282.599999,90.416136,1041498.298584,82204.748234,335.603600,477675.974426,477688.573503
467,-1,282.239999,90.408202,1038753.136095,80702.217446,395.504499,478552.926989,478565.072471
468,-1,281.880000,90.405582,1036841.697989,75182.419759,381.998300,483551.555743,483563.671094
469,-1,281.519999,90.409441,1035075.024357,68637.228453,306.186600,489602.527262,489615.028769
470,-1,281.159999,90.417594,1031261.073652,72076.079187,266.557100,485480.850952,485493.745808
471,-1,280.800000,90.405528,1028266.553394,71495.088223,368.806700,485480.850850,485493.011243
472,-1,280.440000,90.397983,1005881.564371,176149.949123,1175.900899,378492.657711,378501.788772
473,-1,280.080000,90.409865,1003633.548198,175208.317148,1093.644400,379018.829181,379028.527057
474,-1,279.720000,90.380690,1000606.496838,178774.949778,1313.449299,374984.847990,374993.125333
475,-1,279.359999,90.425147,1016239.480007,69446.134316,203.207599,485393.155690,485406.518806
476,-1,278.999999,90.423727,1013160.139053,69392.655748,218.477899,484954.679548,484967.941576
477,-1,278.640000,90.399930,1009846.112217,70919.549676,433.990300,482937.688978,482949.454024
478,-1,278.279999,90.408203,1006276.439894,74378.284884,392.368300,478991.403133,479003.559831
479,-1,277.919999,90.408301,1002003.937612,83248.116882,458.420700,469608.012476,469619.936731
480,-1,277.560000,90.412220,999568.147864,79174.083692,399.612200,473316.899891,473329.150157
481,-1,277.200000,90.385847,985899.281501,163646.212319,1193.471000,387788.353137,387797.146602
482,-1,276.840000,90.380904,991136.643074,99525.327766,799.583400,452068.964279,452078.954380
483,-1,276.480000,90.395001,988345.073198,98934.497255,686.542199,452332.050219,452342.799693
484,-1,276.120000,90.398763,988278.196035,72899.966647,476.787899,478202.146081,478213.727858
485,-1,275.759999,90.388874,985588.942883,69622.443018,539.090500,481183.784189,481194.867316
486,-1,275.400000,90.394603,982530.390601,69852.301154,494.596399,480657.612820,480669.012454
487,-1,275.039999,90.407921,979522.859543,69577.535956,382.861999,480657.612696,480669.794839
488,-1,274.680000,90.387209,976098.665604,74391.038468,591.000000,475571.288901,475582.149184
489,-1,274.320000,90.390579,973291.530142,71882.996896,547.486799,477851.364958,477862.468065
490,-1,273.960000,90.379059,970084.972579,74728.245799,663.871400,474782.031744,474792.422387
491,-1,273.600000,90.369213,967108.323677,74531.580838,745.466700,474782.031510,474791.889346
492,-1,273.239999,90.378157,959511.126929,155954.941613,1210.796500,393050.067680,393058.628699
493,-1,272.880000,90.386103,960147.001969,94163.638030,740.244399,454787.516801,454797.843184
494,-1,272.519999,90.369356,957508.588939,89122.846602,841.520300,459698.450281,459708.002326
495,-1,272.160000,90.351871,954275.580641,98206.374367,1038.358400,450490.449885,450498.945330
496,-1,271.800000,90.319495,949623.232335,156134.181083,1616.654200,392436.200957,392442.302356
497,-1,271.439999,90.304947,947123.211744,157467.153811,1723.768300,391033.077084,391038.615612
498,-1,271.080000,90.327464,944813.986376,149609.637702,1525.485100,398837.953371,398844.467478
499,-1,270.719999,90.321486,943091.835949,87223.882553,1217.239100,461189.269473,461196.529457
500,-1,270.360000,90.307859,940252.087035,77988.754041,1277.455900,470397.269658,470404.060124
501,-1,270.000000,90.302324,937296.513222,80347.240466,1335.393300,468029.497994,468036.013518
502,-1,269.640000,90.287662,934736.007844,140865.000336,1758.968599,407519.782215,407524.918430
503,-1,269.279999,90.237179,932162.379461,139836.872471,2113.681100,408572.125128,408575.625792
504,-1,268.920000,90.254477,933018.760294,321461.774312,2796.976400,226955.282213,226957.520774
505,-1,268.560000,90.225184,926837.327119,132306.568306,2169.233500,416201.611080,416204.825534
506,-1,268.200000,90.238953,923672.389879,114850.104203,1996.059700,433740.659089,433744.431217
507,-1,267.839999,90.278468,920826.454298,111701.845408,1681.153300,436985.383123,436990.544277
508,-1,267.479999,90.241518,917096.004738,89385.677770,1868.334700,459435.364699,459439.446509
509,-1,267.119999,90.272836,913851.189049,82339.733528,1582.961000,466626.374299,466631.664858
510,-1,266.759999,90.302704,910680.610417,78206.044945,1317.001600,470923.441041,470930.013333
511,-1,266.400000,90.312102,907881.165884,80833.178799,1253.126000,468467.974188,468474.924516
512,-1,266.039999,90.301015,904998.608986,81814.601376,1347.927500,467678.717046,467685.171438
513,-1,265.680000,90.292398,901697.844590,77129.762321,1393.205200,472589.650467,472595.804554
514,-1,265.319999,90.316061,898573.067047,75352.469944,1186.896100,474606.641219,474613.862373
515,-1,264.960000,90.315461,897219.619622,93949.909127,1293.264700,456190.640652,456197.555268
516,-1,264.600000,90.316442,893812.240610,88361.182771,1253.002299,462066.221920,462073.269225
517,-1,264.239999,90.305556,891266.003249,92046.327304,1359.033000,458646.107575,458652.629719
518,-1,263.879999,90.302943,888222.085780,90687.837895,1371.136799,460312.316942,460318.751322
519,-1,263.519999,90.308104,883625.256719,75843.726835,1247.618100,475571.288925,475578.165028
520,-1,263.160000,90.321022,881471.975265,82981.822795,1178.722299,468731.059953,468738.417349
521,-1,262.799999,90.317162,878713.800663,84646.818809,1217.583900,467415.631521,467422.792889
522,-1,262.440000,90.316800,887338.843452,171957.017220,1705.421700,379720.390955,379726.195483
523,-1,262.079999,90.287277,884878.061628,171583.468426,1897.572100,380421.953113,380426.734985
524,-1,261.719999,90.297858,882650.569692,172874.851014,1832.333700,379457.305397,379462.432965
525,-1,261.359999,90.285687,876748.491273,149903.297548,1795.310300,403047.324857,403052.335221
526,-1,261.000000,90.226627,871804.117304,134874.024129,2149.038700,418657.077669,418660.352661
527,-1,260.640000,90.130408,868936.325467,133649.658795,2848.315500,420323.287336,420324.376074
528,-1,260.280000,90.091904,865961.737584,131926.453580,3127.268300,422515.668338,422516.211892
529,-1,259.919999,90.174001,863438.620583,132900.930306,2523.454100,421989.496867,421991.442835
530,-1,259.560000,90.252831,857730.861986,116555.715621,1867.399200,439090.068918,439094.343984
531,-1,259.199999,90.267585,867310.710936,181498.315723,2060.674900,373494.028857,373498.102086
532,-1,258.839999,90.280048,866076.264586,187365.617308,2006.436000,367969.228891,367973.624385
533,-1,258.480000,90.298065,863581.708880,186703.158331,1884.796000,369109.266942,369114.261612
534,-1,258.120000,90.311946,861220.450807,186744.373800,1792.982300,369547.743116,369553.220331
535,-1,257.760000,90.287349,841640.598891,107441.167577,1542.167000,451192.011915,451197.686197
536,-1,257.399999,90.269965,880920.037720,296162.885934,2587.284700,258437.873378,258440.742196
537,-1,257.039999,90.256770,878176.073392,291479.865116,2623.619700,263611.892637,263614.539809
538,-1,256.680000,90.268755,877573.323285,296123.203598,2589.041100,259227.130652,259229.982491
539,-1,256.320000,90.243237,876093.256035,296929.469702,2706.359900,258788.654419,258790.986446
540,-1,255.960000,90.264592,869876.678901,278772.526029,2521.615100,277906.216951,277909.180303
541,-1,255.599999,90.300721,867791.486878,277672.534135,2338.090000,279484.731115,279488.580717
542,-1,255.240000,90.293529,813811.284143,79679.246067,1321.872000,484691.593878,484697.954504
543,-1,254.880000,90.302118,810594.333228,79448.460768,1243.667700,485743.936694,485750.689611
544,-1,254.519999,90.295275,808305.859130,82620.196550,1314.339600,483288.469938,483294.887790
545,-1,254.160000,90.297094,806100.087623,85970.814521,1312.638800,480657.612635,480664.074431
546,-1,253.799999,90.315324,803539.840775,87983.252425,1166.454300,479429.879552,479437.140124
547,-1,253.440000,90.311710,805523.755114,105224.023390,1289.732099,462329.307586,462336.149599
548,-1,253.079999,90.319977,805983.319484,116715.902965,1285.215900,451192.012063,451199.048161
549,-1,252.719999,90.317059,802544.348671,115204.845291,1294.611300,453647.478646,453654.424572
550,-1,252.360000,90.305404,801313.513207,120740.080940,1413.072600,448736.545367,448742.920239
551,-1,252.000000,90.297964,784347.953306,77649.473552,1231.000000,494951.936968,494958.629972
552,-1,251.639999,90.316886,781586.684878,79202.381535,1070.928499,494338.070391,494345.631098
553,-1,251.279999,90.337064,783679.864091,95057.016493,989.178000,478640.622194,478648.904802
554,-1,250.920000,90.319519,780175.293344,94124.976690,1124.502700,480657.612867,480665.087012
555,-1,250.559999,90.336708,777791.252508,96444.291277,988.549199,479254.488776,479262.764469
556,-1,250.199999,90.325375,775043.961415,97702.938694,1084.838900,478991.403224,478999.126971
557,-1,249.839999,90.338401,778562.459955,116019.013939,1084.710200,460575.402751,460583.436085
558,-1,249.480000,90.333899,786854.016207,146427.783502,1303.856199,429180.506664,429187.794585
559,-1,249.120000,90.324632,792207.900184,168028.892202,1498.493100,407081.306112,407087.840349
560,-1,248.759999,90.312152,772188.730577,123583.311474,1322.000000,455752.164559,455758.928370
561,-1,248.400000,90.318913,770426.869271,126912.127651,1281.881200,453296.697800,453303.719778
562,-1,248.040000,90.318177,769487.351137,132198.204349,1313.027100,448736.545351,448743.464646
563,-1,247.680000,90.323075,763302.695528,124557.426652,1221.617300,458144.799880,458152.083400
564,-1,247.320000,90.360702,771202.730252,150927.132442,1093.145900,430759.020874,430767.557062
565,-1,246.960000,90.329943,758892.795883,128898.382209,1179.972800,455839.859735,455847.417993
566,-1,246.600000,90.344175,759012.085014,136385.733048,1108.358600,448911.935553,448920.034924
567,-1,246.240000,90.350081,765366.248487,157820.412619,1197.642200,426725.039792,426733.005403
568,-1,245.880000,90.305486,750265.408282,130654.720560,1364.735400,457681.459591,457687.965043
569,-1,245.520000,90.340951,749279.737025,135429.647689,1104.913100,453735.173760,453743.207526
570,-1,245.159999,90.390421,758219.611534,161528.321542,900.180200,426286.563699,426296.460656
571,-1,244.799999,90.398768,741230.383373,131715.003544,600.036900,460487.707346,460498.860374
572,-1,244.439999,90.406519,742135.115487,140312.635299,595.607199,452332.049997,452343.435518
573,-1,244.079999,90.415914,749004.953454,160949.812856,678.032800,430759.020988,430770.370483
574,-1,243.719999,90.405149,747234.483570,163477.253011,769.512300,429268.201727,429278.934027
575,-1,243.360000,90.383623,793892.556592,262504.314471,1663.584800,319824.541857,319831.710800
576,-1,242.999999,90.385523,840272.704973,357956.793185,2366.974400,213713.300768,213718.138778
577,-1,242.640000,90.343881,842221.815576,364645.222722,2563.362500,206873.072215,206876.798292
578,-1,242.279999,90.282145,837438.834000,358337.096559,2747.838699,214677.948549,214680.551479
579,-1,241.920000,90.369735,835751.416772,358039.794988,2412.852000,215730.291483,215734.783332
580,-1,241.559999,90.407434,817434.338904,327065.713892,2015.218100,251685.340112,251691.703770
581,-1,241.200000,90.389174,829142.902430,351646.050558,2280.087900,224499.815345,224504.994258
582,-1,240.839999,90.405533,827225.277656,351104.183203,2206.054099,225902.939238,225908.597854
583,-1,240.479999,90.464678,824518.823751,349205.097434,1948.664999,228884.577530,228892.105173
584,-1,240.120000,90.501737,822920.118287,349309.323604,1794.468400,229586.139337,229594.942481
585,-1,239.760000,90.514301,774635.500618,269345.396262,905.759300,322981.570605,322994.582844
586,-1,239.399999,90.543576,774537.216037,273165.797085,771.503200,319736.846597,319751.236393
587,-1,239.039999,90.540509,773939.086328,276073.894616,809.299700,317544.465684,317558.596021
588,-1,238.680000,90.571270,784676.236442,297557.753551,877.512600,293603.664955,293618.259408
589,-1,238.320000,90.583168,784070.478795,300088.831166,835.279299,291762.064934,291777.178298
590,-1,237.959999,90.574955,782373.904760,300833.461566,874.470600,292025.150539,292039.854387
591,-1,237.600000,90.542499,781244.517912,302478.140692,1047.377200,291235.893435,291248.948682
592,-1,237.240000,90.573258,781648.186067,306487.112004,926.992199,287640.388563,287654.786266
593,-1,236.880000,90.609475,788708.427852,320616.900346,912.138699,271942.940654,271958.326988
594,-1,236.519999,90.601893,805566.712049,349203.696518,1296.371600,238794.139696,238807.316407
595,-1,236.159999,90.584097,815354.666555,366496.988703,1572.599200,218975.015333,218986.394448
596,-1,235.800000,90.606013,780399.959561,317510.470535,852.511400,279133.950311,279149.564579
597,-1,235.440000,90.562148,779748.439211,319656.349445,1080.000000,277730.826477,277744.194540
598,-1,235.079999,90.581591,780372.648264,323598.903240,1022.242499,274135.321692,274149.445264
599,-1,234.720000,90.638703,808543.254653,366397.330438,1319.884999,222921.301216,222935.152752
600,-1,234.360000,90.669083,889876.472563,482238.725723,2854.610400,81381.183235,81386.732488
601,-1,234.000000,90.594310,785854.456198,339934.629099,1132.397000,257648.616512,257662.477666
602,-1,233.640000,90.542524,889049.123824,482839.829836,3034.392200,81381.183179,81384.831584
603,-1,233.279999,90.474304,888428.564698,482863.094553,3128.392400,81731.963948,81734.764505
604,-1,232.920000,90.431763,888017.897540,483171.431863,3189.081100,81731.964199,81734.284899
605,-1,232.560000,90.420293,887022.737457,482716.422603,3198.368200,82696.611829,82698.836813
606,-1,232.200000,90.411186,886557.427692,482964.303341,3210.883100,82784.306898,82786.438765
607,-1,231.840000,90.400569,886147.433433,483284.395548,3226.224200,82784.306900,82786.330093
608,-1,231.479999,90.411826,885684.842823,483538.445565,3209.328100,82872.002189,82874.142963
609,-1,231.120000,90.499687,885333.519051,483932.276470,3083.003800,82784.306751,82787.455105
610,-1,230.760000,90.657311,884929.630751,484260.039266,2855.236600,82784.307059,82789.755077
611,-1,230.400000,90.751884,786648.573376,366274.661064,703.381800,236338.673034,236359.024382
612,-1,230.040000,90.697317,786408.533502,368300.282997,945.580199,234935.549110,234952.949582
613,-1,229.679999,90.676848,784996.347022,368917.575726,1024.340100,235374.025146,235390.449643
614,-1,229.319999,90.715292,784843.551724,371008.622397,885.000000,233883.206035,233901.433226
615,-1,228.959999,90.709688,785517.094340,374020.479234,941.553700,231164.653715,231182.387850
616,-1,228.600000,90.790095,786338.383708,377148.351259,657.000000,228270.710889,228292.416330
617,-1,228.239999,90.779877,789470.747850,382810.138164,783.666400,221956.653519,221977.216169
618,-1,227.879999,90.788067,791785.895123,387449.908412,820.690499,216958.024993,216978.548967
619,-1,227.519999,90.759284,789652.395125,387138.497945,907.618499,218624.234276,218643.432630
620,-1,227.159999,90.758986,789477.027693,388969.591724,925.019700,217396.501196,217415.576762
621,-1,226.799999,90.783869,790939.659939,392522.519658,879.782399,213800.996306,213821.006731
622,-1,226.440000,90.762885,790205.022628,393699.371963,962.769700,213450.215065,213469.137311
623,-1,226.079999,90.938649,802071.215431,407955.001260,610.999299,194946.519437,194972.682910
624,-1,225.720000,90.949595,802171.207357,409811.960472,597.000000,193543.395608,193569.980234
625,-1,225.359999,90.949344,802905.347621,412286.063136,635.631999,191263.319279,191289.576807
626,-1,224.999999,90.966042,805029.398163,416109.623402,650.856499,187053.947971,187080.539001
627,-1,224.639999,90.985245,804013.760759,416758.430503,583.620599,187317.033644,187344.731387
628,-1,224.280000,90.992074,809781.758409,424027.170559,720.739199,178109.033269,178135.735878
629,-1,223.920000,90.984184,890931.441254,503727.449806,2699.220200,64368.306455,64377.803821
630,-1,223.559999,91.015636,890651.818453,504019.649681,2663.874400,64368.306447,64378.420628
631,-1,223.200000,91.006396,890693.672700,504613.758073,2681.961000,63929.830259,63939.693568
632,-1,222.839999,90.851720,890483.926401,504967.063141,2855.895399,63842.134959,63849.189468
633,-1,222.479999,90.816170,890276.777537,505321.273718,2896.765300,63754.439751,63760.908700
634,-1,222.120000,90.841774,890072.229390,505676.371105,2869.557400,63666.744503,63673.616267
635,-1,221.759999,90.856637,890001.115359,506149.149359,2856.972599,63403.658729,63410.745905
636,-1,221.399999,90.847639,890065.632618,506737.116031,2873.418999,62965.182749,62972.073824
637,-1,221.039999,90.885908,889937.225723,507149.855363,2834.066100,62789.792182,62797.298627
638,-1,220.679999,91.008786,889945.144998,507676.885149,2705.545100,62439.011300,62448.690404
639,-1,220.319999,91.082854,889690.356794,507975.204106,2624.801600,62439.011106,62450.163941
640,-1,219.959999,91.081384,817648.849630,448122.687000,858.508499,156097.527965,156125.334424
641,-1,219.600000,91.057751,816683.449002,448596.934083,914.822199,156536.004235,156562.683132
642,-1,219.239999,91.072872,819319.070043,452019.455782,952.326799,152326.632681,152353.341835
643,-1,218.880000,91.390854,837352.983122,467790.060723,687.823199,128385.831918,128423.668490
644,-1,218.520000,91.371397,836985.842124,468528.842054,735.644600,128210.441448,128247.176339
645,-1,218.160000,91.341812,837313.571128,469810.884766,826.533200,127158.098745,127192.976775
646,-1,217.799999,91.380858,837376.246855,470870.635271,756.741200,126456.536653,126493.270746
647,-1,217.440000,91.386916,840999.358703,474645.421356,868.630000,121282.517660,121318.058667
648,-1,217.080000,91.377403,840398.069552,475146.177573,884.561300,121457.908073,121493.013773
649,-1,216.719999,91.447590,842189.259539,477434.319650,806.601200,118651.660290,118689.539914
650,-1,216.359999,91.498241,842027.882237,478241.255372,710.816200,118300.879277,118341.336865
651,-1,215.999999,91.540375,850812.193737,485542.202384,930.327799,106900.497850,106939.142417
652,-1,215.640000,91.550358,841510.425923,479699.438151,615.000000,117862.403241,117905.564744
653,-1,215.279999,91.545029,841868.287084,480859.785896,651.988100,116897.755442,116940.269845
654,-1,214.920000,91.561889,841158.328530,481259.909440,608.000000,117248.536424,117292.114409
655,-1,214.560000,91.572160,841099.620970,482114.018296,599.000000,116810.060193,116854.048275
656,-1,214.199999,91.589053,861211.462964,496669.391744,1253.010400,91992.307162,92027.698156
657,-1,213.840000,91.570191,861179.437438,497343.807062,1292.934400,91641.526138,91675.949881
658,-1,213.479999,91.604879,861226.016085,498064.952601,1249.695400,91203.050009,91238.839934
659,-1,213.120000,91.656442,860764.507165,498448.075194,1162.479000,91378.440381,91416.641175
660,-1,212.759999,91.667789,842679.320895,487493.566592,529.000000,112512.993474,112560.676422
661,-1,212.400000,91.654627,842594.825001,488277.219552,565.000000,112162.212553,112208.999304
662,-1,212.039999,91.632561,842665.104388,489152.570163,623.228499,111636.040991,111681.374088
663,-1,211.680000,91.560063,842667.999067,489978.598367,776.537899,111197.564979,111238.797369
664,-1,211.319999,91.497282,842902.271564,490938.999990,916.803799,110496.002908,110533.742974
665,-1,210.960000,91.451794,842693.647310,491623.454001,1009.032200,110320.612469,110356.037313
666,-1,210.600000,91.419200,842791.823622,492486.820713,1084.865699,109794.440943,109828.131153
667,-1,210.239999,91.390209,842366.762465,493037.545333,1138.325300,109882.136285,109914.489621
668,-1,209.880000,91.345159,841640.742591,493416.652515,1214.476800,110320.612317,110351.023160
669,-1,209.519999,91.293757,841449.930309,494105.176072,1317.461400,110145.222048,110173.307967
670,-1,209.160000,91.257725,841800.054937,495093.030723,1404.091600,109355.964881,109382.317658
671,-1,208.800000,91.280795,841543.998690,495736.348006,1362.000000,109268.269622,109295.576283
672,-1,208.440000,91.356261,841909.148222,496714.888372,1236.689000,108479.012514,108509.411469
673,-1,208.079999,91.404474,842282.786911,497686.747321,1164.703200,107689.755265,107722.117303
674,-1,207.719999,91.375919,843751.673081,499222.938146,1266.852600,105672.764714,105703.242119
675,-1,207.360000,91.324935,842821.596529,499489.240107,1344.709900,106374.326692,106402.774431
676,-1,207.000000,91.379696,843141.390509,500402.307178,1259.882199,105672.764655,105703.409663
677,-1,206.640000,91.361851,843939.217653,501545.339341,1322.000000,104445.031376,104474.541723
678,-1,206.279999,91.522669,845376.697390,502987.052665,1079.942400,102515.735958,102551.948095
679,-1,205.919999,91.522604,845408.816092,503718.825808,1089.381299,102164.955078,102201.040264
680,-1,205.559999,91.544845,845367.376214,504410.560973,1056.790299,101901.869432,101938.921175
681,-1,205.200000,91.650216,845410.341351,505138.387929,879.345000,101551.088313,101593.223173
682,-1,204.839999,91.691744,897187.152496,529809.621067,2499.595800,44198.401171,44217.674591
683,-1,204.479999,91.645580,847428.244140,507459.287815,968.190199,98744.840650,98785.581159
684,-1,204.120000,91.551149,847252.966603,508060.587137,1133.434800,98657.145433,98693.310846
685,-1,203.760000,91.446812,846921.169366,508591.806547,1311.000000,98744.840798,98776.331275
686,-1,203.400000,91.563176,897538.053369,531171.716440,2622.786100,43321.448643,43337.576562
687,-1,203.039999,91.552238,897592.136266,531490.507469,2635.815200,43146.058296,43161.896849
688,-1,202.679999,91.520592,897648.649276,531807.936952,2664.319099,42970.667889,42985.805235
689,-1,202.320000,91.518045,897626.452798,532090.681794,2668.554099,42882.972562,42898.028451
690,-1,201.959999,91.542752,897524.908054,532340.256098,2650.049300,42882.972660,42898.522763
691,-1,201.600000,91.558791,897424.933844,532590.463274,2638.035999,42882.972451,42898.847668
692,-1,201.239999,91.607583,897571.747855,532936.603330,2608.873200,42619.886863,42636.668204
693,-1,200.880000,91.650830,897721.327936,533280.271278,2584.259900,42356.801245,42374.388705
694,-1,200.519999,91.676701,897955.779895,533652.186873,2575.386300,42006.020022,42024.012992
695,-1,200.159999,91.685380,898275.652287,534050.778595,2581.919500,41567.543999,41585.534023
696,-1,199.800000,91.724876,898268.921329,534325.940775,2555.881200,41479.848655,41498.652294
697,-1,199.440000,91.804470,898264.104082,534600.620671,2500.966400,41392.153659,41412.689941
698,-1,199.080000,91.855737,898426.949885,534932.138381,2472.416000,41129.067887,41150.650121
699,-1,198.719999,91.890401,898924.634913,535373.643732,2467.766900,40515.201066,40537.263225
700,-1,198.360000,91.935521,899010.154427,535670.241892,2441.753500,40339.810668,40362.838921
701,-1,197.999999,92.004866,898514.057978,535775.555001,2377.522800,40778.286615,40803.263967
702,-1,197.639999,92.047916,898602.791725,536072.628882,2353.117199,40602.896396,40628.846395
703,-1,197.279999,92.088534,898609.984296,536342.039105,2327.493100,40515.200961,40542.132844
704,-1,196.919999,92.118591,898619.031194,536610.872228,2309.455000,40427.505787,40455.158868
705,-1,196.559999,92.104273,862316.956816,526081.347684,930.808600,78224.154381,78276.939802
706,-1,196.199999,92.085611,862515.204451,526650.759931,969.095799,77873.373398,77924.993661
707,-1,195.840000,92.095092,862464.538214,527144.986961,959.399500,77785.678343,77837.710638
708,-1,195.479999,92.100790,862501.641158,527662.398327,958.087799,77610.287811,77662.485687
709,-1,195.120000,92.124644,862288.306939,528109.879388,922.478199,77697.983155,77751.434188
710,-1,194.759999,92.143610,862247.249607,528603.909240,900.006099,77610.287620,77664.636316
711,-1,194.399999,92.151284,860085.932079,528552.430668,810.534100,79714.973623,79771.196843
712,-1,194.040000,92.148894,860218.123744,529101.771433,823.736300,79451.887821,79507.800948
713,-1,193.679999,92.205905,860439.367724,529669.406124,758.077200,79101.106801,79159.767785
714,-1,193.320000,92.225505,860664.688467,530233.495875,744.609299,78750.325819,78809.769749
715,-1,192.960000,92.221890,861064.972444,530833.347694,770.000000,78224.154638,78283.009612
716,-1,192.599999,92.244767,861983.248822,531542.229478,779.970199,77171.811480,77231.077245
717,-1,192.239999,92.287749,862221.768686,532090.133894,736.000000,76821.030683,76882.309514
718,-1,191.880000,92.273628,861949.285964,532526.054282,748.000000,76996.420984,77057.083343
719,-1,191.519999,92.336238,862366.752648,533104.866445,685.192700,76470.249734,76533.863694
720,-1,191.159999,92.281308,861497.943690,533423.202094,727.181800,77259.506811,77320.788651
721,-1,190.800000,92.199400,861319.342670,533883.317972,834.430500,77347.202163,77404.224469
722,-1,190.439999,92.148343,861574.752264,534424.543268,916.613800,76996.420911,77050.578246
723,-1,190.079999,92.125474,861056.875019,534823.845947,931.115500,77434.897357,77488.209044
724,-1,189.719999,92.143864,861059.661431,535317.944040,909.510599,77347.202164,77401.379455
725,-1,189.360000,92.171959,861065.643702,535811.471268,874.854500,77259.506905,77315.051315
726,-1,189.000000,92.206181,861074.814615,536304.407290,832.019400,77171.811682,77229.056267
727,-1,188.639999,92.243215,861087.167281,536796.731765,785.498300,77084.116157,77143.232718
728,-1,188.279999,92.264712,861102.693825,537288.423695,760.000000,76996.420946,77056.608176
729,-1,187.919999,92.295278,861295.104529,537803.630013,729.404100,76733.335294,76794.947982
730,-1,187.560000,92.288130,861404.038366,538304.441348,746.000000,76557.944778,76619.034121
731,-1,187.199999,92.324740,861516.257958,538803.465940,704.124100,76382.554516,76445.471192
732,-1,186.840000,92.357090,861457.603548,539279.793072,660.924400,76382.554525,76447.235707
733,-1,186.480000,92.362395,861401.943226,539756.479454,653.840899,76382.554422,76447.527257
734,-1,186.119999,92.419518,861436.474325,540242.855450,581.261799,76294.859290,76362.936311
735,-1,185.759999,92.495423,861386.865501,540719.655677,480.000000,76294.859157,76367.278063
736,-1,185.400000,92.499041,861427.559317,541205.010678,479.000000,76207.164007,76279.709766
737,-1,185.039999,92.469724,862519.626358,541782.001650,567.238599,75067.125711,75136.918099
738,-1,184.679999,92.471493,862829.277970,542280.586283,580.057400,74716.344914,74785.910786
739,-1,184.320000,92.452297,860693.738934,542590.055480,515.000000,76821.030509,76891.448344
740,-1,183.960000,92.425630,860921.350027,543089.644704,561.964000,76557.944808,76626.602403
741,-1,183.600000,92.366827,860539.549282,543547.599497,626.174499,76908.725749,76974.392027
742,-1,183.240000,92.320386,860423.166969,544025.013568,685.063699,76996.421174,77059.605995
743,-1,182.879999,92.341133,860397.341889,544508.105778,657.137199,76996.421153,77060.741695
744,-1,182.519999,92.358495,860462.163282,544995.206509,637.377900,76908.725701,76973.930124
745,-1,182.159999,92.350595,860442.433006,545478.034612,648.000000,76908.725966,76973.494001
746,-1,181.800000,92.342106,860513.389229,545963.731475,663.000000,76821.030536,76885.257993
747,-1,181.439999,92.316453,860587.411063,546448.422435,701.000000,76733.335368,76796.090868
748,-1,181.080000,92.296340,861716.645025,546951.922740,773.695600,75593.297166,75654.050670
749,-1,180.719999,92.279984,861007.677939,547418.014328,767.377399,76294.859202,76355.305590
750,-1,180.360000,92.254631,861353.934136,547899.570779,815.000000,75944.078157,76002.915122
751,-1,180.000000,92.249611,861615.520883,548376.738460,832.000000,75680.992338,75739.364470
752,-1,179.640000,92.271070,862055.482274,548849.498013,821.000000,75242.516170,75301.663299
753,-1,179.279999,92.314540,862410.690881,549317.831066,778.000000,74891.735478,74952.883680
754,-1,178.920000,92.418895,863119.519516,549775.107383,671.000000,74190.173412,74256.338361
755,-1,178.559999,92.415888,863392.772578,550234.533301,686.000000,73927.087612,73992.854004
756,-1,178.200000,92.395985,863493.556169,550696.089793,715.395399,73839.392334,73904.002035
757,-1,177.839999,92.355268,863421.952638,551163.063924,764.352899,73927.087803,73989.592821
758,-1,177.479999,92.311423,863440.917823,551627.173560,821.017600,73927.087728,73987.285738
759,-1,177.119999,92.267303,863462.798685,552091.154588,878.036500,73927.087657,73985.007973
760,-1,176.760000,92.240247,863487.594239,552554.988962,913.000000,73927.087719,73983.633073
761,-1,176.399999,92.230258,863690.348098,553007.645865,932.738299,73751.697252,73807.606212
762,-1,176.039999,92.215822,863895.869341,553457.920227,958.134500,73576.306853,73631.362702
763,-1,175.680000,92.203486,863929.244274,553919.006575,974.000000,73576.306571,73630.750707
764,-1,175.320000,92.213167,864227.723664,554358.408912,971.717000,73313.221105,73367.948597
765,-1,174.959999,92.236856,864441.462082,554801.984468,948.210099,73137.830586,73193.602940
766,-1,174.600000,92.246337,864745.189164,555234.857618,946.408800,72874.744739,72930.788865
767,-1,174.239999,92.254790,865051.469064,555664.169095,946.000000,72611.659192,72667.922301
768,-1,173.879999,92.303767,865621.856046,556061.855636,905.000000,72085.487493,72143.797427
769,-1,173.519999,92.342132,866020.097376,556472.458161,871.000000,71734.706616,71794.682876
770,-1,173.160000,92.374929,866507.726322,556867.917016,848.053700,71296.230363,71357.522346
771,-1,172.799999,92.403799,866649.478663,557301.534587,815.747499,71208.535147,71271.250222
772,-1,172.439999,92.443807,866963.930790,557711.137770,777.000000,70949.299940,71013.885585
773,-1,172.079999,92.489736,867114.640790,558140.249117,724.000000,70857.754397,70924.705986
774,-1,171.719999,92.502213,870388.273023,558113.743921,850.334400,67613.030414,67677.558545
775,-1,171.360000,92.452804,870364.072612,558547.119694,904.993499,67700.725701,67762.809107
776,-1,170.999999,92.430539,870169.449313,559008.621068,920.181599,67963.811228,68025.008738
777,-1,170.639999,92.448111,870064.520389,559458.705141,891.801600,68139.201974,68201.448449
778,-1,170.280000,92.450650,869876.168076,559925.332161,877.516900,68402.287652,68464.904245
779,-1,169.919999,92.442881,870122.743698,560318.018712,894.292300,68226.897086,68288.957418
780,-1,169.559999,92.437162,870457.828986,560692.172819,912.312000,67963.811207,68025.342907
781,-1,169.199999,92.474051,870450.386087,561128.319256,864.685400,68051.506417,68114.998169
782,-1,168.839999,92.489206,870445.788328,561565.044761,842.839000,68139.201946,68203.557383
783,-1,168.480000,92.506023,870444.043580,562002.330632,818.963300,68226.896889,68292.209470
784,-1,168.120000,92.517019,870445.157751,562440.158496,801.989300,68314.592228,68380.564377
785,-1,167.759999,92.526268,870531.216306,562860.703915,790.776100,68318.300092,68384.761995
786,-1,167.400000,92.527312,870627.157387,563279.104981,789.692800,68314.592403,68381.105670
787,-1,167.039999,92.546056,870722.107329,563697.704209,767.300300,68314.592229,68382.096567
788,-1,166.680000,92.578951,870819.685218,564115.698124,728.000000,68314.592239,68383.853662
789,-1,166.320000,92.589414,870919.887445,564533.070977,715.499400,68314.592364,68384.417405
790,-1,165.960000,92.620037,871107.785691,564928.531144,682.924899,68226.897138,68298.293141
791,-1,165.599999,92.683853,871298.029733,565322.268874,610.882100,68139.201813,68214.025045
792,-1,165.240000,92.736932,871575.406475,565691.927911,556.000000,67963.811383,68041.426048
793,-1,164.879999,92.777733,871854.816349,566058.772322,516.000000,67788.420921,67868.162874
794,-1,164.519999,92.699002,873826.514506,565954.670168,700.311600,65859.125564,65932.264561
795,-1,164.160000,92.636419,874106.942423,566305.240989,780.480400,65683.735130,65753.332839
796,-1,163.799999,92.621928,874136.624122,566726.382535,793.112099,65771.430186,65840.356146
797,-1,163.439999,92.615647,874085.048437,567172.852771,792.325200,65946.820949,66015.599692
798,-1,163.080000,92.536452,874204.394984,567569.648237,883.661900,65946.820768,66011.494345
799,-1,162.719999,92.486357,874326.232338,567965.686487,941.431400,65946.820691,66008.962909
800,-1,162.359999,92.496387,874534.127264,568334.376366,933.689100,65859.125426,65921.687085
801,-1,162.000000,92.517267,874660.762837,568728.327350,909.642000,65859.125385,65922.738827
802,-1,161.639999,92.547790,875039.564573,569038.606913,886.195200,65596.039994,65660.946417
803,-1,161.280000,92.587808,874340.054817,569710.820464,800.652600,66472.992333,66540.850708
804,-1,160.920000,92.568184,875055.485473,569905.298093,851.000000,65859.125526,65925.340583
805,-1,160.560000,92.556147,874199.631870,570646.182766,817.884200,66911.468269,66978.111699
806,-1,160.199999,92.545706,874423.310228,571012.484527,834.000000,66823.773125,66889.786183
807,-1,159.839999,92.561900,874649.097178,571376.855518,819.000000,66736.078110,66802.846627
808,-1,159.479999,92.595272,874959.109025,571708.543831,788.000000,66560.687374,66629.028154
809,-1,159.119999,92.645183,875270.808861,572037.246913,738.000000,66385.297029,66456.106947
810,-1,158.759999,92.638247,877382.412250,571664.020626,843.035000,64280.611431,64348.816948
811,-1,158.400000,92.610536,877608.210026,572009.009437,878.028200,64196.399975,64263.091536
812,-1,158.039999,92.604132,877757.873113,572383.573321,885.218900,64196.400101,64262.764550
813,-1,157.680000,92.591637,877909.886916,572757.189043,899.247900,64196.399856,64262.128425
814,-1,157.319999,92.594802,877986.545556,573162.313233,891.877800,64280.611239,64346.587029
815,-1,156.960000,92.580032,878224.147443,573500.155405,912.434200,64192.916102,64258.053305
816,-1,156.599999,92.573565,878302.685015,573905.647704,915.752299,64280.611179,64345.510534
817,-1,156.240000,92.566331,878464.251293,574275.810350,923.884600,64280.611138,64345.145848
818,-1,155.880000,92.553932,878468.062637,574716.623773,929.999299,64456.001709,64520.088231
819,-1,155.519999,92.560888,878475.097400,575158.409306,914.313699,64631.392160,64696.003893
820,-1,155.160000,92.572984,878564.949255,575564.303508,896.700800,64719.087595,64784.400155
821,-1,154.800000,92.588684,878895.630024,575858.108038,886.861099,64543.697075,64609.630604
822,-1,154.439999,92.594706,878990.339480,576262.343450,876.088699,64631.392233,64697.723170
823,-1,154.080000,92.637940,878926.911129,576744.677459,814.934299,64898.000057,64966.844654
824,-1,153.719999,92.685238,878241.313747,577537.991161,716.000000,65862.699945,65935.098127
825,-1,153.359999,92.747711,878507.284344,577867.543980,648.404699,65771.430289,65847.134608
826,-1,153.000000,92.769560,878771.876662,578196.530199,627.507299,65683.735153,65760.546861
827,-1,152.640000,92.742327,879038.279345,578523.357301,663.000000,65596.039834,65671.246417
828,-1,152.280000,92.693633,879306.475331,578848.015444,723.000000,65508.344625,65580.804658
829,-1,151.919999,92.658724,879499.075667,579211.773903,763.000000,65508.344496,65578.936882
830,-1,151.559999,92.584268,878922.838959,579991.953117,808.725900,66385.296901,66452.880322
831,-1,151.200000,92.547722,878504.660005,580697.833267,819.775999,67090.499879,67156.881527
832,-1,150.839999,92.458264,878022.849617,581449.384585,891.000000,67876.115967,67938.637864
833,-1,150.480000,92.414703,877847.038289,582039.032684,924.051900,68318.300053,68379.017133
834,-1,150.119999,92.414642,877682.742029,582628.493119,905.791599,68753.068389,68814.168761
835,-1,149.759999,92.353720,877520.317486,583223.205841,961.000000,69191.544754,69249.968964
836,-1,149.399999,92.342062,877510.749263,583733.940712,964.186799,69458.399946,69516.469579
837,-1,149.039999,92.310411,877436.512207,584287.401875,988.620400,69805.411454,69862.203389
838,-1,148.679999,92.283269,877360.408685,584847.123197,1007.602700,70159.999927,70215.746250
839,-1,148.319999,92.259949,877444.724461,585313.101595,1029.432900,70331.582802,70386.329015
840,-1,147.959999,92.233333,877603.645075,585734.953114,1058.733900,70419.277969,70472.808140
841,-1,147.600000,92.209152,877617.419654,586250.242766,1078.349500,70682.363694,70734.935925
842,-1,147.239999,92.185978,877856.562220,586624.467739,1106.980700,70682.363925,70733.838282
843,-1,146.880000,92.173922,878021.387350,587047.197208,1118.399399,70773.900040,70824.873806
844,-1,146.519999,92.178532,878268.733312,587416.749291,1112.842800,70770.058971,70821.246509
845,-1,146.160000,92.163251,877349.763365,588568.224022,1078.744100,72173.182901,72224.655079
846,-1,145.800000,92.157099,878473.848059,588352.580424,1126.142400,71120.839966,71171.273387
847,-1,145.440000,92.148736,878870.622856,588621.888941,1143.118500,70945.449482,70995.368971
848,-1,145.080000,92.163806,878980.830313,589088.592076,1117.804900,71120.840110,71171.587838
849,-1,144.720000,92.205277,879094.601739,589555.495013,1059.498500,71296.230556,71349.073364
850,-1,144.360000,92.194401,877498.232884,591251.278695,985.529699,73580.299888,73634.298696
851,-1,143.999999,92.176457,877630.136820,591726.898479,1002.094000,73751.697245,73804.939730
852,-1,143.639999,92.163383,877974.311656,592048.944423,1022.259500,73664.001874,73716.543712
853,-1,143.279999,92.146934,877898.413186,592682.979572,1027.000000,74102.478293,74154.531711
854,-1,142.919999,92.131394,878174.759746,593057.736697,1046.976899,74106.499967,74157.804908
855,-1,142.559999,92.116158,878599.115525,593319.254874,1073.339300,73927.087579,73977.538808
856,-1,142.199999,92.079057,878674.775807,593848.419170,1111.723900,74190.173501,74239.043503
857,-1,141.840000,92.055594,878958.472090,594218.338050,1142.000000,74194.199881,74241.975088
858,-1,141.480000,92.062266,879868.310821,594089.932139,1161.914099,73400.916256,73448.488141
859,-1,141.119999,92.027319,879812.210211,594727.602779,1191.079100,73843.399946,73889.649465
860,-1,140.759999,92.019559,880036.650051,595143.346370,1198.000000,73931.099989,73977.050459
861,-1,140.400000,92.045754,880334.713103,595499.637653,1164.300399,73927.087735,73974.236024
862,-1,140.039999,92.085496,881035.224170,595518.671735,1132.115500,73400.916334,73449.566576
863,-1,139.679999,92.115506,880396.458387,596665.651069,1048.267200,74628.649465,74679.548049
864,-1,139.319999,92.053371,880431.882529,597253.512754,1116.583700,74983.500113,75031.679118
865,-1,138.960000,92.027715,881007.751127,597376.846825,1162.766000,74628.649711,74675.409328
866,-1,138.599999,92.032723,881448.299459,597613.562231,1162.460100,74453.259132,74500.139681
867,-1,138.239999,92.080972,880777.531444,598839.583729,1051.883800,75768.687818,75818.689665
868,-1,137.880000,92.100813,882201.515144,598193.833708,1080.298400,74277.868790,74327.826490
869,-1,137.520000,92.189345,882386.257885,598657.466967,958.659199,74453.259165,74507.646964
870,-1,137.159999,92.235429,882828.912839,598884.967496,905.374899,74281.900162,74338.472660
871,-1,136.800000,92.250576,883147.338384,599226.198113,885.707800,74281.900100,74339.242325
872,-1,136.440000,92.231942,880290.297838,602587.185485,739.000000,78666.900021,78726.625197
873,-1,136.079999,92.187684,878673.731189,604830.128834,696.000000,81385.599819,81444.961409
874,-1,135.719999,92.089105,877965.423551,606235.104699,782.000000,82872.002179,82927.120258
875,-1,135.359999,91.989264,877640.508190,607287.755152,892.929000,83841.200039,83891.757530
876,-1,134.999999,91.949731,877332.940564,608340.311118,918.162700,84801.297701,84850.420867
877,-1,134.639999,91.917443,876909.836423,609527.064978,927.839099,85941.335619,85989.483210
878,-1,134.280000,91.900679,876621.760884,610595.902408,921.000000,86905.983301,86953.823317
879,-1,133.919999,91.860948,875128.157900,612934.100487,893.000000,89624.535676,89671.830243
880,-1,133.559999,91.793424,874504.256260,614407.349181,951.896699,91120.300078,91164.956451
881,-1,133.199999,91.839515,874323.445598,615436.244433,850.516900,91992.307217,92039.739012
882,-1,132.840000,91.836468,874086.687214,616541.621815,824.321700,92961.999907,93009.772980
883,-1,132.480000,91.780097,874220.091146,617260.832319,902.246799,93400.500044,93445.595855
884,-1,132.119999,91.760662,874771.783284,617525.689401,939.350200,93225.099999,93269.133257
885,-1,131.759999,91.784580,874568.393271,618632.972619,870.499500,94184.688090,94230.391933
886,-1,131.399999,91.721429,874605.104156,619486.183840,955.956999,94798.554803,94841.357217
887,-1,131.040000,91.721897,874765.235069,620209.400569,942.000000,95237.031101,95280.054901
888,-1,130.679999,91.755759,874985.772030,620870.829036,874.751399,95592.999933,95637.900401
889,-1,130.320000,91.794766,929692.440831,557336.810435,3436.759200,11751.800147,11757.568115
890,-1,129.960000,91.664197,929749.298001,557383.922218,3463.582899,11751.162360,11756.121063
891,-1,129.600000,91.557514,929805.633846,557431.656046,3485.463200,11751.800130,11756.143503
892,-1,129.239999,91.466494,929863.078613,557478.049654,3504.161500,11751.162304,11755.012518
893,-1,128.879999,91.387619,929920.009930,557525.071870,3520.333000,11751.800073,11755.247350
894,-1,128.520000,91.328905,930032.648484,557502.127690,3534.431600,11663.466873,11666.604766
895,-1,128.159999,91.274345,930144.311319,557478.633970,3547.494700,11575.771850,11578.635624
896,-1,127.800000,91.238767,930201.256087,557523.888801,3554.672700,11576.399836,11579.106050
897,-1,127.439999,91.290103,930312.563607,557498.160834,3546.284400,11488.076355,11490.989170
898,-1,127.079999,91.320827,930369.636655,557542.359565,3540.106499,11488.700065,11491.753467
899,-1,126.719999,91.360850,930480.168587,557514.907848,3534.175000,11400.381306,11403.597683
900,-1,126.360000,91.442409,930537.719325,557557.555400,3517.937000,11400.381337,11403.994905
901,-1,125.999999,91.530302,930647.083279,557528.893712,3502.779700,11312.685990,11316.722203
902,-1,125.640000,91.617358,930755.817970,557499.222840,3488.054200,11224.990674,11229.464380
903,-1,125.279999,91.635686,889279.955712,616243.173921,1431.004600,83135.088003,83168.976857
904,-1,124.920000,91.663967,889403.521409,616978.687542,1374.518000,83665.799957,83701.095126
905,-1,124.560000,91.661471,889785.753256,617350.475841,1375.622399,83753.499990,83788.726187
906,-1,124.200000,91.558286,877058.374840,637014.467352,889.569799,107169.400011,107209.048275
907,-1,123.840000,91.477682,875955.995811,639867.873391,963.523499,110151.199934,110187.843412
908,-1,123.480000,91.377517,873874.636785,644269.451530,1040.370800,114968.460156,115001.695662
909,-1,123.119999,91.318368,873660.367856,645919.944292,1124.668999,116465.600075,116496.438465
910,-1,122.760000,91.298557,873803.384631,647050.006665,1145.224800,117336.231558,117366.373550
911,-1,122.399999,91.295905,873998.275973,648118.800459,1132.659300,118131.899885,118162.122421
912,-1,122.040000,91.277001,874347.063990,648960.591754,1159.924700,118658.100027,118687.577805
913,-1,121.680000,91.301670,874707.339516,649796.415542,1097.000000,119177.831682,119208.593769
914,-1,121.320000,91.250023,875068.919173,650642.716999,1192.857900,119710.500072,119738.995794
915,-1,120.959999,91.179772,875445.358381,651477.318020,1329.000000,120230.174501,120255.666962
916,-1,120.599999,91.181416,875871.172490,652241.317476,1316.506899,120668.650685,120694.307471
917,-1,120.239999,91.127190,876300.843875,653009.700126,1422.000000,121113.700075,121137.141434
918,-1,119.880000,91.195923,876784.708392,653695.047508,1269.327200,121464.499934,121490.964194
919,-1,119.520000,91.237201,877231.572000,654454.748745,1172.309599,121903.000085,121931.425353
920,-1,119.160000,91.268552,878070.188433,654523.710877,1113.343200,121552.199902,121581.998328
921,-1,118.799999,91.274114,878865.043799,654663.186976,1107.388900,121289.099910,121319.095210
922,-1,118.440000,91.252429,879704.200257,654713.986743,1161.129100,120931.736467,120960.633837
923,-1,118.079999,91.238831,892589.477308,632175.965218,1751.071900,94979.100150,95001.305707
924,-1,117.719999,91.212971,892874.530872,632916.432241,1782.927700,95500.116966,95521.521747
925,-1,117.360000,91.157492,893325.976819,633349.643645,1871.894499,95675.507247,95695.034270
926,-1,117.000000,91.089442,893659.309486,634019.572752,1977.134400,96119.200034,96136.578408
927,-1,116.639999,91.092651,894080.307659,634527.230857,1966.731000,96382.300052,96399.828818
928,-1,116.279999,91.051789,894467.136938,635111.605673,2029.053100,96733.100142,96749.401292
929,-1,115.919999,91.082265,892981.192404,639559.522302,1889.772100,101381.200073,101399.289081
930,-1,115.560000,91.148571,893517.142775,639915.278808,1770.646200,101468.899893,101489.291262
931,-1,115.199999,91.146749,894282.195707,639786.816467,1782.760899,101024.917086,101045.154873
932,-1,114.839999,91.088683,894118.253778,641651.980387,1851.746400,102784.399813,102802.957373
933,-1,114.480000,91.070227,894923.212142,641442.536908,1894.697600,102258.200087,102276.041869
934,-1,114.120000,91.009077,895365.440260,642027.109558,1997.690800,102609.000026,102624.915361
935,-1,113.760000,91.026795,895850.931415,642524.410073,1961.336400,102866.517007,102883.037556
936,-1,113.399999,90.977580,896269.153019,643185.373974,2042.239000,103304.993360,103320.031840
937,-1,113.040000,90.956665,896657.523962,643930.668743,2071.079500,103836.800030,103851.275971
938,-1,112.679999,90.919766,897224.889625,644265.041762,2136.561900,103924.500132,103937.892096
939,-1,112.319999,90.908663,897796.997733,644590.832121,2155.403400,104006.555287,104019.636183
940,-1,111.960000,91.008681,898400.193377,644842.349334,1973.694800,104012.200144,104028.320459
941,-1,111.599999,90.981650,898490.516359,646389.498471,1998.738000,105415.399811,105430.873561
942,-1,111.240000,90.885076,898757.623436,647530.556556,2161.562300,106380.099966,106392.793724
943,-1,110.880000,90.890802,899537.668464,647361.041476,2157.747500,105941.599954,105954.405484
944,-1,110.519999,90.853449,900223.842288,647426.685373,2229.528200,105760.460066,105772.194006
945,-1,110.159998,90.899887,936571.108833,550352.585558,3771.939300,2104.800057,2105.059688
946,-1,109.799999,90.758931,936583.576327,550356.996967,3777.120000,2104.685907,2104.870557
947,-1,109.440001,90.617100,936595.994610,550361.544858,3782.329500,2104.799934,2104.922020
948,-1,109.080003,90.477637,936608.516566,550365.799115,3787.454199,2104.685649,2104.758784
949,-1,108.720005,90.344325,936620.990951,550370.190838,3792.350800,2104.799924,2104.837932
950,-1,108.359996,90.211924,936633.565729,550374.287615,3797.215200,2104.685725,2104.700122
951,-1,108.000000,90.080180,936646.094247,550378.522186,3802.054500,2104.799973,2104.802034
952,-1,107.639999,89.949291,936658.719222,550382.460499,3806.862700,2104.685744,2104.686568
953,-1,107.279999,89.819098,936671.334026,550386.428339,3811.645200,2104.685827,2104.696318
954,-1,106.919999,89.689620,936683.940300,550390.426034,3816.402100,2104.800044,2104.830928
955,-1,106.560001,89.565185,936696.604645,550394.235081,3820.973499,2104.799970,2104.860582
956,-1,106.200002,89.448977,936709.292611,550397.964733,3825.242800,2104.800154,2104.897494
957,-1,105.840002,89.333484,936722.003872,550401.614332,3829.486000,2104.800058,2104.942481
958,-1,105.480003,89.218705,936734.768282,550405.073971,3833.701600,2104.685800,2104.881493
959,-1,105.120001,89.104581,936747.493978,550408.673701,3837.896500,2104.799978,2105.057037
960,-1,104.759996,88.987031,936782.615299,550327.277210,3840.665299,2017.100019,2017.415302
961,-1,104.400004,88.876232,936794.907926,550330.361522,3844.565200,2016.990564,2017.378582
962,-1,104.039997,88.765657,936807.166431,550333.580675,3848.461800,2017.099832,2017.568007
963,-1,103.680003,88.650615,936902.456267,549995.680432,3844.248500,1666.209468,1666.671664
964,-1,103.320002,88.500289,936912.636037,549998.124653,3848.622800,1666.209734,1666.780677
965,-1,102.959996,88.350184,936922.831226,550000.504570,3852.991299,1666.209654,1666.900649
966,-1,102.599999,88.200411,936933.021166,550002.908436,3857.353600,1666.299872,1667.122120
967,-1,102.240002,88.050609,936943.264912,550005.071818,3861.711800,1666.209437,1667.174291
968,-1,101.879999,87.901275,936953.484380,550007.347732,3866.063299,1666.299907,1667.418396
969,-1,101.519995,87.732450,936963.754701,550009.382177,3870.976700,1666.209391,1667.515116
970,-1,101.160001,87.560749,936974.001728,550011.529482,3875.982200,1666.299897,1667.811086
971,-1,100.800005,87.389243,936984.279594,550013.523573,3880.979700,1666.299895,1668.031251
972,-1,100.440003,87.218107,936994.569928,550015.453359,3885.967800,1666.300174,1668.266182
973,-1,100.079997,87.047329,937004.872401,550017.317856,3890.946900,1666.299829,1668.514906
974,-1,99.720000,86.875338,937029.992757,549932.676949,3891.175399,1578.599930,1580.950327
975,-1,99.359998,86.695000,937039.774234,549934.320975,3896.159700,1578.600075,1581.229992
976,-1,99.000002,86.536838,937035.860528,550022.434316,3905.834500,1666.209673,1669.258000
977,-1,98.640004,86.385256,937046.192200,550024.128866,3910.265199,1666.300022,1669.621671
978,-1,98.279996,86.269354,937056.548150,550025.669218,3913.649800,1666.300056,1669.838512
979,-1,97.919999,86.153232,937066.913287,550027.144280,3917.041700,1666.299943,1670.062526
980,-1,97.560003,85.969967,937042.686630,550289.263507,3940.925700,1929.295205,1934.077503
981,-1,97.199996,85.816238,937043.703688,550377.932949,3952.551800,2017.099908,2022.489449
982,-1,96.839995,85.690149,937056.295526,550379.373235,3957.007000,2016.990475,2022.710238
983,-1,96.479998,85.564331,937068.870632,550380.951972,3961.470600,2017.100133,2023.159903
984,-1,96.120003,85.438650,937081.467720,550382.342717,3965.922600,2017.100146,2023.509101
985,-1,95.759998,85.313162,937094.073666,550383.654066,3970.369300,2017.099903,2023.867344
986,-1,95.399996,85.187871,937106.687486,550384.886347,3974.810600,2017.099835,2024.235012
987,-1,95.040001,85.062785,937119.308524,550386.039560,3979.246300,2017.100000,2024.612107
988,-1,94.680000,84.933828,937139.092277,550299.705743,3976.046200,1929.400042,1936.967043
989,-1,94.320003,84.801788,937151.185428,550300.552526,3980.518900,1929.295396,1937.262917
990,-1,93.960002,84.669912,937163.275955,550301.427524,3984.997200,1929.295250,1937.673644
991,-1,93.600001,84.538272,937175.371732,550302.226735,3989.469400,1929.295300,1938.094248
992,-1,93.239995,84.406813,937187.466524,550303.054490,3993.947700,1929.400069,1938.629892
993,-1,92.880002,84.275376,937195.165327,550391.290862,4007.208900,2017.100090,2027.210204
994,-1,92.519998,84.143728,937207.830000,550391.778393,4011.880000,2016.990492,2027.572435
995,-1,92.160003,84.011180,937220.492376,550392.295781,4016.596300,2016.990451,2028.059041
996,-1,91.800004,83.873492,937233.154424,550392.843024,4021.509700,2017.099885,2028.686372
997,-1,91.439998,83.735993,937245.823362,550393.201291,4026.407400,2017.099851,2029.214884
998,-1,91.080002,83.598755,937258.493941,550393.480162,4031.298400,2017.100036,2029.754547
999,-1,90.720002,83.461789,937271.166159,550393.679308,4036.182300,2017.100111,2030.304931
1000,-1,90.360004,83.325093,937283.840019,550393.689151,4041.046400,2016.990505,2030.755672
1001,-1,90.000000,83.188742,937296.513222,550393.728849,4045.913500,2016.990388,2031.327039
