"OBJECTID","FEATURE_ID","HORIZ_ANG","ZENITH_ANG","VERTEX_X","VERTEX_Y","VERTEX_Z","DIST_2D","DIST_3D"
1,-1,90.000000,77.447172,941005.903113,553979.701992,4550.690500,5612.495336,5749.941760
2,-1,89.640000,77.399002,941041.167150,553979.591100,4555.643900,5612.495229,5751.020259
3,-1,89.279999,77.351317,941076.433811,553979.563541,4560.617700,5612.800048,5752.404813
4,-1,88.919999,77.248038,941111.689974,553978.704947,4571.179999,5612.495339,5754.429699
5,-1,88.559999,77.144407,941146.953355,553978.234147,4581.925200,5612.800075,5757.108132
6,-1,88.200001,77.059294,941182.195739,553976.932640,4590.630300,5612.495409,5758.754295
7,-1,87.839999,76.993226,941217.439107,553975.714139,4597.445500,5612.495316,5760.284247
8,-1,87.480000,76.927662,941252.673944,553974.274509,4604.212499,5612.495502,5761.811224
9,-1,87.119998,76.886471,941287.899268,553972.613095,4608.465600,5612.495273,5762.774460
10,-1,86.760000,76.846510,941323.113108,553970.730881,4612.593200,5612.495517,5763.712575
11,-1,86.400001,76.812086,941358.314481,553968.627211,4616.149900,5612.495524,5764.522987
12,-1,86.040001,76.782275,941393.502075,553966.302084,4619.230700,5612.495218,5765.226340
13,-1,85.679998,76.753178,941428.674577,553963.756486,4622.238700,5612.495498,5765.915141
14,-1,85.319999,76.732104,941463.854953,553961.293236,4624.489400,5612.800064,5766.727733
15,-1,84.960001,76.710647,941498.967415,553958.001904,4626.636400,5612.495338,5766.924291
16,-1,84.600001,76.688864,941534.085455,553954.793577,4628.889500,5612.495362,5767.442650
17,-1,84.239999,76.666787,941569.213338,553951.667599,4631.245500,5612.799875,5768.281852
18,-1,83.880001,76.638233,941576.209715,553686.128760,4571.637400,5349.409498,5498.245300
19,-1,83.520000,76.573916,941609.618112,553682.440447,4577.982900,5349.409506,5499.715210
20,-1,83.160000,76.477970,941643.002560,553678.542489,4587.455200,5349.409691,5501.922484
21,-1,82.799998,76.382198,941676.362073,553674.434558,4596.917800,5349.409614,5504.142637
22,-1,82.440000,76.323479,941709.694684,553670.117309,4602.723300,5349.409685,5505.512467
23,-1,82.080000,76.304414,941742.999735,553665.590415,4604.608800,5349.409490,5505.958391
24,-1,81.719998,76.285531,941776.275916,553660.854861,4606.476800,5349.409834,5506.401297
25,-1,81.360001,76.275774,941809.521256,553655.909989,4607.442000,5349.409786,5506.630164
26,-1,81.000000,76.264797,941842.735100,553650.756127,4608.528000,5349.409575,5506.887711
27,-1,80.640000,76.243659,941861.653370,553558.866219,4589.150500,5261.714314,5417.099707
28,-1,80.280001,76.229498,941894.304551,553553.668395,4590.598900,5261.999857,5417.721644
29,-1,79.919999,76.217619,941926.824499,553547.702856,4591.685400,5261.714272,5417.703008
30,-1,79.560001,76.207447,941959.355930,553541.814416,4592.675800,5261.714336,5417.939103
31,-1,79.200001,76.211015,941991.849960,553535.721581,4592.328400,5261.714332,5417.856287
32,-1,78.839998,76.215099,942024.305275,553529.424677,4591.930800,5261.714347,5417.761549
33,-1,78.479998,76.243101,942039.206492,553436.995400,4567.734700,5174.019114,5326.827441
34,-1,78.119999,76.305355,942089.152258,553516.499506,4583.216300,5262.000149,5415.969370
35,-1,77.760001,76.367310,942121.423847,553509.312513,4577.120899,5261.714469,5414.251906
36,-1,77.400000,76.435280,942153.710528,553502.201963,4570.513600,5261.714423,5412.698352
37,-1,77.039998,76.503639,942185.951934,553494.888657,4563.872399,5261.714352,5411.144484
38,-1,76.680000,76.592467,942218.146423,553487.373252,4555.248200,5261.714532,5409.138413
39,-1,76.319999,76.726476,942250.293340,553479.655420,4542.249600,5261.714493,5406.139100
40,-1,75.960000,76.827962,942303.736147,553557.092929,4553.006599,5349.700002,5494.252510
41,-1,75.599999,76.951630,942336.247237,553548.554888,4540.766200,5349.409780,5491.193425
42,-1,75.239998,77.077382,942368.850190,553540.374458,4528.467600,5349.699978,5488.712650
43,-1,74.880001,77.204110,942401.251044,553531.428610,4515.952500,5349.409710,5485.644340
44,-1,74.519999,77.329505,942433.671254,553522.559533,4503.647200,5349.409796,5482.932194
45,-1,74.160001,77.453147,942466.034707,553513.486717,4491.525800,5349.409569,5480.285980
46,-1,73.800000,77.614762,942498.340744,553504.210817,4475.699100,5349.409485,5476.869527
47,-1,73.439998,77.801060,942530.588055,553494.732489,4457.479700,5349.409813,5472.991015
48,-1,73.080001,77.998693,942562.774671,553485.051406,4438.179600,5349.409681,5468.945180
49,-1,72.719999,78.122230,942594.900263,553475.168224,4426.129900,5349.409624,5466.452288
50,-1,72.360000,78.232444,942626.962863,553465.083599,4415.388900,5349.409691,5464.251702
51,-1,72.000001,78.343207,942658.961486,553454.797530,4404.603099,5349.409583,5462.062128
52,-1,71.639998,78.452704,942690.895149,553444.310674,4393.948999,5349.409629,5459.919495
53,-1,71.280000,78.562006,942722.761884,553433.623360,4383.322100,5349.409524,5457.802065
54,-1,70.919999,78.642731,942783.227642,553505.613701,4393.093400,5437.104877,5545.699004
55,-1,70.559999,78.720764,942815.477905,553494.345023,4385.391800,5437.104815,5544.187438
56,-1,70.200001,78.830144,942847.656647,553482.874245,4374.603400,5437.105017,5542.087624
57,-1,69.839999,78.942384,942879.762882,553471.201040,4363.541300,5437.104847,5539.955156
58,-1,69.480000,79.054206,942911.794970,553459.326720,4352.528800,5437.104976,5537.853676
59,-1,69.120000,79.179930,942943.751927,553447.251285,4340.157200,5437.105063,5535.517966
60,-1,68.759998,79.307259,942975.632441,553434.975063,4327.638200,5437.104952,5533.181386
61,-1,68.400000,79.434165,943007.434871,553422.499038,4315.171200,5437.104969,5530.881817
62,-1,68.040000,79.610415,943006.364007,553328.490696,4281.795199,5349.409604,5438.579074
63,-1,67.680000,79.804707,943070.801870,553396.948564,4278.828400,5437.104978,5524.333347
64,-1,67.319998,79.993487,943102.477660,553384.147409,4260.397600,5437.400054,5521.391410
65,-1,66.960000,80.115219,942996.556283,553047.803921,4187.313500,5086.323899,5162.968374
66,-1,66.599999,80.238517,943025.925975,553035.203881,4176.039800,5086.323865,5161.044963
67,-1,66.240001,80.366668,943055.215615,553022.419786,4164.331200,5086.323920,5159.072763
68,-1,65.880001,80.494324,943084.424546,553009.451636,4152.676600,5086.323801,5157.135138
69,-1,65.519999,80.587766,943149.890294,553076.112264,4158.688299,5174.019043,5244.626038
70,-1,65.159997,80.633915,943179.434855,553062.548314,4154.407000,5174.019088,5243.927634
71,-1,64.799999,80.701046,943208.893457,553048.799326,4148.181100,5174.019365,5242.918291
72,-1,64.439998,80.791359,943238.265118,553034.864971,4139.808999,5174.019160,5241.571788
73,-1,64.079998,80.879913,943267.548524,553020.746561,4131.604100,5174.019097,5240.264954
74,-1,63.719999,80.968150,943296.742691,553006.444424,4123.432600,5174.019042,5238.975895
75,-1,63.359997,81.053502,943325.846635,552991.959217,4115.532200,5174.019153,5237.741584
76,-1,62.999998,81.134297,943394.671629,553055.428578,4121.735900,5261.714532,5325.340105
77,-1,62.640000,81.235786,943424.081019,553040.326902,4112.191500,5261.714286,5323.877241
78,-1,62.280000,81.345581,943412.603680,552947.410421,4088.524100,5174.019149,5233.609496
79,-1,61.920000,81.454376,943441.334265,552932.198509,4078.474900,5174.019281,5232.106913
80,-1,61.560000,81.599182,943469.968722,552916.806152,4065.108100,5174.019221,5230.137292
81,-1,61.199999,81.746063,943498.641237,552901.480395,4051.600800,5174.300117,5228.458976
82,-1,60.839999,81.889554,943526.944658,552885.483380,4038.334400,5174.019234,5226.292859
83,-1,60.479999,81.996785,943555.283841,552869.553950,4028.456999,5174.019062,5224.908319
84,-1,60.120000,82.089753,943583.522301,552853.447027,4019.897600,5174.019071,5223.723490
85,-1,59.760001,82.176662,943611.659056,552837.162938,4011.899600,5174.019057,5222.628787
86,-1,59.399999,82.263022,943639.693121,552820.702341,4003.955400,5174.019098,5221.553401
87,-1,59.039998,82.344510,943667.623183,552804.065892,3996.462300,5174.019097,5220.549916
88,-1,58.680001,82.422572,943695.447930,552787.254574,3989.287000,5174.019223,5219.599019
89,-1,58.319999,82.507282,943723.166707,552770.268387,3981.503500,5174.019139,5218.578261
90,-1,57.960000,82.587326,943750.778200,552753.108645,3974.151600,5174.019279,5217.624802
91,-1,57.600002,82.659593,943778.281098,552735.775674,3967.516200,5174.019227,5216.772834
92,-1,57.239998,82.682905,943710.767453,552570.776332,3942.855000,4998.628725,5039.669331
93,-1,56.879998,82.697464,943737.125668,552553.698282,3941.563899,4998.628691,5039.505025
94,-1,56.520001,82.712026,943763.375944,552536.455206,3940.272700,4998.628801,5039.341175
95,-1,56.159998,82.755274,943789.517624,552519.047105,3936.438299,4998.628698,5038.856090
96,-1,55.800001,82.821276,943815.549068,552501.475290,3930.587900,4998.628565,5038.121520
97,-1,55.440000,82.883751,943841.469948,552483.740417,3925.051700,4998.628760,5037.432879
98,-1,55.080001,82.929624,943917.478326,552537.748839,3931.864700,5086.324049,5125.298293
99,-1,54.720000,82.972931,943943.624927,552519.372563,3927.961400,5086.323936,5124.819195
100,-1,54.360000,83.028920,943969.655715,552500.832574,3922.916200,5086.324088,5124.204571
101,-1,53.999999,83.075063,943995.569377,552482.129200,3918.759100,5086.324008,5123.701613
102,-1,53.640000,83.116980,944021.364929,552463.263424,3914.983400,5086.323920,5123.247664
103,-1,53.280000,83.154946,944047.041387,552444.235903,3911.564199,5086.323769,5122.838874
104,-1,52.919999,83.209790,944072.598095,552425.047621,3906.625900,5086.323958,5122.252838
105,-1,52.560000,83.266424,944098.033411,552405.698906,3901.527700,5086.323765,5121.652366
106,-1,52.199999,83.316262,944123.347009,552386.191071,3897.042200,5086.324034,5121.128634
107,-1,51.840000,83.359819,944148.537247,552366.524444,3893.122800,5086.324024,5120.673929
108,-1,51.480001,83.405135,944173.775386,552346.915887,3889.077699,5086.600073,5120.481978
109,-1,51.120000,83.450092,944198.544693,552326.718093,3885.001800,5086.323926,5119.741125
110,-1,50.759998,83.489516,944223.359932,552306.580010,3881.456200,5086.323899,5119.337868
111,-1,50.400002,83.533044,944248.047875,552286.286744,3877.542100,5086.323957,5118.895602
112,-1,50.039999,83.576348,944272.608193,552265.838294,3873.648800,5086.323892,5118.458496
113,-1,49.680001,83.628516,944297.039247,552245.236301,3868.959400,5086.323916,5117.935996
114,-1,49.319999,83.673695,944321.340707,552224.481093,3864.899100,5086.324068,5117.487149
115,-1,48.960001,83.737155,944345.510935,552203.573654,3859.197000,5086.324031,5116.861933
116,-1,48.599999,83.786766,944369.549600,552182.514641,3854.740300,5086.324087,5116.377726
117,-1,48.240001,83.827891,944393.455064,552161.305038,3851.046500,5086.323895,5115.979077
118,-1,47.880001,83.855842,944358.411171,552074.898387,3839.096000,4998.628637,5027.507888
119,-1,47.520000,83.877940,944381.641112,552053.760962,3837.145900,4998.628781,5027.299684
120,-1,47.160000,83.894595,944404.737522,552032.477868,3835.676200,4998.628652,5027.143030
121,-1,46.800000,83.898758,944367.668371,551947.123052,3825.935000,4910.933420,4938.909172
122,-1,46.439999,83.887567,944390.095163,551925.929853,3826.905199,4910.933376,4939.012341
123,-1,46.079998,83.902415,944412.388426,551904.596234,3825.618000,4910.933436,4938.875506
124,-1,45.719998,83.960116,944434.733197,551883.313796,3820.644600,4911.199973,4938.614753
125,-1,45.359999,84.012586,944456.570424,551861.511018,3816.069200,4910.933503,4937.870406
126,-1,45.000000,84.059480,944478.645839,551839.949382,3812.033700,4911.199862,4937.716023
127,-1,44.640000,84.107156,944500.207476,551817.873966,3807.875700,4910.933503,4937.022468
128,-1,44.280000,84.166825,944521.819637,551795.850717,3802.707400,4910.933628,4936.494649
129,-1,43.920001,84.218171,944543.292691,551773.691968,3798.260899,4910.933436,4936.044532
130,-1,43.560000,84.261191,944564.626310,551751.398706,3794.535999,4910.933376,4935.670614
131,-1,43.199999,84.306316,944585.819509,551728.971913,3790.629500,4910.933420,4935.281562
132,-1,42.840001,84.363511,944606.871304,551706.412575,3785.679000,4910.933525,4934.792987
133,-1,42.479998,84.411024,944627.781039,551683.721020,3781.567200,4910.933439,4934.390750
134,-1,42.119998,84.448866,944648.547730,551660.898887,3778.292900,4910.933549,4934.073047
135,-1,41.759999,84.486314,944669.170392,551637.946505,3775.053000,4910.933345,4933.760490
136,-1,41.400001,84.521246,944755.429734,551672.859165,3780.442500,4998.628651,5021.568829
137,-1,41.040002,84.546944,944776.125559,551649.235196,3778.179999,4998.628675,5021.353342
138,-1,40.679998,84.574812,944796.672762,551625.481307,3775.726700,4998.628635,5021.120759
139,-1,40.320000,84.591259,944817.070031,551601.599137,3774.278900,4998.628612,5020.984058
140,-1,39.960001,84.596318,944837.317038,551577.589342,3773.833600,4998.628778,5020.942269
141,-1,39.600000,84.605794,944857.412798,551553.452579,3772.999500,4998.628806,5020.863817
142,-1,39.240001,84.622546,944877.356328,551529.190161,3771.524999,4998.628780,5020.725391
143,-1,38.880001,84.628008,944897.146970,551504.802742,3771.044299,4998.628608,5020.680194
144,-1,38.520000,84.622291,944916.996668,551480.460599,3771.573000,4998.900171,5021.000086
145,-1,38.160000,84.608842,944936.266971,551455.657499,3772.731199,4998.628679,5020.838475
146,-1,37.799999,84.610640,944886.301848,551377.152407,3764.299700,4910.933493,4932.739034
147,-1,37.439999,84.583948,944905.137112,551352.711839,3766.607999,4910.933412,4932.956293
148,-1,37.079999,84.553435,944923.818505,551328.153489,3769.247000,4910.933432,4933.206100
149,-1,36.720000,84.534633,944942.345371,551303.478342,3770.873300,4910.933625,4933.360922
150,-1,36.360001,84.553402,944960.716397,551278.687053,3769.249800,4910.933335,4933.206269
151,-1,36.000001,84.566731,944978.931584,551253.780935,3768.096999,4910.933343,4933.096989
152,-1,35.640002,84.573323,944996.989947,551228.760971,3767.526900,4910.933436,4933.043134
153,-1,35.280000,84.585334,945014.890829,551203.627820,3766.488200,4910.933468,4932.945043
154,-1,34.920001,84.623464,945032.633248,551178.382791,3763.190800,4910.933399,4932.634913
155,-1,34.560001,84.668385,945050.216874,551153.026871,3759.306700,4910.933524,4932.272611
156,-1,34.200000,84.705283,945067.640724,551127.560715,3756.116800,4910.933409,4931.977114
157,-1,33.839997,84.771778,945084.904469,551101.985634,3750.369000,4910.933529,4931.450154
158,-1,33.480001,84.829285,945102.006797,551076.302943,3745.399200,4910.933525,4930.999770
159,-1,33.119999,84.886445,945118.947708,551050.512968,3740.460200,4910.933578,4930.557157
160,-1,32.759999,84.955172,945135.725890,551024.617023,3734.522900,4910.933315,4930.031251
161,-1,32.400000,85.023328,945152.341342,550998.616419,3728.636199,4910.933448,4929.517223
162,-1,32.040000,85.082587,945168.793081,550972.511812,3723.519000,4910.933500,4929.075993
163,-1,31.679998,85.135630,945185.080450,550946.304187,3718.939300,4910.933444,4928.685479
164,-1,31.320001,85.200155,945201.202793,550919.995185,3713.369200,4910.933585,4928.216415
165,-1,30.960001,85.285655,945217.159454,550893.585133,3705.990100,4910.933534,4927.604404
166,-1,30.599999,85.359749,945232.949777,550867.075015,3699.596800,4910.933242,4927.082780
167,-1,30.239999,85.405377,945172.811445,550796.301206,3688.612899,4823.238061,4838.787983
168,-1,29.880002,85.440203,945187.991533,550770.072256,3685.662400,4823.238191,4838.552657
169,-1,29.520002,85.459106,945203.006595,550743.748162,3684.061100,4823.238245,4838.425671
170,-1,29.160001,85.490068,945217.855975,550717.330236,3681.438299,4823.238306,4838.218789
171,-1,28.800000,85.519900,945232.539016,550690.819462,3678.911500,4823.238283,4838.020735
172,-1,28.439999,85.609078,945247.055063,550664.216825,3671.359200,4823.238081,4837.436462
173,-1,28.080001,85.702967,945261.403788,550637.523965,3663.409900,4823.238194,4836.834462
174,-1,27.720001,85.792537,945275.584534,550610.741210,3655.828100,4823.238200,4836.272295
175,-1,27.360001,85.906747,945289.596645,550583.869873,3646.163100,4823.238134,4835.572733
176,-1,27.000001,86.048941,945381.576776,550596.723850,3640.190800,4910.933407,4922.633170
177,-1,26.639999,86.199523,945317.113322,550529.865716,3621.399399,4823.238298,4833.868374
178,-1,26.280000,86.354166,945330.616576,550502.735193,3608.326200,4823.238401,4833.019560
179,-1,25.919998,86.500158,945422.822428,550513.852952,3601.351899,4910.933370,4920.109534
180,-1,25.560001,86.666784,945436.222992,550486.058717,3587.019200,4910.933545,4919.255561
181,-1,25.200000,86.829919,945449.448687,550458.180492,3572.991400,4910.933603,4918.459940
182,-1,24.839998,86.988226,945462.498858,550430.219590,3559.383000,4910.933516,4917.726078
183,-1,24.480001,87.152791,945475.372848,550402.177651,3545.240900,4910.933380,4917.003181
184,-1,24.119999,87.314425,945488.070657,550374.055004,3531.354600,4910.933332,4916.332925
185,-1,23.759999,87.455825,945420.329323,550310.520354,3515.312999,4823.238217,4827.997199
186,-1,23.399999,87.595273,945432.452330,550282.745475,3503.552200,4823.238222,4827.489444
187,-1,23.039999,87.728891,945363.700499,550220.573355,3488.807300,4735.542861,4739.265530
188,-1,22.679998,87.819488,945375.259531,550193.156087,3481.308099,4735.542930,4738.974346
189,-1,22.319999,87.880558,950497.512738,552263.870450,3680.716000,10260.343172,10267.367055
190,-1,21.960000,87.917798,950440.476107,552171.362105,3670.849800,10172.647947,10179.369093
191,-1,21.600000,87.941657,950464.191939,552112.008221,3666.608200,10172.647948,10179.215865
192,-1,21.239999,87.974408,950487.534412,552052.506371,3660.785999,10172.647938,10179.008402
193,-1,20.879999,87.995986,950510.502542,551992.859181,3656.950200,10172.647961,10178.873566
194,-1,20.520000,87.996497,950533.095344,551933.068946,3656.859300,10172.647919,10178.870346
195,-1,20.159999,88.006728,950555.312163,551873.137635,3655.040700,10172.647898,10178.806908
196,-1,19.799999,88.021614,950577.152015,551813.068202,3652.394499,10172.648000,10178.715313
197,-1,19.439999,88.034632,950598.613914,551752.862614,3650.080400,10172.647973,10178.635660
198,-1,19.080000,88.044513,950619.696877,551692.523495,3648.323999,10172.647769,10178.575371
199,-1,18.720001,88.050017,950640.400576,551632.053144,3647.345700,10172.647834,10178.542101
200,-1,18.359999,88.057535,950660.724026,551571.453528,3646.009400,10172.647879,10178.496764
201,-1,17.999999,88.063223,950680.666243,551510.727599,3644.998400,10172.647912,10178.462578
202,-1,17.639999,88.065486,950700.226244,551449.877655,3644.596100,10172.647711,10178.448788
203,-1,17.279999,88.065568,950719.404027,551388.905992,3644.581500,10172.647978,10178.448562
204,-1,16.920000,88.064125,950738.197952,551327.815235,3644.838000,10172.647935,10178.457180
205,-1,16.560000,88.065876,950756.607692,551266.607352,3644.526700,10172.647846,10178.446580
206,-1,16.200000,88.065508,950774.632591,551205.284969,3644.592200,10172.647842,10178.448788
207,-1,15.840000,88.061966,950792.271991,551143.850708,3645.221800,10172.648034,10178.470252
208,-1,15.479999,88.055345,950809.524909,551082.306540,3646.398600,10172.648019,10178.510102
209,-1,15.119999,88.057140,950741.731082,550997.780790,3643.104700,10084.952480,10090.753299
210,-1,14.760000,88.049185,950758.596534,550936.696923,3644.525200,10085.499948,10091.348708
211,-1,14.400000,88.039115,950774.018419,550875.232479,3646.281099,10084.952660,10090.861668
212,-1,14.039999,88.031470,950789.584004,550813.808389,3647.628400,10084.952743,10090.907941
213,-1,13.680000,88.025928,950804.763108,550752.287843,3648.605000,10084.952626,10090.941418
214,-1,13.320000,88.024723,950819.555401,550690.673137,3648.817300,10084.952540,10090.948647
215,-1,12.960000,88.016789,950748.499113,550609.299284,3647.178799,9997.257432,10003.249269
216,-1,12.600000,88.002780,950762.394098,550548.040876,3649.626099,9997.257336,10003.334164
217,-1,12.239999,87.984168,950775.904242,550486.696183,3652.877600,9997.257520,10003.448193
218,-1,11.879999,87.959674,950789.559398,550425.379704,3657.176200,9997.800088,10004.142547
219,-1,11.520000,87.918213,950887.695029,550381.272509,3667.588300,10084.952788,10091.613335
220,-1,11.160000,87.862575,950900.154649,550319.144024,3677.394799,10084.952799,10091.974336
221,-1,10.800000,87.809857,950912.223523,550256.938440,3686.687200,10084.952666,10092.325049
222,-1,10.440000,87.764023,951010.144915,550210.549097,3698.190700,10172.647905,10180.399100
223,-1,10.079999,87.719978,951021.529407,550147.654538,3706.022900,10172.647871,10180.707651
224,-1,9.719999,87.686375,951033.062848,550084.782944,3712.020999,10173.200119,10181.499837
225,-1,9.359999,87.627617,950956.583999,550007.394648,3718.815200,10084.952491,10093.603731
226,-1,9.000000,87.571442,951053.308871,549958.559444,3732.439499,10172.647942,10181.792877
227,-1,8.640000,87.516918,950976.409090,549882.224623,3738.334900,10084.952597,10094.430677
228,-1,8.280000,87.449409,950985.731250,549819.548567,3750.240500,10084.952487,10094.953378
229,-1,7.919999,87.396487,950994.659710,549756.815096,3759.574500,10084.952651,10095.373224
230,-1,7.559999,87.362577,951003.193485,549694.026836,3765.555800,10084.952483,10095.646521
231,-1,7.200000,87.348720,951011.332905,549631.186411,3768.000000,10084.952659,10095.759463
232,-1,6.839999,87.344319,950932.005964,549557.851584,3764.708600,9997.257281,10008.005736
233,-1,6.479999,87.342620,950939.291054,549495.460960,3765.005800,9997.257312,10008.019542
234,-1,6.119999,87.343503,950946.184085,549433.025718,3764.851299,9997.257428,10008.012495
235,-1,5.759999,87.344836,950952.684400,549370.548481,3764.618200,9997.257263,10008.001530
236,-1,5.399999,87.349142,950958.792327,549308.031545,3763.865300,9997.257383,10007.966800
237,-1,5.039999,87.356945,950964.507211,549245.477536,3762.500900,9997.257390,10007.903797
238,-1,4.680000,87.371697,950969.829051,549182.889079,3759.921400,9997.257519,10007.785307
239,-1,4.320000,87.403985,950974.757191,549120.268141,3754.275899,9997.257285,10007.527780
240,-1,3.959999,87.451136,950979.292286,549057.617348,3746.032200,9997.257550,10007.158048
241,-1,3.599999,87.488108,950895.910892,548989.433101,3735.721500,9909.562029,9919.092821
242,-1,3.240000,87.499239,950899.625451,548927.280666,3733.792600,9909.562281,9919.008722
243,-1,2.880000,87.511294,950902.948935,548865.105922,3731.703700,9909.562033,9918.917550
244,-1,2.520000,87.523796,950905.882000,548802.911492,3729.537400,9909.562083,9918.823770
245,-1,2.160000,87.537152,950908.424318,548740.700003,3727.223100,9909.562225,9918.724193
246,-1,1.799999,87.551779,950910.575560,548678.473421,3724.688599,9909.562215,9918.615595
247,-1,1.440000,87.597521,950912.873456,548616.248480,3716.785699,9910.100060,9918.818526
248,-1,1.080000,87.651426,950913.704819,548553.986465,3707.423899,9909.562117,9917.893009
249,-1,0.720000,87.702129,950826.994691,548490.628652,3695.121300,9821.867071,9829.771328
250,-1,0.359999,87.710422,950827.576054,548428.918802,3693.697400,9821.866816,9829.714086
251,-1,0.000000,87.713903,950827.769952,548367.206655,3693.099700,9821.866839,9829.690248
252,-1,359.640000,87.714653,950827.576054,548305.494508,3692.971000,9821.866816,9829.685093
253,-1,359.279999,87.715361,950826.994691,548243.784658,3692.849300,9821.867071,9829.680495
254,-1,358.919999,87.722582,950826.025205,548182.079729,3691.609500,9821.866924,9829.631003
255,-1,358.560000,87.734359,950825.201059,548120.368894,3689.608600,9822.399963,9830.084317
256,-1,358.200000,87.750318,950822.923505,548058.694477,3686.847500,9821.866886,9829.442885
257,-1,357.840000,87.760576,950820.791291,547997.018747,3685.086400,9821.866881,9829.373907
258,-1,357.480000,87.772282,950818.271611,547935.357781,3683.076600,9821.866879,9829.295576
259,-1,357.119999,87.786543,950815.364465,547873.713548,3680.628300,9821.866801,9829.200634
260,-1,356.759999,87.815781,950812.070180,547812.088999,3675.608800,9821.866837,9829.008084
261,-1,356.399999,87.834564,950808.388757,547750.486432,3672.384200,9821.866861,9828.885738
262,-1,356.039999,87.856538,950804.852347,547688.871398,3668.632000,9822.400155,9829.277598
263,-1,355.680000,87.891915,950712.419133,547633.962715,3659.311200,9734.171763,9740.764181
264,-1,355.320000,87.921355,950707.620258,547572.989740,3654.302900,9734.171565,9740.581040
265,-1,354.959999,87.942508,950702.438838,547512.047932,3650.704400,9734.171844,9740.451461
266,-1,354.600000,87.949486,950696.874216,547451.140246,3649.517400,9734.171695,9740.408768
267,-1,354.240000,87.954584,950690.927050,547390.268648,3648.650200,9734.171589,9740.377671
268,-1,353.880000,87.959510,950684.597666,547329.435437,3647.812200,9734.171631,9740.347840
269,-1,353.519999,87.964485,950677.886065,547268.643236,3646.965900,9734.171552,9740.317665
270,-1,353.159999,87.972632,950670.792903,547207.894341,3645.580100,9734.171752,9740.268741
271,-1,352.799999,87.978202,950663.317853,547147.191379,3644.632500,9734.171600,9740.235111
272,-1,352.439998,87.981794,950569.047700,547098.005125,3640.949800,9646.999892,9652.987765
273,-1,352.080000,87.987980,950647.224709,547025.932435,3642.969300,9734.171698,9740.176675
274,-1,351.720000,88.009329,950638.606944,546965.381047,3639.337900,9734.171672,9740.049829
275,-1,351.359999,88.052214,950542.908973,546918.058963,3629.061000,9646.476549,9652.053348
276,-1,351.000000,88.134585,950533.615356,546858.165382,3615.177300,9646.476360,9651.591243
277,-1,350.640000,88.228370,950523.945756,546798.331184,3599.371499,9646.476352,9651.089656
278,-1,350.280000,88.336562,950514.416576,546738.470411,3581.154800,9647.000053,9651.067129
279,-1,349.919999,88.468273,950589.821281,546663.502057,3561.292100,9734.171603,9737.651091
280,-1,349.560000,88.551844,950665.171196,546587.427734,3549.301400,9821.867078,9825.005164
281,-1,349.200000,88.571041,950739.939747,546510.339962,3548.196000,9909.562205,9912.644903
282,-1,348.839999,88.596955,950728.080519,546449.216069,3543.711300,9909.562119,9912.533993
283,-1,348.480000,88.653656,950802.297890,546370.546278,3535.972899,9997.799922,10000.560762
284,-1,348.120000,88.691471,950789.559398,546309.033606,3529.370800,9997.800088,10000.407983
285,-1,347.760000,88.737227,950776.434424,546247.601971,3521.382500,9997.800064,10000.228726
286,-1,347.399999,88.778652,950762.394098,546186.372434,3514.139100,9997.257336,9999.529115
287,-1,347.039999,88.812452,950748.499113,546125.114027,3508.239000,9997.257432,9999.405191
288,-1,346.679999,88.845531,950734.219286,546063.944201,3502.464700,9997.257298,9999.287050
289,-1,346.319999,88.870573,950804.763108,545982.125467,3499.822499,10084.952626,10086.912305
290,-1,345.960000,88.885724,950789.584004,545920.604921,3497.154599,10084.952743,10086.860188
291,-1,345.599999,88.891952,950774.018419,545859.180831,3496.058000,10084.952660,10086.838840
292,-1,345.239999,88.910980,950758.596534,545797.716387,3492.717900,10085.499948,10087.321991
293,-1,344.880000,88.930679,950741.731082,545736.632520,3489.238900,10084.952480,10086.709097
294,-1,344.520000,88.951045,950810.056733,545651.959461,3487.268800,10173.199866,10174.904991
295,-1,344.159999,88.973726,950792.271991,545590.562602,3483.230400,10172.648034,10174.280119
296,-1,343.799999,89.005522,950690.419505,545553.594500,3476.061200,10084.952707,10086.472006
297,-1,343.440000,89.032543,950672.550118,545492.800987,3471.303700,10084.952764,10086.390614
298,-1,343.079999,89.057986,950654.298842,545432.120662,3466.823999,10084.952649,10086.315855
299,-1,342.719999,89.083958,950552.447996,545397.444222,3460.857800,9997.800163,9999.078089
300,-1,342.360000,89.103270,950533.599936,545337.520785,3457.487200,9997.799919,9999.024526
301,-1,341.999999,89.107090,950513.859818,545277.884094,3456.811900,9997.257354,9998.471481
302,-1,341.640000,89.116671,950494.261432,545218.205407,3455.139899,9997.257247,9998.445457
303,-1,341.280000,89.125152,950391.232767,545186.796021,3452.320500,9909.562277,9910.717553
304,-1,340.919999,89.127844,950371.572701,545127.713462,3451.863100,9910.100049,9911.248290
305,-1,340.559999,89.134650,950350.526484,545069.110561,3450.677500,9909.562240,9910.692566
306,-1,340.199999,89.141392,950329.619701,545010.462056,3449.511199,9909.562317,9910.675098
307,-1,339.839999,89.147913,950308.344481,544951.946097,3448.383000,9909.562053,9910.657992
308,-1,339.480000,89.156487,950368.833534,544862.824884,3448.190900,9997.257507,9998.341003
309,-1,339.120000,89.179797,950346.630166,544804.065488,3444.122800,9997.257467,9998.281902
310,-1,338.759999,89.225639,950324.058033,544745.446510,3436.122600,9997.257507,9998.170621
311,-1,338.400001,89.244918,950301.118118,544686.970905,3432.758000,9997.257482,9998.125691
312,-1,338.040000,89.263966,950277.811078,544628.640313,3429.433999,9997.257404,9998.082361
313,-1,337.680000,89.344127,950254.639864,544570.251323,3415.451200,9997.799823,9998.454899
314,-1,337.320000,89.413075,950230.099887,544512.424339,3403.413100,9997.257266,9997.781818
315,-1,336.959999,89.468177,950205.697705,544454.543221,3393.797800,9997.257408,9997.688089
316,-1,336.599999,89.514309,950180.932335,544396.816958,3385.747700,9997.257402,9997.616603
317,-1,336.239999,89.555029,950155.804760,544339.247191,3378.642300,9997.257504,9997.558998
318,-1,335.879999,89.582704,950210.354520,544246.000003,3374.451900,10084.952651,10085.220134
319,-1,335.519999,89.603858,950184.278785,544188.248478,3370.728200,10084.952723,10085.193773
320,-1,335.159999,89.627308,950157.840517,544130.661979,3366.600500,10084.952605,10085.165962
321,-1,334.800000,89.642089,950131.041030,544073.242802,3363.998700,10084.952532,10085.149301
322,-1,334.440000,89.654872,950103.881308,544015.992917,3361.748600,10084.952564,10085.135528
323,-1,334.080000,89.698365,950076.362334,543958.914947,3354.092900,10084.952467,10085.092221
324,-1,333.719999,89.741992,950048.485421,543902.010861,3346.413600,10084.952567,10085.054817
325,-1,333.360000,89.779333,950020.251554,543845.283284,3339.840900,10084.952592,10085.027387
326,-1,332.999999,89.797942,949991.661716,543788.733857,3336.565500,10084.952694,10085.015406
327,-1,332.640000,89.805185,949962.717220,543732.365531,3335.290500,10084.952711,10085.011008
328,-1,332.279999,89.801221,949933.903629,543675.925355,3335.990100,10085.500159,10085.560855
329,-1,331.919999,89.804157,949904.251129,543619.922187,3335.473300,10085.499851,10085.558768
330,-1,331.560000,89.803655,949873.766610,543564.366851,3335.559899,10084.952810,10085.012026
331,-1,331.200000,89.801651,949843.414637,543508.743603,3335.912500,10084.952809,10085.013240
332,-1,330.840000,89.805595,949812.713583,543453.312284,3335.218299,10084.952580,10085.010632
333,-1,330.480000,89.808418,949857.975960,543354.864974,3335.014700,10172.647778,10172.704646
334,-1,330.120000,89.812846,949826.308044,543299.345072,3334.228500,10172.647845,10172.702114
335,-1,329.759999,89.821125,949870.053691,543199.859706,3333.032400,10260.343072,10260.393074
336,-1,329.399999,89.823839,949837.411696,543144.266970,3332.546300,10260.343211,10260.391707
337,-1,329.040000,89.833016,949880.103540,543043.477801,3331.160200,10348.600008,10348.643958
338,-1,328.679998,89.855608,949845.998621,542988.116692,3327.078299,10348.038337,10348.071197
339,-1,328.319998,89.892800,949887.136662,542886.326541,3320.526199,10436.299928,10436.318194
340,-1,327.960000,89.916983,949926.381663,542784.410078,3316.247500,10523.428870,10523.439916
341,-1,327.600000,90.003403,949891.128124,542728.471542,3300.374800,10523.428965,10523.428983
342,-1,327.239999,90.095004,949929.754687,542624.990121,3283.404299,10611.700035,10611.714623
343,-1,326.879999,90.129557,1088194.137607,452343.174622,2903.610799,175741.261806,175741.711097
344,-1,326.519999,90.175576,1088319.346674,450936.497974,2759.771400,176618.214372,176619.043640
345,-1,326.160000,90.276145,1087995.624881,449817.488401,2448.065600,176968.995232,176971.050656
346,-1,325.800000,90.262901,1074172.873983,457867.026764,2562.208199,161008.461551,161010.156525
347,-1,325.440000,90.323438,1074323.818563,456534.638024,2387.136100,161885.413924,161887.993342
348,-1,325.079999,90.370711,1074391.342706,455246.998867,2248.459099,162674.671027,162678.076077
349,-1,324.720000,90.377269,1082258.798100,448428.588948,2161.637100,173032.100061,173035.851196
350,-1,324.360000,90.431200,1081762.988068,447446.322867,1997.508300,173198.099728,173203.004708
351,-1,323.999999,90.486242,1165068.499278,385576.201529,950.543999,276956.600120,276966.573784
352,-1,323.640000,90.485820,1163111.051093,384856.388008,962.377299,275801.531130,275811.445973
353,-1,323.280000,90.458169,1178035.954314,371561.710201,936.295700,295708.350827,295717.805644
354,-1,322.920000,90.457617,1177480.083378,369652.913822,933.543099,296409.912781,296419.367193
355,-1,322.559999,90.480537,1178093.257349,366837.825292,796.573900,298602.293756,298612.796087
356,-1,322.200000,90.501323,1165514.684409,374220.344976,814.850999,284132.578758,284143.455403
357,-1,321.840000,90.501459,1160692.560523,375739.062083,855.619399,279397.036030,279407.737239
358,-1,321.479999,90.495170,1160015.248229,374034.453615,881.742800,279923.207381,279933.661492
359,-1,321.119999,90.493097,1175094.950353,359616.033305,713.000000,300706.979432,300718.115887
360,-1,320.760000,90.493655,1175330.703819,356984.002808,694.204100,302548.579472,302559.809501
361,-1,320.399999,90.502802,1151419.954396,374297.564966,904.483399,273082.978480,273093.493930
362,-1,320.040000,90.460534,1149582.700853,373598.486640,1113.707500,272118.330973,272127.121581
363,-1,319.680000,90.390374,1143944.845003,376140.644941,1487.473900,266169.499934,266175.678025
364,-1,319.320000,90.352479,1143180.283868,374592.552237,1660.917000,266593.530964,266598.575810
365,-1,318.959999,90.358174,1140629.268301,374592.439376,1646.477199,264664.235725,264669.407219
366,-1,318.599999,90.342798,1139544.250786,373332.107907,1717.419100,264678.599985,264683.337252
367,-1,318.239999,90.359698,1131626.635387,378171.916141,1696.692899,255543.930638,255548.966516
368,-1,317.879999,90.338292,1130423.416665,377095.209961,1793.205200,255368.540137,255372.991401
369,-1,317.520000,90.371507,1135487.808111,370282.223587,1591.138300,263699.587724,263705.131147
370,-1,317.159999,90.395278,1131407.097441,371806.699869,1509.562999,259665.606806,259671.786308
371,-1,316.799999,90.428361,1129920.674232,370964.428259,1363.447799,259153.499937,259160.742857
372,-1,316.440000,90.426890,1157134.795329,342837.971061,1078.792600,298251.512543,298259.791021
373,-1,316.080000,90.452027,1154018.857335,343236.999134,967.873800,295724.399913,295733.603403
374,-1,315.719999,90.418698,1131807.153727,362302.048274,1353.428300,266505.835582,266512.951720
375,-1,315.359999,90.423021,1122085.747317,369548.700120,1422.026000,254491.587791,254498.524160
376,-1,315.000000,90.422840,1133619.103187,355754.006581,1290.689600,272396.199837,272403.617879
377,-1,314.640000,90.430117,1131963.364045,354994.898847,1260.812200,271767.550146,271775.207991
378,-1,314.279999,90.440239,1128856.803985,355734.759244,1233.573699,269063.599831,269071.542541
379,-1,313.920000,90.423861,1125564.406698,356716.486283,1332.656700,266067.359638,266074.640355
380,-1,313.560000,90.455221,1215608.916241,259602.229724,134.906400,398487.172593,398499.750150
381,-1,313.199999,90.447706,1213743.914066,257930.724209,187.691600,398421.100036,398433.263726
382,-1,312.840000,90.455021,1212733.775338,255338.418042,127.244600,399627.210660,399639.813111
383,-1,312.480000,90.460820,1214144.560574,250079.695292,48.000000,404450.448924,404463.530672
384,-1,312.120000,90.412300,1241336.355600,216218.059603,78.602299,447796.199826,447807.794065
385,-1,311.759999,90.410297,1244675.545772,208253.625729,35.846900,455952.299921,455963.990933
386,-1,311.400000,90.408461,1247213.710971,201042.626043,0.000000,463030.869263,463042.635717
387,-1,311.040000,90.407612,1245658.750499,198397.947278,0.000000,463995.517144,464007.259135
388,-1,310.680000,90.407150,1243796.805732,196091.649397,0.000000,464521.688353,464533.417045
389,-1,310.320000,90.405902,1242501.693164,193107.042505,0.000000,465950.099958,465961.792695
390,-1,309.960000,90.405390,1240641.607646,190768.571788,0.000000,466538.679092,466550.357079
391,-1,309.600000,90.308189,954757.069508,531744.901973,3184.959400,21573.029230,21573.341317
392,-1,309.240000,90.251320,954652.357775,531658.829639,3206.372200,21573.029165,21573.236701
393,-1,308.880000,90.274911,954217.550902,531982.132142,3200.008500,21048.000002,21048.242287
394,-1,308.520000,90.339221,954059.721821,531968.060648,3176.902500,20960.299917,20960.667280
395,-1,308.159999,90.385697,1080257.105581,371156.061078,1783.811500,225376.767892,225381.874529
396,-1,307.800000,90.355354,1081667.118509,367027.860673,1877.608700,229498.444260,229502.858284
397,-1,307.439999,90.373503,1077859.330849,369629.104486,1833.494200,225113.682058,225118.465309
398,-1,307.079999,90.396229,1228799.363286,167559.821290,0.000000,477325.193622,477336.607718
399,-1,306.720000,90.372420,1074501.393667,369399.677124,1849.717600,223272.082054,223276.798717
400,-1,306.359999,90.344730,1072698.400226,369482.519806,1964.486999,222132.044030,222136.064726
401,-1,306.000000,90.360166,1071527.380258,368719.805452,1905.115800,222056.399942,222060.787281
402,-1,305.639999,90.390893,1222935.389121,155152.530816,0.000000,483840.899859,483852.160248
403,-1,305.280000,90.388241,1222368.747866,150689.940332,0.000000,487147.060504,487158.244474
404,-1,304.919999,90.367576,1064045.056312,372125.852118,1922.045199,214941.034400,214945.457699
405,-1,304.560000,90.250196,1063140.893422,371057.756157,2360.816200,215303.499957,215305.552737
406,-1,304.200000,90.317863,1062566.663599,369495.979753,2101.180800,216268.199936,216271.528107
407,-1,303.839999,90.353306,1117301.484248,285417.308015,1348.829700,316579.817932,316585.836845
408,-1,303.480000,90.349157,1060689.901605,367407.197185,1978.851000,216958.024794,216962.053365
409,-1,303.119999,90.370009,1060371.594499,365400.244834,1890.186700,218460.699894,218465.255343
410,-1,302.760000,90.379914,1210225.684882,129978.692056,2.000000,497522.100056,497533.037541
411,-1,302.400000,90.380069,1207483.128687,128466.288913,2.000000,497319.708508,497330.650444
412,-1,302.040000,90.379464,1202234.265497,130963.152685,39.772800,492408.774885,492419.574334
413,-1,301.679999,90.379806,1196566.848354,134255.515195,75.203200,486620.889129,486631.580871
414,-1,301.320000,90.373856,1191830.974296,136156.647220,152.464300,482525.399999,482535.672175
415,-1,300.959999,90.379215,1179929.109976,150102.677398,227.069600,464433.993202,464444.165740
416,-1,300.599999,90.375741,1178091.648100,147477.105222,246.609700,465749.421796,465759.437052
417,-1,300.240000,90.368158,1177745.068741,142260.998200,280.470799,470071.999898,470081.704265
418,-1,299.880000,90.360013,1179108.024348,133960.250694,297.870200,477939.060222,477948.495211
419,-1,299.519999,90.375234,1175332.879996,134532.796793,186.404599,475571.288958,475581.487850
420,-1,299.159999,90.361033,1108471.968442,248230.132062,1135.266500,343696.299925,343703.123326
421,-1,298.800000,90.367088,1106836.357212,246722.730549,1095.567000,344222.499950,344229.564980
422,-1,298.439999,90.380146,1162395.932773,139597.262058,216.614300,464872.469435,464882.701629
423,-1,298.079999,90.377954,1082797.531602,282591.840569,1313.869900,301233.150778,301239.704909
424,-1,297.719999,90.369295,1161700.088036,128363.014513,242.877900,474456.999817,474466.855308
425,-1,297.360000,90.371276,1157553.741341,129889.278193,247.670700,471186.526602,471196.419417
426,-1,297.000000,90.362229,1156194.119717,126036.552302,304.335399,473992.774387,474002.247009
427,-1,296.640000,90.374456,1149604.200482,132531.393972,260.493100,465223.250467,465233.186109
428,-1,296.280000,90.381305,1148901.171048,127353.173685,176.111600,469545.800096,469556.198250
429,-1,295.919999,90.375809,1148283.533176,121874.722700,190.663900,474193.899997,474204.100557
430,-1,295.560000,90.357466,1149345.759070,112748.188459,288.312699,482876.200070,482885.598127
431,-1,295.199999,90.368470,1081362.517412,250094.218229,1181.005900,329646.408751,329653.225643
432,-1,294.840000,90.342503,1080598.416250,246814.397689,1314.577000,332295.299875,332301.237126
433,-1,294.480000,90.339369,1077174.650131,249295.554472,1354.570500,328611.899973,328617.664455
434,-1,294.119999,90.375453,1072855.832326,253888.817595,1186.689400,322648.299944,322655.227396
435,-1,293.760000,90.376076,1122476.071668,136140.061295,344.614000,450402.754706,450412.457271
436,-1,293.399999,90.366394,1123793.060831,125971.007158,357.761899,460249.600083,460259.010804
437,-1,293.039999,90.367581,1121375.740863,124265.936749,344.285399,460863.499863,460872.984310
438,-1,292.679999,90.366845,1120523.796701,118794.739358,320.048899,465574.031468,465583.574503
439,-1,292.320000,90.370032,1117797.477678,117733.036101,294.551900,465511.599948,465521.308230
440,-1,291.959999,90.364945,1115022.658753,116793.403138,337.000000,465336.200102,465345.639736
441,-1,291.600000,90.361246,1115858.881162,106738.996081,306.221399,474983.200026,474992.641002
442,-1,291.240000,90.346421,1118545.322639,91589.353480,337.919299,490067.600068,490076.557778
443,-1,290.879999,90.356234,1118422.461336,83272.087307,206.000000,497785.199834,497794.821386
444,-1,290.520000,90.360239,1114728.153436,84219.919729,184.988500,495592.699925,495602.495702
445,-1,290.160000,90.360137,1095154.343503,128499.714043,489.606100,447270.000142,447278.835809
446,-1,289.799999,90.367386,1091800.237022,129519.831097,446.512100,445165.199842,445174.351521
447,-1,289.439999,90.360633,1104314.296311,85659.196049,212.491899,490681.499924,490691.219862
448,-1,289.079999,90.360403,1090845.825873,115166.338479,417.630699,458383.021764,458392.090311
449,-1,288.719999,90.358562,1087453.467172,116203.314095,445.370400,456303.099980,456312.035423
450,-1,288.359999,90.342022,1094486.612555,85909.479998,392.301999,487261.200093,487269.881728
451,-1,288.000000,90.239945,949786.082731,521344.592722,3182.009200,28413.257784,28413.506942
452,-1,287.640000,90.127758,949643.166022,521204.912883,3237.444600,28502.500127,28502.570986
453,-1,287.279999,90.047961,949550.018570,520901.445642,3276.922000,28764.038954,28764.049032
454,-1,286.920000,90.060093,949402.801345,520764.404906,3270.739300,28851.734165,28851.750034
455,-1,286.560000,90.211199,949279.641814,520542.565126,3193.995899,29028.700079,29028.897295
456,-1,286.199999,90.354544,1080421.831957,68494.431495,208.740300,499714.600102,499724.167542
457,-1,285.839999,90.350599,1077188.529369,68387.262089,247.981400,498925.299899,498934.640811
458,-1,285.480000,90.337476,1067632.547825,91146.576807,506.528200,474431.250562,474439.480421
459,-1,285.119999,90.341122,1064626.726737,90843.114159,479.321599,473930.800062,473939.199810
460,-1,284.759999,90.340333,1064788.298264,78541.797883,415.000000,485857.999911,485866.571265
461,-1,284.400000,90.347259,1062488.177536,75224.986931,340.316099,488488.999962,488497.972087
462,-1,284.039999,90.351010,1060534.204410,70387.190832,282.544500,492698.599893,492707.845899
463,-1,283.680000,90.351933,1057549.368844,69560.400163,274.072600,492786.299878,492795.596203
464,-1,283.319999,90.366543,1054377.014953,69520.317894,152.902199,492084.699900,492094.769730
465,-1,282.959999,90.370613,1051641.472851,67620.918806,110.000000,493312.499914,493322.820324
466,-1,282.600000,90.355728,1048421.549501,67817.229437,243.772400,492408.774996,492418.265638
467,-1,282.239999,90.357667,1044903.718610,69439.762937,241.727599,490067.599838,490077.148578
468,-1,281.879999,90.346653,1039328.808172,80983.070887,411.282900,477614.199984,477622.941756
469,-1,281.520000,90.346399,1037383.325187,75501.986705,383.331000,482586.907949,482595.727826
470,-1,281.159999,90.354810,1035365.971938,70061.739055,281.911399,487524.299829,487533.647885
471,-1,280.799999,90.361262,1030036.914027,81650.302492,305.142900,475132.812522,475142.257324
472,-1,280.439999,90.350217,1028919.038966,71242.471274,335.465500,485156.400110,485165.463489
473,-1,280.080000,90.362193,1026057.606040,69922.402064,229.067400,485945.699858,485955.409457
474,-1,279.720000,90.306248,1004763.523629,176152.127268,1282.497500,377636.199929,377641.594437
475,-1,279.359999,90.352582,1002619.925882,174567.710817,969.669999,378843.438494,378850.611705
476,-1,278.999999,90.331946,999683.360232,177892.322606,1127.855900,375092.900072,375099.195200
477,-1,278.640000,90.361656,1013687.242658,70043.017308,247.074099,483814.641399,483824.279771
478,-1,278.279999,90.339046,1010494.763478,70871.594063,445.632500,482525.400118,482533.848432
479,-1,277.919999,90.344509,1007565.723405,69923.230146,396.462400,483051.600075,483060.332333
480,-1,277.560000,90.347005,1002951.106322,81624.138831,449.403200,470835.745842,470844.381050
481,-1,277.200000,90.349379,997423.363440,101777.023394,556.090599,450139.669008,450148.038030
482,-1,276.840000,90.342757,988049.376611,156177.783687,937.982799,395000.799856,395007.867943
483,-1,276.479999,90.307197,984723.182476,163471.099152,1224.048500,387370.899895,387376.467810
484,-1,276.120000,90.322756,989166.713943,99199.083012,756.236300,451742.699993,451749.867536
485,-1,275.759999,90.332647,986598.825050,96374.888857,663.477100,454286.000091,454293.656577
486,-1,275.400000,90.333501,986250.488804,69729.487095,502.540900,480771.400064,480779.544586
487,-1,275.040000,90.331292,975412.555756,158234.523011,1036.414000,391646.943806,391653.490911
488,-1,274.680000,90.347334,980196.558327,69635.771075,389.122399,480332.900047,480341.726169
489,-1,274.319999,90.316942,976102.530754,83766.133235,723.624100,465924.812277,465931.940911
490,-1,273.960000,90.325639,971305.249666,110675.406188,807.403300,438739.287730,438746.373914
491,-1,273.599999,90.318366,970835.851655,74233.750396,661.224600,475070.900154,475078.234176
492,-1,273.240000,90.310880,967861.170924,73968.123959,722.814299,475158.599913,475165.594412
493,-1,272.879999,90.312067,963033.630054,110508.640445,913.118799,438412.299961,438418.802898
494,-1,272.520000,90.308819,958246.096979,156639.699429,1187.557600,392106.700021,392112.395673
495,-1,272.159999,90.297144,955787.781685,156451.471459,1267.002100,392194.400046,392199.674369
496,-1,271.800000,90.289776,953341.555278,155840.390661,1314.780600,392720.599904,392725.622613
497,-1,271.440000,90.250162,950883.824958,155419.942683,1584.779500,393071.400134,393075.146780
498,-1,271.080000,90.248853,948399.407354,156176.080606,1597.276800,392260.810248,392264.510157
499,-1,270.719999,90.244114,946011.376369,150065.257526,1603.847899,398333.399858,398337.015312
500,-1,270.359999,90.264897,943871.818969,92248.510299,1192.152800,456127.699925,456132.574890
501,-1,270.000000,90.257421,941005.903113,85687.118238,1222.229600,462680.088417,462684.758236
502,-1,269.639999,90.242905,938007.739489,71200.925753,1277.997200,477175.699941,477179.988217
503,-1,269.280000,90.221604,935889.123648,141208.256867,1726.090000,407191.099883,407194.145545
504,-1,268.919999,90.200843,933314.873547,140393.741436,1870.638000,408045.953611,408048.460595
505,-1,268.559999,90.146213,930757.724462,140690.995763,2260.318199,407805.000083,407806.327945
506,-1,268.200000,90.103495,933895.961624,322125.198510,2892.127900,226353.700030,226354.069311
507,-1,267.840000,90.170760,932415.093194,320596.858719,2621.682000,227932.300067,227933.312367
508,-1,267.479999,90.197013,930845.332554,317501.185449,2506.389600,231089.499852,231090.865997
509,-1,267.119999,90.098037,938877.598970,506061.608196,3228.520000,42359.099843,42359.161853
510,-1,266.759999,89.983309,938616.785515,506163.375381,3313.314100,42271.399990,42271.401783
511,-1,266.399999,89.905176,938258.045419,504691.261527,3373.425600,43762.300039,43762.359970
512,-1,266.040000,89.833093,937989.734276,504796.879426,3428.227199,43674.600047,43674.785358
513,-1,265.679999,89.813301,937716.213498,504819.053922,3443.306900,43672.229897,43672.461751
514,-1,265.319999,89.815315,937435.310188,504750.813245,3442.061700,43762.300075,43762.527421
515,-1,264.960000,89.870079,937130.514538,504424.665275,3401.028700,44113.099862,44113.213272
516,-1,264.599999,89.936263,936598.641258,501743.247738,3353.096399,46831.800116,46831.829093
517,-1,264.239999,89.932809,936279.378117,501510.088099,3356.227799,47094.899913,47094.932296
518,-1,263.879999,90.057124,935985.061448,501540.710413,3254.046200,47094.899950,47094.923356
519,-1,263.519999,90.184462,935710.737850,501747.460656,3149.943100,46919.500127,46919.743289
520,-1,263.159999,90.252629,884353.194240,76068.043316,1203.587100,475684.800171,475689.424156
521,-1,262.800000,90.259746,882068.275909,81827.847741,1169.152600,470247.400116,470252.232413
522,-1,262.440000,90.257846,879507.327619,84989.376195,1197.372200,467441.000073,467445.733534
523,-1,262.079999,90.260766,893333.700557,205690.829345,1726.366700,345976.499870,345980.083144
524,-1,261.719999,90.225878,886129.658206,171282.794487,1798.743100,381056.499951,381059.461148
525,-1,261.360000,90.202831,886633.568944,190536.670349,2019.707400,361937.899971,361940.167909
526,-1,260.999999,90.170831,920907.124741,421468.514915,2917.925399,128480.499911,128481.070993
527,-1,260.640000,90.116526,920081.672323,421424.238429,3039.342300,128655.900044,128656.166121
528,-1,260.280000,90.075436,918825.477001,418878.542077,3128.029899,131374.600120,131374.713988
529,-1,259.920006,90.012961,940852.408013,547503.743815,3300.801600,876.999898,876.999920
530,-1,259.560008,89.899480,940846.985779,547504.725112,3302.538600,877.000074,877.001423
531,-1,259.200003,89.786111,940841.569780,547505.740858,3304.273900,876.999865,877.005975
532,-1,258.840002,89.669093,940819.185966,547420.748574,3306.571600,964.700052,964.716141
533,-1,258.479990,89.550753,940813.242737,547421.940501,3308.564199,964.700016,964.729671
534,-1,258.119997,89.432388,940807.307381,547423.169501,3310.557300,964.700167,964.747508
535,-1,257.760000,89.313997,940801.379900,547424.436231,3312.550900,964.699858,964.769008
536,-1,257.399998,89.195589,940795.460292,547425.739706,3314.544899,964.700055,964.795139
537,-1,257.040006,89.077170,940789.549215,547427.080583,3316.539200,964.699974,964.825117
538,-1,256.679994,88.958747,940783.646339,547428.458533,3318.533700,964.700010,964.859337
539,-1,256.320006,88.840321,940777.752650,547429.873556,3320.528400,964.699938,964.897575
540,-1,255.959989,88.721898,940771.867491,547431.325653,3322.523200,964.699913,964.939982
541,-1,255.599992,88.603487,940765.991847,547432.814495,3324.518000,964.700017,964.986642
542,-1,255.239994,88.485100,940760.125717,547434.340411,3326.512600,964.699931,965.037227
543,-1,254.880005,88.366725,940754.269429,547435.903072,3328.507199,964.699888,965.091975
544,-1,254.519992,88.248383,940748.422656,547437.502478,3330.501500,964.699975,965.150962
545,-1,254.159998,88.130078,940742.586382,547439.138629,3332.495400,964.699933,965.213925
546,-1,253.800000,88.011736,940736.775042,547440.861723,3334.488400,964.647527,965.228638
547,-1,253.439995,87.893584,940730.945001,547442.520841,3336.482099,964.699859,965.352162
548,-1,253.080000,87.766368,940699.616652,547360.362868,3342.047800,1052.400022,1053.200232
549,-1,252.719996,87.620833,940693.296454,547362.307090,3344.725300,1052.400141,1053.308103
550,-1,252.359993,87.475426,940686.988724,547364.291338,3347.401000,1052.399886,1053.422314
551,-1,252.000010,87.330156,940680.693789,547366.314628,3350.074800,1052.400092,1053.543681
552,-1,251.640003,87.185028,940674.429366,547368.432078,3352.743800,1052.342862,1053.614218
553,-1,251.279997,87.040040,940668.141977,547370.480302,3355.416500,1052.400117,1053.806036
554,-1,250.919995,86.888301,940604.549913,547206.858254,3367.746700,1227.799984,1229.612916
555,-1,250.559993,86.664848,940597.267119,547209.402868,3372.550300,1227.800058,1229.883095
556,-1,250.200004,86.441134,940590.000729,547211.993086,3377.361699,1227.800139,1230.172464
557,-1,249.839994,86.217162,940582.750416,547214.629236,3382.181000,1227.800029,1230.480908
558,-1,249.479996,85.987463,940606.280552,547299.504066,3380.969900,1140.038161,1142.839531
559,-1,249.119995,85.755791,940599.557797,547301.978143,3385.608200,1140.100127,1143.235254
560,-1,248.760007,85.523271,940592.873099,547304.552284,3390.261900,1140.100041,1143.588995
561,-1,248.399993,85.289781,940586.204149,547307.168421,3394.937999,1140.100117,1143.963559
562,-1,248.039999,85.055319,940579.552259,547309.826552,3399.636700,1140.099878,1144.358742
563,-1,247.680008,84.819874,940572.917102,547312.526022,3404.358500,1140.100049,1144.775569
564,-1,247.319993,84.583442,940566.298677,547315.267486,3409.103600,1140.100028,1145.213719
565,-1,246.959999,84.346011,940559.697968,547318.050289,3413.872500,1140.100044,1145.673737
566,-1,246.599989,84.107576,940553.114648,547320.874758,3418.665500,1140.099921,1146.155749
567,-1,246.239998,83.908449,940546.574307,547323.796669,3422.664900,1140.038311,1146.511971
568,-1,245.879990,83.731942,940540.002141,547326.647057,3426.224900,1140.099992,1146.956524
569,-1,245.520003,83.555405,940533.473611,547329.594885,3429.781300,1140.099916,1147.350182
570,-1,245.159998,83.368961,940563.804915,547412.170179,3423.344600,1052.399869,1059.487464
571,-1,244.800004,83.124961,940557.813129,547414.966762,3427.889200,1052.399851,1060.021847
572,-1,244.440001,82.880956,940551.838732,547417.800746,3432.438599,1052.400134,1060.576328
573,-1,244.079997,82.698396,940545.882379,547420.672459,3435.845500,1052.400142,1061.003943
574,-1,243.720003,82.529055,940539.944399,547423.581574,3439.008200,1052.400027,1061.410420
575,-1,243.359988,82.359839,940534.024463,547426.528090,3442.171000,1052.399934,1061.826197
576,-1,243.000003,82.190758,940528.123556,547429.511352,3445.333799,1052.400012,1062.251397
577,-1,242.640004,82.021744,940522.267597,547432.582540,3448.489900,1052.342885,1062.628260
578,-1,242.280005,81.853026,940516.378173,547435.589096,3451.659100,1052.400087,1063.129393
579,-1,241.920005,81.684390,940510.534353,547438.683250,3454.821400,1052.400077,1063.582129
580,-1,241.559993,81.515904,940504.709889,547441.814149,3457.983600,1052.400084,1064.044072
581,-1,241.199995,81.357097,940498.905439,547444.981466,3460.966700,1052.400086,1064.488274
582,-1,240.839997,81.202213,940493.121002,547448.185199,3463.878500,1052.400080,1064.929732
583,-1,240.480000,81.048659,940487.356906,547451.425350,3466.767700,1052.399908,1065.375284
584,-1,240.119998,80.896435,940481.613151,547454.701590,3469.634300,1052.399856,1065.825025
585,-1,239.760002,80.745573,940475.890065,547458.013592,3472.477700,1052.400046,1066.278790
586,-1,239.400004,80.596073,940470.187977,547461.361682,3475.297800,1052.400029,1066.735930
587,-1,239.039999,80.447952,940464.506886,547464.745534,3478.094300,1052.400090,1067.196486
588,-1,238.680003,80.331186,940458.847448,547468.165146,3480.300500,1052.399893,1067.564613
589,-1,238.319996,80.225384,940453.209336,547471.620192,3482.300900,1052.399887,1067.902402
590,-1,237.960004,80.120516,940447.593206,547475.110342,3484.284900,1052.400011,1068.241142
591,-1,237.600003,80.016591,940441.999057,547478.635926,3486.252299,1052.399983,1068.580432
592,-1,237.240003,79.913608,940436.427217,547482.196614,3488.203100,1052.399908,1068.920281
593,-1,236.880002,79.790802,940478.796555,547559.243376,3474.736800,964.699944,980.219597
594,-1,236.519999,79.657725,940473.730292,547562.571125,3477.051100,964.700081,980.632569
595,-1,236.160010,79.525500,940468.685355,547565.930699,3479.352499,964.699993,981.048261
596,-1,235.800004,79.394134,940463.661415,547569.322096,3481.640900,964.699864,981.466740
597,-1,235.440005,79.298317,940458.658800,547572.744661,3483.311300,964.700055,981.775741
598,-1,235.080004,79.208102,940453.677839,547576.198723,3484.884999,964.700109,982.069241
599,-1,234.720003,79.119049,940448.718859,547579.684280,3486.439300,964.699840,982.361194
600,-1,234.359993,79.031175,940443.781533,547583.200677,3487.974000,964.699975,982.652186
601,-1,233.999993,78.944480,940438.866517,547586.747914,3489.489000,964.700133,982.941732
602,-1,233.640005,78.858873,940434.005306,547590.368314,3490.975500,964.647557,983.176281
603,-1,233.279996,78.770688,940481.540316,547664.232339,3475.117000,877.000131,894.117419
604,-1,232.919991,78.652016,940477.133829,547667.541060,3477.005800,876.999943,894.486971
605,-1,232.560007,78.534236,940472.748339,547670.877011,3478.882000,876.999991,894.858084
606,-1,232.199988,78.417356,940468.383518,547674.240850,3480.745400,876.999955,895.230322
607,-1,231.840010,78.301376,940464.040351,547677.631591,3482.596000,877.000012,895.603778
608,-1,231.479998,78.215867,940459.718181,547681.049891,3483.961400,877.000047,895.881665
609,-1,231.119998,78.139140,940455.417665,547684.495094,3485.187300,877.000173,896.132950
610,-1,230.760000,78.062840,940451.139130,547687.967528,3486.407000,876.999924,896.384194
611,-1,230.399998,77.986980,940446.882249,547691.466537,3487.620400,877.000019,896.636050
612,-1,230.040000,77.911547,940442.647677,547694.992448,3488.827600,876.999786,896.887859
613,-1,229.680001,77.836560,940438.435087,547698.544607,3490.028400,876.999939,897.140251
614,-1,229.319990,77.762008,940434.244807,547702.123340,3491.222899,877.000019,897.392771
615,-1,228.959998,77.687950,940430.077493,547705.728319,3492.410099,876.999848,897.645007
616,-1,228.599995,77.615778,940425.932488,547709.359218,3493.567800,877.000100,897.892830
617,-1,228.239999,77.543808,940421.810777,547713.016363,3494.722800,876.999883,898.141035
618,-1,227.880010,77.448524,940476.531140,547781.749821,3476.727700,789.299936,808.625138
619,-1,227.520002,77.348606,940472.862840,547785.087413,3478.173000,789.300161,808.940675
620,-1,227.159993,77.249796,940469.215866,547788.448298,3479.603300,789.299966,809.254950
621,-1,226.800001,77.152098,940465.590217,547791.831822,3481.018600,789.299831,809.568354
622,-1,226.439996,77.061824,940461.985565,547795.237983,3482.327399,789.299981,809.860535
623,-1,226.079998,76.988812,940458.402567,547798.666782,3483.386600,789.299965,810.098331
624,-1,225.720008,76.916498,940454.841223,547802.117890,3484.436300,789.300018,810.335359
625,-1,225.359998,76.841298,940204.811867,547555.984852,3567.541200,1140.099994,1170.842520
626,-1,224.999999,76.750674,940199.730512,547561.034055,3569.443799,1140.100224,1171.277335
627,-1,224.640001,76.661012,940194.681310,547566.115410,3571.327500,1140.099994,1171.710268
628,-1,224.280000,76.569089,940189.663931,547571.228260,3573.260200,1140.099998,1172.157678
629,-1,223.919993,76.474913,940184.678705,547576.372607,3575.241800,1140.100004,1172.619539
630,-1,223.559991,76.378491,940179.725959,547581.548122,3577.272300,1140.100004,1173.096076
631,-1,223.200002,76.279837,940174.806021,547586.754476,3579.351500,1140.099986,1173.587464
632,-1,222.840000,76.178975,940169.918564,547591.991670,3581.479100,1140.100187,1174.094103
633,-1,222.479995,76.075901,940165.064243,547597.259704,3583.655199,1140.100132,1174.615798
634,-1,222.120006,75.970638,940160.243387,547602.557922,3585.879500,1140.100020,1175.152920
635,-1,221.759997,75.863204,940155.455666,547607.886652,3588.151800,1140.099875,1175.705695
636,-1,221.400000,75.753623,940150.701411,547613.244909,3590.471800,1140.100112,1176.274708
637,-1,221.040001,75.643457,940145.981276,547618.633349,3592.806300,1140.099802,1176.851084
638,-1,220.679998,75.542370,940141.294606,547624.050989,3594.950600,1140.100089,1177.384885
639,-1,220.319999,75.440768,940136.642384,547629.498157,3597.107699,1140.100014,1177.925215
640,-1,219.959990,75.338672,940132.024283,547634.974524,3599.277300,1140.100040,1178.472507
641,-1,219.600004,75.236085,940127.440959,547640.479434,3601.459400,1140.100087,1179.026742
642,-1,219.239992,75.133014,940122.892083,547646.013544,3603.653800,1140.099987,1179.587768
643,-1,218.879996,75.029479,940118.378313,547651.575869,3605.860200,1140.099860,1180.155682
644,-1,218.519995,74.925490,940113.899319,547657.166409,3608.078500,1140.099960,1180.730758
645,-1,218.160005,74.861954,940109.455758,547662.784836,3609.434899,1140.099977,1181.084267
646,-1,217.799991,74.821099,940105.047303,547668.431478,3610.307500,1140.099968,1181.312434
647,-1,217.439997,74.779831,940100.674608,547674.105351,3611.189300,1140.100023,1181.543678
648,-1,217.079996,74.738147,940096.337674,547679.806783,3612.080300,1140.099938,1181.777823
649,-1,216.720001,74.693612,940162.333934,547737.971365,3589.030199,1052.400118,1091.103755
650,-1,216.360000,74.579811,940158.396934,547743.284019,3591.278300,1052.400199,1091.699441
651,-1,215.999996,74.464461,940154.493726,547748.621606,3593.559400,1052.399831,1092.307835
652,-1,215.639998,74.347608,940150.623655,547753.983144,3595.873000,1052.400125,1092.930057
653,-1,215.279994,74.229257,940146.787705,547759.369288,3598.218800,1052.399899,1093.565070
654,-1,214.920002,74.109453,940142.985547,547764.779054,3600.596300,1052.399990,1094.213727
655,-1,214.560005,73.988210,940139.217510,547770.212770,3603.005200,1052.399939,1094.875688
656,-1,214.200002,73.865567,940135.483594,547775.670109,3605.444900,1052.399935,1095.551149
657,-1,213.840004,73.741544,940131.784126,547781.150741,3607.915100,1052.399894,1096.240127
658,-1,213.479998,73.616175,940128.119107,547786.654667,3610.415299,1052.399815,1096.942660
659,-1,213.119998,73.489489,940124.488537,547792.181230,3612.945100,1052.400063,1097.659163
660,-1,212.759996,73.368567,940120.893072,547797.730760,3615.362800,1052.399908,1098.348550
661,-1,212.399996,73.248684,940117.332383,547803.302599,3617.762800,1052.399983,1099.037941
662,-1,212.039995,73.128103,940113.806800,547808.896748,3620.179800,1052.400011,1099.737026
663,-1,211.680003,73.041286,940110.316649,547814.512879,3621.921900,1052.399887,1100.243786
664,-1,211.319996,72.980157,940106.861604,547820.150991,3623.149500,1052.399893,1100.602487
665,-1,210.960000,72.918416,940103.441991,547825.810428,3624.390300,1052.400090,1100.966501
666,-1,210.599995,72.856074,940100.058139,547831.491519,3625.643900,1052.400029,1101.335318
667,-1,210.239997,72.793140,940096.710049,547837.193608,3626.910300,1052.400046,1101.709299
668,-1,209.880001,72.729635,940093.398048,547842.916693,3628.189000,1052.399856,1102.088063
669,-1,209.519999,72.665577,940090.121808,547848.660448,3629.479800,1052.399908,1102.472016
670,-1,209.160002,72.600981,940086.881657,547854.424544,3630.782400,1052.400080,1102.860989
671,-1,208.800004,72.535848,940083.677923,547860.208982,3632.096699,1052.400086,1103.254715
672,-1,208.440006,72.470207,940080.510606,547866.013432,3633.422200,1052.400084,1103.653232
673,-1,208.079994,72.404064,940077.379707,547871.837895,3634.758800,1052.400077,1104.056547
674,-1,207.719994,72.337441,940074.285553,547877.681716,3636.106100,1052.400087,1104.464594
675,-1,207.359999,72.278880,940071.228473,547883.544893,3637.291100,1052.399820,1104.824459
676,-1,206.999996,72.231206,940068.207809,547889.427099,3638.256500,1052.400012,1105.118877
677,-1,206.640011,72.183134,940065.224548,547895.328006,3639.230400,1052.399934,1105.416403
678,-1,206.279996,72.134681,940062.278031,547901.247941,3640.212600,1052.400027,1105.717416
679,-1,205.920002,72.085866,940059.368916,547907.185922,3641.202699,1052.400142,1106.021671
680,-1,205.559998,72.036696,940056.497203,547913.142275,3642.200500,1052.400134,1106.328985
681,-1,205.199995,71.987189,940053.663219,547919.116672,3643.205600,1052.399851,1106.639110
682,-1,204.840001,71.937366,940050.866637,547925.108458,3644.217800,1052.399869,1106.952548
683,-1,204.480004,71.887251,940048.107456,547931.117632,3645.236600,1052.400187,1107.269159
684,-1,204.119990,71.833645,940125.429480,547972.983034,3617.549600,964.699995,1015.307702
685,-1,203.760002,71.754553,940122.969839,547978.522721,3619.025400,964.700143,1015.768930
686,-1,203.399997,71.677656,940120.545303,547984.078156,3620.461400,964.699900,1016.219210
687,-1,203.040008,71.602955,940118.155544,547989.648355,3621.857699,964.699961,1016.659076
688,-1,202.680003,71.530427,940115.800562,547995.233646,3623.214600,964.700196,1017.088353
689,-1,202.320000,71.460043,940113.481013,548000.833700,3624.532400,964.700132,1017.506540
690,-1,201.960003,71.408418,940111.196897,548006.448190,3625.499600,964.699892,1017.814262
691,-1,201.600009,71.375520,940108.947885,548012.076788,3626.116299,964.699902,1018.011056
692,-1,201.240003,71.342933,940106.733979,548017.719493,3626.727499,964.700164,1018.206664
693,-1,200.880004,71.310658,940104.555834,548023.375978,3627.333000,964.700187,1018.400549
694,-1,200.519997,71.278694,940102.413450,548029.046242,3627.932800,964.699971,1018.592701
695,-1,200.159998,71.247067,940100.306499,548034.729630,3628.526600,964.700056,1018.783526
696,-1,199.799999,71.215777,940098.235308,548040.426141,3629.114300,964.700133,1018.972689
697,-1,199.439993,71.184828,940096.200208,548046.135775,3629.695700,964.699893,1019.159824
698,-1,199.079996,71.154235,940094.200868,548051.857876,3630.270699,964.699868,1019.345392
699,-1,198.719993,71.122359,940092.237289,548057.592445,3630.870100,964.700055,1019.539346
700,-1,198.360001,71.084713,940090.310127,548063.339153,3631.578200,964.699939,1019.768561
701,-1,197.999994,71.047891,940088.418727,548069.097999,3632.271200,964.700144,1019.993615
702,-1,197.639995,71.011872,940086.564072,548074.868657,3632.949200,964.699837,1020.213726
703,-1,197.279989,70.976681,940084.745178,548080.650798,3633.612100,964.700056,1020.429815
704,-1,196.919998,70.942284,940082.963029,548086.444093,3634.260200,964.699960,1020.641158
705,-1,196.560004,70.908696,940081.217298,548092.248544,3634.893300,964.699859,1020.847958
706,-1,196.200004,70.875914,940079.507656,548098.063821,3635.511600,964.700164,1021.050644
707,-1,195.840007,70.840687,940499.684309,548223.579318,3483.823300,526.199856,557.055336
708,-1,195.480008,70.794326,940498.791594,548226.762710,3484.300700,526.200146,557.212473
709,-1,195.119981,70.748794,940497.919220,548229.952008,3484.769700,526.200031,557.366823
710,-1,194.760005,70.705223,940497.066860,548233.146228,3485.218800,526.200085,557.515108
711,-1,194.399997,70.663982,940496.234512,548236.346025,3485.644100,526.200139,557.655834
712,-1,194.039986,70.623423,940495.422506,548239.551071,3486.062500,526.199959,557.794340
713,-1,193.679984,70.583538,940494.630513,548242.761038,3486.474200,526.199945,557.931054
714,-1,193.320011,70.544349,940493.858533,548245.975598,3486.879000,526.200171,558.065966
715,-1,192.960000,70.505818,940493.107222,548249.195408,3487.277000,526.199847,558.198352
716,-1,192.599983,70.467983,940492.375596,548252.419811,3487.668200,526.200085,558.329245
717,-1,192.240003,70.430821,940491.664640,548255.648479,3488.052500,526.199993,558.457761
718,-1,191.879997,70.394331,940490.973696,548258.881741,3488.430100,526.200143,558.584490
719,-1,191.520000,70.358494,940490.303422,548262.119267,3488.801000,526.199962,558.708882
720,-1,191.159983,70.323350,940489.653161,548265.361058,3489.164999,526.200093,558.831464
721,-1,190.800016,70.288861,940489.023569,548268.606459,3489.522300,526.200020,558.951803
722,-1,190.440007,70.255042,940488.414318,548271.856124,3489.872800,526.199939,559.070040
723,-1,190.080014,70.221888,940487.825409,548275.109398,3490.216600,526.199973,559.186314
724,-1,189.719986,70.189395,940487.256840,548278.366610,3490.553700,526.200066,559.300558
725,-1,189.359986,70.157566,940486.708941,548281.627102,3490.884000,526.200007,559.412532
726,-1,188.999994,70.126390,940486.181383,548284.890875,3491.207700,526.200117,559.522593
727,-1,188.640001,70.095866,940485.674494,548288.157929,3491.524699,526.200072,559.630393
728,-1,188.279992,70.066004,940485.188275,548291.428263,3491.834900,526.199873,559.735889
729,-1,187.919985,70.036785,940484.722396,548294.701551,3492.138600,526.199894,559.839524
730,-1,187.560005,70.008229,940484.277187,548297.977463,3492.435500,526.199854,559.940923
731,-1,187.199997,69.980316,940483.852319,548301.256328,3492.725900,526.200034,560.040442
732,-1,186.839992,69.953042,940483.448449,548304.537817,3493.009600,526.199827,560.137434
733,-1,186.480003,69.926423,940483.064919,548307.821603,3493.286700,526.199924,560.232572
734,-1,186.119984,69.900445,940482.702059,548311.108014,3493.557200,526.199961,560.325508
735,-1,185.759991,69.875110,940482.359868,548314.396393,3493.821100,526.200011,560.416299
736,-1,185.400012,69.850406,940482.038347,548317.686741,3494.078500,526.200071,560.504970
737,-1,185.040018,69.797903,940569.098540,548328.683766,3462.354800,438.499997,467.244710
738,-1,184.679998,69.737240,940568.864945,548331.429168,3462.882199,438.500158,467.427251
739,-1,184.319997,69.677880,940568.649066,548334.175881,3463.398500,438.499867,467.606037
740,-1,183.959989,69.619852,940568.449919,548336.923907,3463.903800,438.500103,467.781988
741,-1,183.600013,69.563122,940568.268489,548339.672918,3464.398000,438.499909,467.954139
742,-1,183.240005,69.507704,940568.104119,548342.423240,3464.881200,438.499915,468.123086
743,-1,182.879995,69.453618,940567.956810,548345.174547,3465.353200,438.500145,468.288748
744,-1,182.520016,69.400824,940567.827217,548347.926510,3465.814100,438.499959,468.450532
745,-1,182.160006,69.349345,940567.714684,548350.679457,3466.263900,438.499996,468.609009
746,-1,181.799997,69.299167,940567.619540,548353.433061,3466.702600,438.499944,468.763856
747,-1,181.440014,69.250324,940567.541456,548356.186992,3467.130000,438.500141,468.915292
748,-1,181.080004,69.202762,940567.481089,548358.941580,3467.546300,438.499922,469.062737
749,-1,180.719993,69.156519,940567.437782,548361.696496,3467.951400,438.499951,469.206753
750,-1,180.360011,69.111590,940567.411864,548364.451411,3468.345200,438.499905,469.346974
751,-1,180.000000,69.067975,940567.403005,548367.206655,3468.727799,438.500107,469.483715
752,-1,179.639988,69.025644,940567.411864,548369.961899,3469.099200,438.499905,469.616341
753,-1,179.280006,68.984634,940567.437782,548372.716815,3469.459300,438.499951,469.745402
754,-1,178.919995,68.944929,940567.481089,548375.471731,3469.808099,438.499922,469.870574
755,-1,178.559985,68.906542,940567.541456,548378.226318,3470.145600,438.500141,469.992136
756,-1,178.200002,68.869429,940567.619540,548380.980250,3470.471900,438.499944,470.109483
757,-1,177.839993,68.833641,940567.714684,548383.733853,3470.786800,438.499996,470.223143
758,-1,177.479983,68.799162,940567.827217,548386.486800,3471.090300,438.499959,470.332780
759,-1,177.120004,68.765991,940567.956810,548389.238763,3471.382500,438.500145,470.438703
760,-1,176.759994,68.734099,940568.104119,548391.990070,3471.663400,438.499915,470.540298
761,-1,176.399986,68.703524,940568.268489,548394.740393,3471.932900,438.499909,470.638105
762,-1,176.040008,68.674969,940568.473869,548397.487763,3472.175399,438.476097,470.704053
763,-1,175.680002,68.646286,940568.649066,548400.237429,3472.437699,438.499867,470.821641
764,-1,175.320001,68.619624,940568.864945,548402.984143,3472.673100,438.500158,470.907678
765,-1,174.959981,68.594254,940569.098540,548405.729544,3472.897000,438.499997,470.989199
766,-1,174.599979,68.572059,940569.349196,548408.473305,3473.092999,438.500009,471.060781
767,-1,174.239977,68.553305,940569.617240,548411.215425,3473.258600,438.499868,471.121173
768,-1,173.880007,68.535762,940569.902344,548413.955577,3473.413600,438.499865,471.177865
769,-1,173.520012,68.519419,940570.204509,548416.694089,3473.558099,438.500033,471.230917
770,-1,173.160017,68.504258,940570.524062,548419.430632,3473.692100,438.500012,471.279983
771,-1,172.800011,68.490283,940570.860676,548422.165207,3473.815700,438.500130,471.325397
772,-1,172.440019,68.477466,940571.214677,548424.897485,3473.929000,438.500019,471.366849
773,-1,172.079988,68.465810,940571.585740,548427.627794,3474.032100,438.500050,471.404711
774,-1,171.719989,68.455311,940571.973862,548430.355479,3474.125000,438.500134,471.438897
775,-1,171.360003,68.445954,940572.379373,548433.080539,3474.207700,438.499944,471.469095
776,-1,170.999985,68.437737,940572.801617,548435.803303,3474.280499,438.500177,471.496063
777,-1,170.639993,68.430647,940573.241248,548438.523114,3474.343200,438.500086,471.519025
778,-1,170.280019,68.424677,940573.697940,548441.239972,3474.395999,438.499991,471.538350
779,-1,169.920006,68.419816,940574.171693,548443.954205,3474.439000,438.499949,471.554124
780,-1,169.559984,68.416063,940574.662505,548446.665486,3474.472200,438.499905,471.566295
781,-1,169.199997,68.414059,940575.193672,548449.368892,3474.480500,438.476060,471.547175
782,-1,168.839984,68.411840,940575.694983,548452.078205,3474.509600,438.499959,471.580105
783,-1,168.480002,68.412011,940576.259943,548454.774722,3474.498700,438.476247,471.554046
784,-1,168.119992,68.411945,940576.795375,548457.477472,3474.508700,438.500023,471.579833
785,-1,167.760006,68.413587,940577.371161,548460.171692,3474.494100,438.499864,471.574314
786,-1,167.400018,68.416300,940577.963680,548462.862304,3474.470100,438.499898,471.565517
787,-1,167.040014,68.420073,940578.572930,548465.549306,3474.436800,438.500127,471.553480
788,-1,166.680001,68.424862,940579.199570,548468.232372,3474.394300,438.499839,471.537583
789,-1,166.319995,68.430700,940579.842613,548470.911500,3474.342699,438.499993,471.518754
790,-1,165.960003,68.437565,940580.502717,548473.586364,3474.281900,438.499873,471.496294
791,-1,165.600002,68.424192,940496.234512,548498.067286,3509.080400,526.200139,565.848070
792,-1,165.239994,68.406067,940497.066860,548501.267083,3509.272900,526.200085,565.918837
793,-1,164.880018,68.388472,940497.919220,548504.461302,3509.459800,526.200031,565.987597
794,-1,164.519991,68.371434,940498.791594,548507.650600,3509.640900,526.200146,566.054431
795,-1,164.159992,68.354922,940499.684309,548510.833993,3509.816300,526.199856,566.118836
796,-1,163.799992,68.338960,940500.596708,548514.011808,3509.986000,526.199881,566.181475
797,-1,163.440012,68.323547,940501.528793,548517.183717,3510.149999,526.200126,566.242258
798,-1,163.080009,68.308336,940502.508450,548520.341520,3510.300399,526.171524,566.271251
799,-1,162.720013,68.294334,940503.453330,548523.509820,3510.460700,526.200022,566.356997
800,-1,162.360011,68.280532,940504.445454,548526.663685,3510.607500,526.199893,566.411186
801,-1,162.000005,68.267283,940505.457263,548529.811317,3510.748500,526.199890,566.463377
802,-1,161.639982,68.254585,940506.488757,548532.952715,3510.883700,526.200014,566.513567
803,-1,161.279997,68.242432,940507.539936,548536.087223,3511.013100,526.200058,566.561562
804,-1,160.920010,68.230477,940508.638031,548539.205655,3511.128900,526.171281,566.577772
805,-1,160.560012,68.219746,940509.701349,548542.336226,3511.254700,526.200110,566.651211
806,-1,160.200018,68.209217,940510.811583,548545.450393,3511.366800,526.200012,566.692723
807,-1,159.840001,68.183540,940100.306499,548699.683681,3687.174000,964.700056,1039.122975
808,-1,159.480002,68.142168,940102.413450,548705.367068,3687.982399,964.699971,1039.423596
809,-1,159.119995,68.101471,940104.555834,548711.037332,3688.778200,964.700187,1039.720339
810,-1,158.759996,68.061432,940106.733979,548716.693817,3689.561500,964.700164,1040.012714
811,-1,158.399990,68.022058,940108.947885,548722.336522,3690.332100,964.699902,1040.300622
812,-1,158.039996,67.983354,940111.196897,548727.965120,3691.090100,964.699892,1040.584532
813,-1,157.679999,67.957678,940113.481013,548733.579610,3691.593299,964.700132,1040.773497
814,-1,157.319996,67.943980,940115.800562,548739.179665,3691.861800,964.700196,1040.874352
815,-1,156.959991,67.930768,940118.155544,548744.764955,3692.120700,964.699961,1040.971381
816,-1,156.600002,67.918046,940120.545303,548750.335154,3692.370100,964.699900,1041.065056
817,-1,156.239997,67.905802,940122.969839,548755.890589,3692.610300,964.700143,1041.155604
818,-1,155.880009,67.906804,940125.429480,548761.430276,3692.590600,964.699995,1041.148058
819,-1,155.519994,67.916636,940127.923897,548766.954871,3692.397800,964.700025,1041.075586
820,-1,155.160001,67.927415,940130.452764,548772.463391,3692.186500,964.700126,1040.996259
821,-1,154.800006,67.939134,940133.016407,548777.955834,3691.956700,964.699999,1040.909808
822,-1,154.440005,67.951801,940135.614499,548783.432201,3691.708400,964.699940,1040.816520
823,-1,154.080007,67.965413,940138.246711,548788.892164,3691.441700,964.700108,1040.716589
824,-1,153.720010,67.979974,940140.913373,548794.335394,3691.156400,964.700062,1040.609545
825,-1,153.360006,67.995478,940143.614155,548799.761892,3690.852700,964.700098,1040.495750
826,-1,152.999999,68.011929,940146.349057,548805.171330,3690.530499,964.700072,1040.375048
827,-1,152.640004,68.025266,940538.591055,548609.024413,3513.317200,526.171442,567.393144
828,-1,152.279990,68.017745,940540.094333,548611.969289,3513.409100,526.200119,567.454131
829,-1,151.919981,68.010623,940541.641574,548614.891199,3513.485100,526.199971,567.482446
830,-1,151.560003,68.003940,940543.232122,548617.789487,3513.544899,526.171266,567.478225
831,-1,151.199995,67.998503,940544.790518,548620.705492,3513.614600,526.200043,567.531015
832,-1,150.840004,67.993478,940546.392549,548623.597547,3513.668200,526.199817,567.550888
833,-1,150.480007,67.988895,940548.037230,548626.465651,3513.705700,526.171448,567.538639
834,-1,150.120001,67.985278,940549.675350,548629.337365,3513.744300,526.171340,567.553007
835,-1,149.759986,67.995642,940551.306581,548632.213343,3513.645200,526.200105,567.542537
836,-1,149.399999,68.035505,940553.005396,548635.049623,3513.207800,526.171262,567.352048
837,-1,149.039997,68.055506,939652.285085,549179.256868,3936.982999,1578.514274,1701.817172
838,-1,148.679998,68.020960,939657.340849,549187.790316,3938.124100,1578.599924,1702.323365
839,-1,148.319999,67.985838,939662.596088,549196.202373,3939.215100,1578.514384,1702.652687
840,-1,147.959998,67.942025,939667.831314,549204.626240,3940.619900,1578.514396,1703.179766
841,-1,147.599999,67.898168,939673.119361,549213.016971,3942.027000,1578.514371,1703.708670
842,-1,147.239993,67.876753,939678.388051,549221.420826,3942.749200,1578.600040,1704.059894
843,-1,146.880003,67.858542,939683.781413,549229.744628,3943.333900,1578.599868,1704.280018
844,-1,146.519994,67.840133,939689.226940,549238.034966,3943.925200,1578.600041,1704.503124
845,-1,146.159996,67.821651,939694.795499,549246.242955,3944.484100,1578.514488,1704.634793
846,-1,145.799992,67.802692,939700.273834,549254.511639,3945.128200,1578.599995,1704.957209
847,-1,145.440003,67.783639,939705.874545,549262.697318,3945.740600,1578.599950,1705.188624
848,-1,145.080004,67.739354,939639.616803,549321.050220,3983.062800,1666.300040,1800.490346
849,-1,144.719993,67.681585,939645.710951,549329.563982,3984.988000,1666.209573,1801.136842
850,-1,144.360000,67.624800,939651.710939,549338.143690,3986.955600,1666.299843,1801.968438
851,-1,143.999998,67.568667,939657.838223,549346.633174,3988.865500,1666.299868,1802.696368
852,-1,143.639999,67.513300,939664.018657,549355.083945,3990.750900,1666.299922,1803.416683
853,-1,143.280005,67.458583,939670.324419,549363.441539,3992.578100,1666.209588,1804.032887
854,-1,142.919999,67.415105,939676.610496,549371.813570,3994.060700,1666.209445,1804.601631
855,-1,142.559997,67.410795,939961.408810,549166.938980,3848.299000,1315.499957,1424.807472
856,-1,142.200003,67.346299,939966.454076,549173.485883,3850.037000,1315.500092,1425.476102
857,-1,141.839996,67.282080,939971.596782,549179.956998,3851.739200,1315.428715,1426.066748
858,-1,141.480004,67.218049,939976.667966,549186.483888,3853.497700,1315.499969,1426.812489
859,-1,141.119999,67.154299,939981.835935,549192.934663,3855.220400,1315.500029,1427.480500
860,-1,140.759993,67.094848,939987.099704,549199.307681,3856.798200,1315.428638,1428.028060
861,-1,140.400004,67.040610,939992.292935,549205.737787,3858.296500,1315.499924,1428.677514
862,-1,140.039994,66.986156,939997.636428,549212.044204,3859.741400,1315.428519,1429.176036
863,-1,139.680001,66.931645,940002.910040,549218.408693,3861.249700,1315.499909,1429.832066
864,-1,139.319991,66.876914,940008.332273,549224.647526,3862.704400,1315.428609,1430.337113
865,-1,138.959990,66.822078,940013.739414,549230.898497,3864.193499,1315.428600,1430.922541
866,-1,138.599993,66.767109,940019.185598,549237.115348,3865.687500,1315.428671,1431.511285
867,-1,138.239994,66.712058,940024.617674,549243.345323,3867.215600,1315.499934,1432.180220
868,-1,137.879993,66.660034,940030.141941,549249.493605,3868.631899,1315.499952,1432.740764
869,-1,137.519995,66.607569,940035.704594,549255.607109,3870.061400,1315.500107,1433.307855
870,-1,137.160002,66.554638,940041.358126,549261.636625,3871.473600,1315.428448,1433.803379
871,-1,136.800001,66.501306,940046.944729,549267.728476,3872.960100,1315.500183,1434.461253
872,-1,136.439994,66.447490,940052.673720,549273.686798,3874.398700,1315.428646,1434.969892
873,-1,136.080006,66.393256,940058.387947,549279.657914,3875.880999,1315.428557,1435.562765
874,-1,135.720002,66.342636,940064.088723,549285.643139,3877.296900,1315.499873,1436.195681
875,-1,135.360003,66.304887,940069.928607,549291.492536,3878.299000,1315.428700,1436.532909
876,-1,135.000000,66.268186,940075.704186,549297.405582,3879.335500,1315.499938,1437.014974
877,-1,134.640005,66.232068,940081.567035,549303.231686,3880.325300,1315.499921,1437.413596
878,-1,134.279997,66.196688,940087.466629,549309.021045,3881.295400,1315.499873,1437.804809
879,-1,133.919991,66.162052,940093.402313,549314.773330,3882.245700,1315.500023,1438.188748
880,-1,133.560005,66.127993,940099.422970,549320.436048,3883.149000,1315.428646,1438.488784
881,-1,133.199998,66.094995,940105.381292,549326.165039,3884.086899,1315.500183,1438.934003
882,-1,132.839997,66.062411,940111.473143,549331.751642,3884.950400,1315.428448,1439.218563
883,-1,132.480008,66.065117,940117.550887,549337.352353,3884.876099,1315.428580,1439.188539
884,-1,132.120001,66.072032,940123.664063,549342.915006,3884.686100,1315.428646,1439.111527
885,-1,131.760005,66.077484,940129.764445,549348.492094,3884.567899,1315.499934,1439.128754
886,-1,131.399998,66.081820,940135.947503,549353.977648,3884.448699,1315.499811,1439.080310
887,-1,131.040009,66.085060,940142.211270,549359.370353,3884.328100,1315.428600,1438.966321
888,-1,130.680008,66.086848,940148.462242,549364.777495,3884.279000,1315.428609,1438.946426
889,-1,130.319997,66.087366,940154.747335,549370.145266,3884.264700,1315.428453,1438.940487
890,-1,129.960005,66.117440,940161.065563,549375.473339,3883.438700,1315.428519,1438.605932
891,-1,129.600006,66.163205,940167.417257,549380.761715,3882.182500,1315.428595,1438.097871
892,-1,129.239995,66.209912,940173.757139,549386.065510,3880.932800,1315.500014,1437.658631
893,-1,128.879992,66.256720,940180.220053,549391.218387,3879.618300,1315.428653,1437.063561
894,-1,128.519995,66.304755,940186.625880,549396.441801,3878.333900,1315.499969,1436.612196
895,-1,128.160002,66.347317,940247.295050,549332.611549,3838.757600,1227.799984,1340.401446
896,-1,127.799994,66.334695,940253.416757,549337.306421,3839.050800,1227.733387,1340.458106
897,-1,127.439995,66.321690,940259.486298,549342.068223,3839.412300,1227.800120,1340.664365
898,-1,127.079995,66.309376,940265.666404,549346.685667,3839.697700,1227.733488,1340.717991
899,-1,126.719998,66.296680,940271.795329,549351.370697,3840.051400,1227.800105,1340.921143
900,-1,126.360005,66.284699,940278.032849,549355.910058,3840.328400,1227.733497,1340.971536
901,-1,125.999997,66.272326,940284.220501,549360.517661,3840.673899,1227.799880,1341.171303
902,-1,125.640007,66.261761,940290.514451,549364.978282,3840.914800,1227.733340,1341.207346
903,-1,125.280002,66.252510,940296.759190,549369.508128,3841.180800,1227.800206,1341.375653
904,-1,124.919990,66.266560,940303.109243,549373.889353,3840.792100,1227.733390,1341.158003
905,-1,124.559991,66.308465,940309.410411,549378.340132,3839.750199,1227.800061,1340.800047
906,-1,124.200002,66.350100,940315.814598,549382.640976,3838.657300,1227.733284,1340.300112
907,-1,123.840003,66.392398,940322.208286,549386.956912,3837.577500,1227.733359,1339.867387
908,-1,123.479996,66.435049,940328.629205,549391.232494,3836.489300,1227.733222,1339.431840
909,-1,123.119995,66.478056,940335.076698,549395.467722,3835.392800,1227.733236,1338.993862
910,-1,122.760005,66.521418,940341.550439,549399.662267,3834.288000,1227.733304,1338.553382
911,-1,122.399999,66.565136,940348.050754,549403.816131,3833.174799,1227.733248,1338.110215
912,-1,122.039997,66.609213,940354.576987,549407.928983,3832.053199,1227.733149,1337.664452
913,-1,121.679999,66.653651,940361.128812,549412.000825,3830.923200,1227.733178,1337.216270
914,-1,121.320002,66.698456,940367.705898,549416.031657,3829.784799,1227.733509,1336.765848
915,-1,120.960004,66.743915,940374.274126,549420.077909,3828.659000,1227.800086,1336.382083
916,-1,120.599999,66.816692,940380.902066,549424.025736,3826.812400,1227.800015,1335.653981
917,-1,120.240003,66.895405,940387.588076,549427.874153,3824.789000,1227.733287,1334.797341
918,-1,119.880001,66.974800,940394.264572,549431.738319,3822.779299,1227.733426,1334.010121
919,-1,119.519997,67.023517,940444.175233,549359.249291,3784.365300,1140.038069,1238.276549
920,-1,119.160003,67.068233,940450.419315,549362.759126,3783.316000,1140.038144,1237.867397
921,-1,118.799991,67.114647,940456.655851,549366.284053,3782.253700,1140.100083,1237.510939
922,-1,118.440002,67.163609,940462.943897,549369.715149,3781.106199,1140.099991,1237.065056
923,-1,118.079998,67.253265,940469.253595,549373.106874,3779.007199,1140.099976,1236.251931
924,-1,117.719999,67.366989,940475.613163,549376.404112,3776.322900,1140.038129,1235.159421
925,-1,117.359999,67.482644,940481.964528,549379.716113,3773.623900,1140.038176,1234.123330
926,-1,117.000002,67.600233,940488.336562,549382.988088,3770.884400,1140.038180,1233.076803
927,-1,116.639993,67.719746,940494.729266,549386.220037,3768.104800,1140.038145,1232.020238
928,-1,116.280001,67.841187,940501.114424,549389.467078,3765.310400,1140.099992,1231.020771
929,-1,115.920005,67.964515,940507.574385,549392.562872,3762.426800,1140.038110,1229.878686
930,-1,115.559998,68.089750,940514.026800,549395.673758,3759.529299,1140.038108,1228.794534
931,-1,115.199996,68.216873,940520.498572,549398.743962,3756.593299,1140.038062,1227.701934
932,-1,114.839997,68.345909,940526.963454,549401.829586,3753.643000,1140.099910,1226.667636
933,-1,114.479994,68.476736,940533.499202,549404.762323,3750.607800,1140.038253,1225.493530
934,-1,114.119994,68.609455,940540.027732,549407.709824,3747.558999,1140.038031,1224.378068
935,-1,113.760001,68.744021,940546.574307,549410.616642,3744.473600,1140.038311,1223.256386
936,-1,113.400008,68.931895,940553.139254,549413.481794,3740.175099,1140.038059,1221.704360
937,-1,113.040000,69.215260,940559.722246,549416.305935,3733.712400,1140.038009,1219.396032
938,-1,112.679997,69.438735,940532.483128,549500.064298,3761.552600,1227.800032,1311.335814
939,-1,112.319997,69.605108,940539.610410,549503.016391,3757.490100,1227.799919,1309.914444
940,-1,111.959999,69.772422,940546.780999,549505.861858,3753.388900,1227.733190,1308.428256
941,-1,111.599995,70.010522,940553.944371,549508.724385,3747.603099,1227.733453,1306.439344
942,-1,111.240006,70.339387,940561.125459,549511.541309,3739.640199,1227.733261,1303.738541
943,-1,110.880000,70.671377,940568.300641,549514.375621,3731.658100,1227.799885,1301.137562
944,-1,110.519997,71.006952,940575.540456,549517.040314,3723.575900,1227.733463,1298.422061
945,-1,110.159996,71.253114,940552.550017,549602.044081,3747.448099,1315.428636,1389.125049
946,-1,109.799992,71.614027,940560.317718,549604.868222,3738.227199,1315.428636,1386.189064
947,-1,109.439996,71.978061,940568.102807,549607.643479,3728.965600,1315.428683,1383.295765
948,-1,109.079996,72.345156,940575.881991,549610.437108,3719.687500,1315.499952,1380.521404
949,-1,108.719993,72.715359,940583.724823,549613.047011,3710.323600,1315.428713,1377.642373
950,-1,108.359998,73.086186,940619.183742,549532.443498,3674.337199,1227.733184,1283.241768
951,-1,108.000007,73.335159,940653.611822,549451.447269,3642.265400,1140.038096,1190.020560
952,-1,107.639998,73.577070,940660.431363,549453.639522,3637.027300,1140.038202,1188.529111
953,-1,107.280003,73.818085,940693.296454,549372.106220,3606.390300,1052.400141,1095.814443
954,-1,106.919996,74.048516,940699.633384,549373.995652,3601.790299,1052.342734,1094.486197
955,-1,106.559992,74.280958,940705.948988,549375.954966,3597.193700,1052.399938,1093.286942
956,-1,106.200014,74.396970,940883.571992,548788.272742,3423.449800,438.476399,455.253232
957,-1,105.839987,74.489057,940886.220281,548789.032911,3422.690400,438.476191,455.049364
958,-1,105.479993,74.582046,940888.866601,548789.799642,3421.930900,438.500145,454.869937
959,-1,105.120006,74.675564,940891.530310,548790.503381,3421.154500,438.476060,454.640912
960,-1,104.760005,74.770067,940894.186144,548791.236647,3420.383800,438.499846,454.460786
961,-1,104.400019,74.865090,940896.858383,548791.907249,3419.596600,438.476165,454.231770
962,-1,104.039996,74.961103,940899.523404,548792.607051,3418.814799,438.499873,454.051171
963,-1,103.680006,75.056741,940902.203845,548793.244189,3418.024100,438.476360,453.823928
964,-1,103.319980,75.150349,940904.882973,548793.887232,3417.257000,438.476206,453.626579
965,-1,102.959999,75.244655,940907.565711,548794.513543,3416.484900,438.476249,453.429358
966,-1,102.600017,75.339648,940910.252385,548795.122794,3415.707800,438.476092,453.231908
967,-1,102.239993,75.435485,940912.938075,548795.738607,3414.930700,438.499864,453.058865
968,-1,101.880007,75.531861,940915.632296,548796.314393,3414.143700,438.500023,452.861753
969,-1,101.520020,75.628893,940918.330125,548796.873119,3413.352000,438.500054,452.664632
970,-1,101.160015,75.726430,940921.036156,548797.391490,3412.550800,438.476216,452.443337
971,-1,100.800002,75.824760,940923.740875,548797.916096,3411.749900,438.476060,452.246388
972,-1,100.440019,75.923751,940926.448547,548798.423969,3410.944399,438.476224,452.049964
973,-1,100.079977,76.023365,940929.159828,548798.914781,3410.134500,438.476268,451.853711
974,-1,99.719980,76.123762,940931.869796,548799.411828,3409.324800,438.499991,451.681862
975,-1,99.360013,76.218477,940948.853030,548713.317183,3387.040100,350.780857,361.178776
976,-1,99.000001,76.302092,940951.028878,548713.668889,3386.497600,350.780930,361.049997
977,-1,98.640023,76.386489,940953.206696,548714.006815,3385.950400,350.780932,360.920813
978,-1,98.280013,76.471652,940955.386809,548714.330961,3385.398600,350.780815,360.791219
979,-1,97.920001,76.557596,940957.568892,548714.641656,3384.842200,350.780952,360.661601
980,-1,97.560005,76.644138,940959.750318,548714.957272,3384.286800,350.799903,360.551332
981,-1,97.199992,76.731751,940961.938634,548715.221707,3383.715900,350.781059,360.401542
982,-1,96.840019,76.819951,940964.125965,548715.491064,3383.146100,350.781070,360.271204
983,-1,96.479995,76.908878,940966.315265,548715.746641,3382.572000,350.781012,360.140681
984,-1,96.120011,76.998552,940968.505878,548715.988438,3381.993500,350.780964,360.010044
985,-1,95.760009,77.088800,940970.696162,548716.235485,3381.416100,350.800018,359.899155
986,-1,95.400004,77.180034,940972.891696,548716.430694,3380.823999,350.780819,359.748598
987,-1,95.040000,77.271857,940975.086573,548716.631481,3380.232999,350.781082,359.618181
988,-1,94.679998,77.364245,940977.281123,548716.837190,3379.643000,350.800126,359.507232
989,-1,94.319993,77.457578,940979.479937,548716.991061,3379.038799,350.781006,359.356882
990,-1,93.960010,77.551338,940981.676783,548717.169210,3378.440800,350.800092,359.246130
991,-1,93.600024,77.646020,940983.877238,548717.295522,3377.828899,350.781062,359.096134
992,-1,93.240021,77.741246,940986.077365,548717.426755,3377.218100,350.780813,358.965705
993,-1,92.880001,77.833642,940715.094639,554147.782036,4548.828299,5787.885737,5920.869595
994,-1,92.520001,77.786209,940755.276317,554061.884898,4534.861000,5700.190705,5832.202590
995,-1,92.159998,77.737889,940791.062007,554063.347166,4539.894400,5700.190647,5833.269473
996,-1,91.799998,77.691075,940826.855898,554064.584696,4544.772700,5700.190737,5834.307583
997,-1,91.439998,77.646053,940862.649134,554065.906216,4549.533500,5700.499836,5835.626297
998,-1,91.080000,77.600789,940900.116251,553978.704947,4534.906099,5612.495339,5746.531840
999,-1,90.720000,77.548734,940935.372414,553979.563541,4540.320000,5612.800048,5747.994298
1000,-1,90.359999,77.497138,940970.639075,553979.591100,4545.554300,5612.495229,5748.827542
1001,-1,90.000000,77.447172,941005.903113,553979.701992,4550.690500,5612.495336,5749.941760
