"OBJECTID","FEATURE_ID","HORIZ_ANG","ZENITH_ANG","VERTEX_X","VERTEX_Y","VERTEX_Z","DIST_2D","DIST_3D"
1,-1,90.000000,72.071683,934396.506226,549292.190698,2801.195300,87.695362,92.170964
2,-1,89.640097,72.011981,934397.057078,549292.188729,2801.296200,87.695124,92.201847
3,-1,89.280006,71.953242,934397.608258,549292.188401,2801.397200,87.699990,92.237715
4,-1,88.920082,71.894165,934398.159110,549292.179871,2801.497300,87.700113,92.268891
5,-1,88.559900,71.835455,934398.710290,549292.167732,2801.596800,87.700097,92.299846
6,-1,88.200087,71.776930,934399.260814,549292.151984,2801.696000,87.699919,92.330650
7,-1,87.840092,71.718293,934399.811338,549292.128362,2801.793999,87.695331,92.356987
8,-1,87.480102,71.660438,934400.361862,549292.105724,2801.892200,87.695189,92.387703
9,-1,87.119965,71.603506,934400.912714,549292.084727,2801.990600,87.700163,92.423432
10,-1,86.760029,71.545652,934401.462581,549292.050278,2802.087300,87.695116,92.449208
11,-1,86.399918,71.488777,934402.012777,549292.017470,2802.184100,87.695188,92.479964
12,-1,86.040096,71.432761,934402.562645,549291.985974,2802.281099,87.700011,92.515378
13,-1,85.679895,71.375935,934403.112184,549291.941354,2802.376300,87.695182,92.541159
14,-1,85.320001,71.320531,934403.661724,549291.902969,2802.472400,87.700031,92.576488
15,-1,84.959903,71.264931,934404.210935,549291.856381,2802.567300,87.700141,92.607030
16,-1,84.599937,71.209050,934404.759163,549291.801263,2802.660999,87.695130,92.632424
17,-1,84.239926,71.154617,934405.308046,549291.752378,2802.755600,87.699849,92.667405
18,-1,83.879929,71.099395,934405.855617,549291.690699,2802.848400,87.695168,92.692994
19,-1,83.520004,71.045103,934406.403188,549291.630331,2802.941300,87.695253,92.723209
20,-1,83.160027,70.991105,934406.950431,549291.566355,2803.033700,87.695176,92.753191
21,-1,82.800007,70.937467,934407.497346,549291.499098,2803.125600,87.695264,92.783249
22,-1,82.439904,70.884182,934408.043933,549291.428232,2803.216900,87.695195,92.813041
23,-1,82.079933,70.831721,934408.590520,549291.358678,2803.308500,87.699889,92.847512
24,-1,81.720084,70.778539,934409.135138,549291.276329,2803.398100,87.695099,92.872448
25,-1,81.359974,70.726860,934409.681069,549291.200214,2803.488600,87.700128,92.907029
26,-1,81.000060,70.674372,934410.224703,549291.110975,2803.577100,87.695300,92.931722
27,-1,80.639902,70.623273,934410.769649,549291.027642,2803.666600,87.699973,92.965788
28,-1,80.279984,70.572088,934411.312955,549290.936435,2803.754700,87.700074,92.995149
29,-1,79.919988,70.522670,934411.854949,549290.837026,2803.838099,87.695329,93.018450
30,-1,79.560033,70.489789,934412.397927,549290.743522,2803.896400,87.700033,93.042339
31,-1,79.199970,70.456740,934412.939592,549290.641816,2803.953299,87.699895,93.061228
32,-1,78.839976,70.423456,934413.479618,549290.532236,2804.009000,87.695178,93.075431
33,-1,78.479918,70.391061,934414.019971,549290.423969,2804.064900,87.695275,93.094267
34,-1,78.120051,70.359660,934414.560324,549290.317014,2804.120800,87.700119,93.117604
35,-1,77.759888,70.327394,934415.098381,549290.196935,2804.174700,87.695110,93.131018
36,-1,77.399931,70.296071,934415.636437,549290.078497,2804.228800,87.695168,93.149299
37,-1,77.039926,70.265133,934416.173838,549289.956778,2804.282300,87.695343,93.167515
38,-1,76.680019,70.234496,934416.710254,549289.831450,2804.335200,87.695241,93.185295
39,-1,76.320035,70.204300,934417.246014,549289.702842,2804.387400,87.695256,93.202975
40,-1,75.960065,70.175004,934417.782102,549289.575545,2804.439799,87.700086,93.225277
41,-1,75.599939,70.144917,934418.315238,549289.435454,2804.490100,87.695249,93.237799
42,-1,75.239941,70.116307,934418.849686,549289.301268,2804.541300,87.699922,93.259596
43,-1,74.879941,70.087007,934419.380853,549289.154614,2804.590300,87.695165,93.271801
44,-1,74.519938,70.058609,934419.912348,549289.009274,2804.639500,87.695224,93.288624
45,-1,74.159977,70.031172,934420.444171,549288.865245,2804.688800,87.700096,93.310029
46,-1,73.800016,70.003494,934420.973697,549288.713014,2804.736699,87.699912,93.326225
47,-1,73.439930,69.976265,934421.502567,549288.557831,2804.784000,87.700172,93.342655
48,-1,73.079993,69.949372,934422.030125,549288.399039,2804.830600,87.700062,93.358518
49,-1,72.719975,69.922296,934422.555387,549288.232372,2804.875799,87.695211,93.369469
50,-1,72.359986,69.896183,934423.080976,549288.067018,2804.921100,87.695174,93.384994
51,-1,72.000073,69.870980,934423.606894,549287.902977,2804.966600,87.699947,93.405126
52,-1,71.639885,69.845102,934424.129203,549287.726468,2805.009800,87.695212,93.415556
53,-1,71.279947,69.820169,934424.651511,549287.551271,2805.053100,87.695185,93.430459
54,-1,70.920102,69.796147,934425.174148,549287.377387,2805.096600,87.699967,93.449961
55,-1,70.560012,69.771995,934425.694488,549287.195629,2805.138600,87.700018,93.464523
56,-1,70.200010,69.747664,934426.211876,549287.005997,2805.179099,87.695124,93.473942
57,-1,69.839875,69.724326,934426.729919,549286.817677,2805.219700,87.695151,93.488029
58,-1,69.480081,69.701423,934427.246322,549286.626404,2805.259600,87.695302,93.502005
59,-1,69.119932,69.679419,934427.763710,549286.436116,2805.299700,87.700181,93.520499
60,-1,68.759960,69.656750,934428.276176,549286.233689,2805.337400,87.695428,93.529141
61,-1,68.400109,69.635509,934428.790611,549286.036839,2805.376099,87.700047,93.546932
62,-1,68.039977,69.614107,934429.302421,549285.832115,2805.413300,87.699840,93.559691
63,-1,67.680000,69.593286,934429.812918,549285.624766,2805.449700,87.700172,93.572688
64,-1,67.319921,69.572734,934430.322104,549285.413808,2805.485500,87.700130,93.585137
65,-1,66.960004,69.552605,934430.829649,549285.199570,2805.520500,87.699890,93.597134
66,-1,66.599996,69.532413,934431.334241,549284.978114,2805.554000,87.695314,93.604555
67,-1,66.240028,69.513130,934431.839161,549284.757642,2805.587600,87.695234,93.616234
68,-1,65.879980,69.494238,934432.342769,549284.533889,2805.620500,87.695084,93.627614
69,-1,65.519926,69.475859,934432.845064,549284.307183,2805.652600,87.695166,93.638940
70,-1,65.160053,69.476790,934433.347688,549284.081790,2805.652800,87.700040,93.643575
71,-1,64.799960,69.490069,934433.845062,549283.844258,2805.627800,87.695154,93.630237
72,-1,64.440018,69.504149,934434.342765,549283.608038,2805.603200,87.695058,93.621531
73,-1,64.080078,69.519115,934434.841123,549283.373130,2805.578899,87.699890,93.617552
74,-1,63.719931,69.534957,934435.336201,549283.130676,2805.551300,87.699965,93.607967
75,-1,63.360084,69.551650,934435.829310,549282.885270,2805.522200,87.699982,93.597813
76,-1,62.999923,69.569223,934436.319139,549282.632318,2805.489800,87.695245,93.582060
77,-1,62.639941,69.587652,934436.809295,549282.380678,2805.457700,87.695290,93.570902
78,-1,62.279925,69.606903,934437.297811,549282.125757,2805.424100,87.695130,93.559038
79,-1,61.919948,69.626979,934437.786984,549281.872149,2805.390900,87.699898,93.551944
80,-1,61.560039,69.647997,934438.272219,549281.611322,2805.354300,87.699906,93.539217
81,-1,61.199967,69.669934,934438.756142,549281.347543,2805.316200,87.700155,93.526206
82,-1,60.839943,69.692666,934439.235800,549281.076219,2805.274800,87.695200,93.507183
83,-1,60.479941,69.716225,934439.716114,549280.806206,2805.233800,87.695173,93.492937
84,-1,60.119922,69.740729,934440.194787,549280.533241,2805.191200,87.695230,93.478231
85,-1,59.760056,69.766086,934440.671492,549280.257323,2805.147100,87.695207,93.462948
86,-1,59.399961,69.792368,934441.146885,549279.978452,2805.101500,87.695435,93.447400
87,-1,59.040029,69.819375,934441.622606,549279.700565,2805.056300,87.700138,93.436212
88,-1,58.680079,69.847306,934442.094062,549279.415461,2805.007700,87.699920,93.419251
89,-1,58.319966,69.876205,934442.561580,549279.123467,2804.955800,87.695231,93.396981
90,-1,57.960102,69.905889,934443.029427,549278.832785,2804.904299,87.695294,93.379334
91,-1,57.599940,69.936424,934443.498258,549278.542759,2804.853000,87.699897,93.366046
92,-1,57.240084,69.967903,934443.959872,549278.242235,2804.796700,87.695231,93.342363
93,-1,56.879985,70.000249,934444.425094,549277.946632,2804.742400,87.700118,93.328369
94,-1,56.519961,70.033500,934444.885723,549277.644139,2804.684800,87.700189,93.308750
95,-1,56.160115,70.067565,934445.341431,549277.334756,2804.624000,87.695259,93.283372
96,-1,55.799923,70.102531,934445.801075,549277.030295,2804.565200,87.700071,93.267867
97,-1,55.440001,70.138370,934446.255799,549276.719272,2804.503200,87.700154,93.246862
98,-1,55.079977,70.175129,934446.705929,549276.401359,2804.437900,87.695418,93.220242
99,-1,54.720036,70.212703,934447.159340,549276.088368,2804.374600,87.700058,93.203159
100,-1,54.359983,70.251257,934447.605534,549275.764877,2804.306300,87.695421,93.175695
101,-1,54.000111,70.290584,934448.052055,549275.442372,2804.238300,87.695236,93.152566
102,-1,53.639971,70.330822,934448.496936,549275.116913,2804.168800,87.695160,93.129079
103,-1,53.280013,70.371921,934448.942473,549274.792767,2804.099600,87.699993,93.110362
104,-1,52.920078,70.413942,934449.380136,549274.458122,2804.025400,87.695164,93.080914
105,-1,52.560029,70.456840,934449.821737,549274.128398,2803.953200,87.700097,93.061384
106,-1,52.199987,70.500545,934450.258087,549273.791784,2803.877800,87.699831,93.035938
107,-1,51.839968,70.545271,934450.689517,549273.448937,2803.799100,87.695086,93.005224
108,-1,51.480082,70.590765,934451.124555,549273.111011,2803.722500,87.699902,92.984282
109,-1,51.120084,70.637265,934451.551720,549272.762915,2803.640900,87.695318,92.952872
110,-1,50.760134,70.684530,934451.982493,549272.419412,2803.561300,87.700036,92.930964
111,-1,50.399982,70.732718,934452.408346,549272.069347,2803.478500,87.700022,92.903596
112,-1,50.040021,70.781804,934452.828620,549271.713048,2803.392500,87.695114,92.870618
113,-1,49.680099,70.831783,934453.249879,549271.358062,2803.306800,87.695304,92.842624
114,-1,49.320074,70.882612,934453.668842,549271.000123,2803.219600,87.695219,92.813948
115,-1,48.959998,70.934275,934454.088788,549270.643169,2803.132700,87.699984,92.790029
116,-1,48.599905,70.986902,934454.500205,549270.276371,2803.040900,87.695189,92.755549
117,-1,48.240008,71.040417,934454.915558,549269.914495,2802.951000,87.700151,92.730993
118,-1,47.880003,71.094760,934455.322054,549269.542449,2802.856300,87.695088,92.695478
119,-1,47.519996,71.102210,935107.187876,549980.611893,3133.074700,1052.342776,1112.298023
120,-1,47.159992,70.995113,935112.050399,549976.131259,3135.273700,1052.342844,1113.012246
121,-1,46.800010,70.941319,935116.884379,549971.620441,3136.379300,1052.342915,1113.372841
122,-1,46.439999,70.908019,935121.690143,549967.078784,3137.064000,1052.342733,1113.596438
123,-1,46.079998,70.875517,935126.507063,549962.548609,3137.752500,1052.400108,1113.876034
124,-1,45.720004,70.843212,935131.255413,549957.946912,3138.417300,1052.399945,1114.093860
125,-1,45.360008,70.811115,935135.934866,549953.275005,3139.058300,1052.342960,1114.250553
126,-1,44.999999,70.780104,935140.665499,549948.654608,3139.716900,1052.400136,1114.521186
127,-1,44.639991,70.749000,935145.285897,549943.923974,3140.337799,1052.342960,1114.671758
128,-1,44.279995,70.718989,935149.957803,549939.244522,3140.976299,1052.399945,1114.936228
129,-1,43.920001,70.689185,935154.559500,549934.496172,3141.590900,1052.400108,1115.139474
130,-1,43.560002,70.645679,935095.578975,549869.283375,3111.682800,964.699874,1022.483291
131,-1,43.200006,70.584874,935099.703967,549864.842111,3112.814900,964.647566,1022.809704
132,-1,42.840002,70.525183,935103.839129,549860.410690,3113.945100,964.647494,1023.185881
133,-1,42.480010,70.467139,935107.946405,549855.953678,3115.045000,964.647655,1023.553257
134,-1,42.120002,70.410740,935112.025793,549851.470747,3116.114500,964.647828,1023.911501
135,-1,41.759999,70.398009,935116.115680,549846.997003,3116.374600,964.700035,1024.047916
136,-1,41.399986,70.407626,935120.099267,549842.428114,3116.173500,964.647666,1023.931130
137,-1,41.040002,70.373127,935653.247151,550298.504958,3367.013900,1666.209712,1768.987876
138,-1,40.679999,70.333971,935660.096219,550290.586995,3368.297700,1666.209699,1769.419497
139,-1,40.320000,70.295462,935666.895090,550282.626053,3369.560800,1666.209383,1769.844679
140,-1,39.959995,70.257729,935673.713646,550274.680859,3370.831700,1666.300047,1770.358927
141,-1,39.599994,70.220421,935680.342898,550266.577200,3372.024200,1666.209616,1770.677001
142,-1,39.239999,70.183994,935687.060732,550258.547033,3373.253400,1666.300066,1771.178437
143,-1,38.879998,70.147998,935693.587622,550250.360697,3374.403800,1666.209621,1771.483683
144,-1,38.519997,70.124454,935700.204078,550242.246540,3375.210500,1666.299988,1771.842779
145,-1,38.160000,70.071279,936120.349892,550559.078912,3567.696600,2192.380817,2332.028800
146,-1,37.799995,69.995922,936059.624619,550494.541967,3539.076800,2104.800014,2239.939419
147,-1,37.440002,69.887076,936485.494831,550803.959984,3736.304800,2630.999914,2801.866967
148,-1,37.080000,69.722640,936495.389496,550790.716900,3744.824600,2630.857242,2804.674262
149,-1,36.720002,69.555391,936505.428846,550777.583396,3753.615100,2630.999935,2807.866555
150,-1,36.360000,69.423115,936515.156189,550764.216953,3760.485600,2630.857120,2810.140101
151,-1,36.000001,69.340347,936524.914371,550750.874460,3764.824100,2630.857204,2811.667940
152,-1,35.640002,69.264082,936534.588564,550737.470944,3768.825900,2630.857331,2813.082450
153,-1,35.279997,69.187436,936544.294910,550724.089081,3772.906000,2631.000072,2814.663068
154,-1,34.920000,69.109567,936553.683014,550710.482480,3776.945900,2630.857080,2815.967432
155,-1,34.559995,69.022041,936490.996788,550647.230310,3747.981600,2543.300006,2723.841037
156,-1,34.199998,68.905642,936500.020392,550634.042017,3753.912700,2543.300131,2725.970165
157,-1,33.839998,68.790248,936508.846162,550620.720193,3759.748100,2543.161978,2727.946992
158,-1,33.479997,68.681243,936517.817929,550607.496138,3765.373100,2543.299941,2730.115581
159,-1,33.120003,68.613614,936526.591205,550594.140193,3768.833900,2543.299991,2731.375726
160,-1,32.760001,68.545813,936535.164351,550580.654328,3772.252400,2543.161840,2732.495575
161,-1,32.400001,68.478321,936543.768992,550567.189788,3775.712499,2543.162117,2733.763287
162,-1,32.039996,68.410916,936552.288660,550553.671114,3779.171200,2543.162044,2735.033946
163,-1,31.680002,68.343610,936560.723027,550540.099619,3782.628100,2543.162040,2736.307787
164,-1,31.320002,68.276618,936569.189873,550526.546825,3786.126999,2543.299897,2737.729018
165,-1,30.960000,68.209530,936577.453636,550512.869359,3789.579300,2543.299862,2739.008648
166,-1,30.599999,68.145972,936510.144388,550454.497428,3757.679500,2455.600030,2645.735176
167,-1,30.239999,68.065444,936517.841551,550441.125408,3761.634600,2455.466858,2647.086448
168,-1,29.880001,68.023644,936525.569554,550427.772416,3763.717099,2455.466853,2647.865060
169,-1,29.519997,67.992551,936533.213567,550414.370868,3765.266900,2455.466771,2648.445346
170,-1,29.159997,67.966620,936540.773263,550400.921748,3766.560000,2455.466816,2648.930219
171,-1,28.800002,67.942555,936548.364784,550387.489688,3767.814400,2455.599904,2649.524404
172,-1,28.439995,67.920271,936555.755517,550373.945752,3768.926500,2455.600084,2649.942406
173,-1,28.079998,67.899785,936563.060620,550360.355884,3769.949100,2455.600038,2650.326924
174,-1,27.720000,67.881026,936570.162312,550346.658405,3770.831600,2455.466810,2650.535648
175,-1,27.359997,67.866589,936577.295828,550332.978314,3771.552600,2455.466782,2650.807185
176,-1,27.000001,67.860810,936584.343058,550319.253932,3771.841200,2455.466703,2650.915859
177,-1,26.639996,67.839592,936513.033489,550266.221886,3737.236500,2367.900108,2556.764575
178,-1,26.280004,67.810381,936519.662413,550252.902687,3738.644200,2367.899949,2557.295745
179,-1,25.920000,67.811499,936526.208004,550239.541821,3738.590400,2367.900101,2557.275568
180,-1,25.559998,67.815571,936532.553135,550226.084499,3738.341600,2367.771276,2557.062329
181,-1,25.199998,67.819990,936538.929763,550212.643253,3738.128600,2367.771280,2556.981914
182,-1,24.840000,67.766750,937500.375347,550641.314640,4170.937200,3420.300166,3695.020658
183,-1,24.479996,67.714180,937509.172901,550621.707067,4174.524999,3420.114460,3696.207859
184,-1,24.119999,67.663111,937518.015731,550602.121805,4178.086700,3420.114228,3697.559807
185,-1,23.760002,67.557715,937928.047064,550759.146425,4366.551300,3858.590506,4174.768480
186,-1,23.399998,67.460723,937937.745535,550736.926325,4374.202900,3858.590491,4177.695470
187,-1,23.039998,67.371300,937866.792593,550680.404457,4344.796700,3771.099998,4085.620855
188,-1,22.679998,67.296652,937956.915772,550692.386716,4387.258500,3858.799929,4182.910490
189,-1,22.319998,67.262802,937966.194297,550669.986827,4389.937999,3858.800102,4183.945560
190,-1,21.960001,67.219804,937893.994638,550614.733000,4356.513500,3771.100033,4090.143314
191,-1,21.599999,67.188955,937902.786287,550592.729763,4358.902500,3771.099931,4091.068826
192,-1,21.239999,67.185437,937992.986894,550602.367539,4395.978800,3858.590402,4186.090771
193,-1,20.879998,67.200242,938001.894685,550579.817387,4394.893500,3858.799902,4185.863195
194,-1,20.520001,67.221570,938010.268684,550557.063824,4393.115600,3858.590496,4184.981484
195,-1,20.159999,67.246714,938018.695832,550534.331258,4391.124100,3858.590561,4184.210901
196,-1,19.799998,67.272943,938026.979937,550511.546199,4389.047400,3858.590587,4183.408170
197,-1,19.440001,67.345536,938035.318174,550488.779512,4383.391399,3858.800103,4181.419627
198,-1,19.079999,67.417230,938043.315534,550465.890778,4377.724600,3858.799889,4179.240004
199,-1,18.719999,67.488126,938050.970702,550442.885247,4372.039999,3858.590439,4176.866824
200,-1,18.360000,67.559995,938058.679676,550419.899400,4366.371600,3858.590600,4174.699969
201,-1,17.999999,67.629161,938149.647014,550423.964681,4397.015000,3946.285754,4267.455003
202,-1,17.640000,67.706395,938157.234925,550400.359085,4390.797700,3946.285653,4265.092482
203,-1,17.279997,67.753588,937076.092731,550038.067487,3920.683699,2806.247737,3031.931970
204,-1,16.920003,67.733405,936997.377993,549995.692571,3885.931000,2718.552374,2937.607414
205,-1,16.560002,67.724227,937002.439335,549979.377315,3886.500000,2718.699955,2937.959632
206,-1,16.200000,67.729875,937091.474590,549987.456039,3922.102100,2806.400175,3032.610313
207,-1,15.839997,67.749871,937011.970812,549946.569638,3885.079199,2718.699922,2937.421320
208,-1,15.480001,67.764451,937016.439635,549930.082466,3884.211400,2718.552510,2936.956386
209,-1,15.120002,67.779753,937020.946844,549913.606778,3883.364100,2718.552480,2936.635832
210,-1,14.760002,67.796137,937025.493094,549897.140603,3882.517300,2718.699950,2936.452238
211,-1,14.399998,67.819116,937029.650238,549880.571739,3881.185300,2718.552315,2935.812420
212,-1,14.039998,67.841181,937033.989468,549864.049790,3880.024699,2718.700044,2935.511270
213,-1,13.680003,67.863645,937037.937951,549847.430401,3878.722100,2718.552382,2934.883432
214,-1,13.320002,67.885571,937041.925476,549830.821182,3877.509800,2718.552385,2934.426840
215,-1,12.959997,67.921493,937045.808671,549814.187029,3875.524500,2718.552446,2933.680092
216,-1,12.600001,67.969637,937049.587206,549797.529254,3872.865300,2718.552540,2932.681683
217,-1,12.240002,68.020055,937053.260755,549780.847857,3870.082299,2718.552345,2931.638740
218,-1,11.880000,68.070782,937056.974003,549764.174006,3867.343700,2718.699873,2930.751685
219,-1,11.520001,68.121132,937060.293550,549747.417477,3864.509100,2718.552437,2929.557436
220,-1,11.160002,68.171833,937063.652139,549730.669808,3861.716500,2718.552352,2928.517853
221,-1,10.799996,68.222673,937066.905741,549713.901140,3858.918300,2718.552527,2927.478729
222,-1,10.439998,68.273864,937070.198714,549697.139363,3856.161500,2718.699993,2926.594065
223,-1,10.080001,68.324854,937073.096018,549680.304751,3853.300200,2718.552465,2925.399007
224,-1,9.720003,68.376411,937076.178032,549663.502947,3850.527000,2718.699868,2924.512908
225,-1,9.359998,68.420636,937944.140207,549789.257945,4194.885800,3595.504717,3866.512371
226,-1,8.999998,68.463784,937947.744531,549766.956152,4191.755600,3595.504924,3865.362405
227,-1,8.640000,68.501626,938037.908392,549757.806236,4223.552900,3683.200060,3958.608479
228,-1,8.279999,68.538405,938041.313241,549734.915862,4220.822600,3683.200253,3957.608888
229,-1,7.919999,68.577638,938044.771896,549712.032050,4217.989900,3683.400047,3956.759335
230,-1,7.559997,68.620241,938047.888687,549689.099353,4214.830300,3683.399914,3955.606291
231,-1,7.199999,68.663018,938050.663288,549666.122693,4211.581700,3683.200191,3954.237144
232,-1,6.839998,68.705888,938053.491695,549643.153906,4208.406300,3683.200246,3953.082925
233,-1,6.480001,68.745797,938143.310413,549630.065022,4239.562000,3770.895274,4046.106231
234,-1,6.120000,68.790177,938145.910473,549606.514872,4236.200300,3770.895372,4044.888899
235,-1,5.759998,68.834937,938148.565979,549582.969316,4232.891000,3771.099964,4043.883613
236,-1,5.400002,68.861709,937888.747930,549534.609504,4129.067599,3507.809498,3760.867982
237,-1,5.040002,68.874090,937890.753175,549512.660729,4128.196400,3507.809522,3760.553919
238,-1,4.680000,68.886992,937892.810257,549490.715235,4127.362200,3507.999958,3760.430990
239,-1,4.319999,68.901288,937894.349952,549468.727418,4126.283100,3507.809761,3759.864977
240,-1,3.960001,68.915275,937896.130789,549446.757974,4125.372700,3507.999895,3759.714754
241,-1,3.599998,68.930402,937897.393910,549424.752440,4124.235600,3507.809539,3759.128204
242,-1,3.239998,68.946212,937898.708868,549402.751500,4123.124200,3507.809693,3758.728941
243,-1,2.880002,68.962701,937900.075335,549380.752528,4122.038400,3507.999871,3758.516511
244,-1,2.519997,68.994068,937900.923430,549358.726982,4119.761199,3507.809478,3757.521913
245,-1,2.160000,69.034976,937901.823363,549336.705372,4116.888200,3507.809533,3756.493053
246,-1,1.800002,69.076502,937902.775132,549314.684419,4114.046200,3507.999896,3755.654939
247,-1,1.439999,69.119304,937903.398491,549292.651655,4111.043500,3508.000126,3754.583874
248,-1,1.079998,69.164822,937903.692782,549270.612001,4107.779500,3507.809707,3753.243779
249,-1,0.719998,69.211590,937904.229198,549248.576940,4104.574800,3507.999947,3752.282978
250,-1,0.359998,69.260048,937904.246586,549226.535317,4101.109300,3507.809600,3750.876397
251,-1,0.000000,69.309203,937904.315812,549204.495335,4097.669500,3507.809585,3749.659637
252,-1,359.640001,69.367989,937904.246586,549182.455353,4093.558699,3507.809600,3748.209177
253,-1,359.280000,69.411466,937553.456933,549164.821858,3958.815000,3157.199986,3372.608741
254,-1,358.919998,69.431742,937552.973995,549144.990205,3957.475900,3157.028608,3371.977620
255,-1,358.560000,69.452897,937552.709232,549125.154614,3956.210600,3157.200082,3371.693864
256,-1,358.199999,69.475227,937552.148209,549105.325258,3954.807400,3157.199871,3371.201431
257,-1,357.840000,69.500612,937551.291583,549085.506400,3953.148700,3157.028510,3370.459719
258,-1,357.480002,69.526767,937550.481874,549065.686886,3951.506500,3157.028693,3369.885147
259,-1,357.120002,69.553687,937549.718424,549045.864091,3949.880500,3157.199872,3369.477160
260,-1,356.759997,69.581185,937548.488439,549026.064589,3948.091200,3157.028571,3368.691984
261,-1,356.399998,69.608785,937547.305371,549006.263776,3946.360100,3157.028824,3368.088666
262,-1,356.040000,69.636844,937546.168562,548986.459026,3944.664300,3157.200130,3367.658776
263,-1,355.679999,69.665335,937544.565547,548966.686427,3942.814900,3157.028755,3366.854993
264,-1,355.319999,69.694555,937543.180051,548946.897425,3941.047500,3157.200158,3366.401975
265,-1,354.959998,69.719935,937541.328677,548927.146480,3939.394400,3157.028766,3365.667897
266,-1,354.599998,69.736989,937539.523890,548907.392583,3938.326500,3157.028679,3365.297820
267,-1,354.240000,69.753861,936141.650374,549028.460910,3419.773100,1754.000061,1869.508267
268,-1,353.879998,69.748698,936140.415140,549017.509488,3419.917500,1753.904788,1869.468859
269,-1,353.520003,69.745914,936139.205825,549006.556098,3420.014300,1753.904738,1869.502321
270,-1,353.160000,69.743760,936137.927940,548995.610254,3420.089300,1753.904946,1869.528481
271,-1,352.799994,69.742222,936136.580830,548984.672612,3420.142700,1753.904688,1869.546728
272,-1,352.439997,69.741317,936135.259967,548973.731361,3420.209400,1754.000165,1869.659394
273,-1,352.079998,69.740998,936133.775718,548962.811107,3420.220500,1754.000157,1869.663229
274,-1,351.719999,69.741244,936132.128411,548951.914147,3420.176700,1753.904679,1869.558492
275,-1,351.359998,69.742103,936130.507352,548941.013907,3420.146900,1753.904890,1869.548371
276,-1,350.999998,69.745243,936128.817394,548930.124165,3420.037600,1753.904650,1869.510304
277,-1,350.640001,69.752785,936127.059524,548919.245249,3419.775400,1753.904879,1869.419763
278,-1,350.279998,69.760794,936125.326916,548908.361413,3419.532000,1754.000078,1869.424864
279,-1,349.919999,69.769073,936123.338403,548897.521539,3419.209000,1753.904865,1869.223810
280,-1,349.559996,69.777858,936121.468984,548886.660341,3418.938599,1753.999885,1869.219485
281,-1,349.200001,69.786862,936119.344644,548875.846386,3418.590600,1753.904885,1869.010073
282,-1,348.839994,69.796274,936117.245567,548865.027838,3418.263400,1753.904803,1868.896970
283,-1,348.480000,69.806012,936115.078577,548854.223070,3417.924900,1753.904667,1868.779965
284,-1,348.120002,69.817079,936112.937177,548843.412396,3417.575400,1754.000027,1868.748851
285,-1,347.760005,69.831812,936110.541512,548832.655199,3417.028500,1753.904800,1868.470842
286,-1,347.399997,69.847309,936108.171438,548821.892754,3416.490200,1753.904938,1868.285447
287,-1,347.039997,69.863459,936105.733451,548811.145728,3415.929200,1753.904677,1868.091999
288,-1,346.679998,69.880273,936103.228535,548800.414122,3415.345500,1753.904975,1867.891415
289,-1,346.319998,69.897735,936100.655705,548789.698592,3414.739200,1753.904724,1867.682709
290,-1,345.959995,69.915964,936098.108138,548778.976173,3414.141300,1753.999892,1867.566678
291,-1,345.600004,69.934634,936095.308931,548768.317073,3413.458700,1753.904816,1867.243079
292,-1,345.239999,69.954173,936092.626850,548757.627462,3412.815600,1754.000018,1867.111969
293,-1,344.879999,69.974151,936089.693785,548747.004124,3412.088000,1753.904876,1866.773303
294,-1,344.519998,69.994894,936086.785982,548736.374552,3411.368800,1753.904991,1866.527248
295,-1,344.160004,70.016393,936083.902786,548725.737762,3410.658100,1753.999989,1866.373512
296,-1,343.800000,70.038445,936080.861453,548715.144936,3409.893900,1754.000098,1866.112586
297,-1,343.439998,70.063744,936077.753520,548704.571466,3409.017400,1754.000096,1865.813538
298,-1,343.079999,70.112004,936074.488107,548694.045568,3407.311700,1753.904830,1865.143043
299,-1,342.720002,70.160596,936071.247628,548683.512781,3405.630000,1753.904667,1864.571475
300,-1,342.359999,70.210115,936067.941204,548673.000335,3403.917400,1753.904734,1863.991004
301,-1,341.999998,70.259754,936064.568835,548662.508886,3402.201700,1753.904837,1863.410912
302,-1,341.639998,70.301132,936144.361655,548624.416115,3432.169800,1841.599983,1956.074955
303,-1,341.280003,70.331503,936140.682528,548613.445664,3431.068700,1841.600033,1955.704122
304,-1,340.920002,70.362067,936137.028992,548602.465699,3429.996700,1841.700078,1955.437797
305,-1,340.559996,70.392491,936133.211742,548591.541508,3428.894400,1841.699878,1955.067428
306,-1,340.200005,70.423610,936129.232420,548580.675716,3427.731900,1841.600113,1954.583630
307,-1,339.840006,70.459054,936125.278687,548569.801066,3426.448900,1841.600129,1954.154133
308,-1,339.479999,70.494770,936121.256386,548558.951350,3425.156500,1841.599888,1953.722003
309,-1,339.119998,70.530962,936117.260003,548548.091464,3423.883000,1841.700192,1953.391728
310,-1,338.759999,70.567010,936113.008371,548537.329018,3422.544400,1841.599985,1952.851485
311,-1,338.399998,70.603720,936108.875505,548526.520313,3421.253100,1841.699942,1952.516527
312,-1,338.039997,70.640475,936104.581878,548515.774600,3419.925500,1841.699944,1952.076035
313,-1,337.680001,70.677257,936100.128475,548505.094175,3418.562500,1841.600051,1951.530365
314,-1,337.319996,70.715042,936095.792526,548494.365194,3417.234000,1841.699960,1951.185485
315,-1,336.959999,70.758988,936091.205265,548483.741527,3415.614000,1841.600087,1950.556758
316,-1,336.599998,70.803380,936086.643266,548473.107690,3414.013800,1841.600146,1950.030065
317,-1,336.239996,70.846420,935600.440498,548674.500660,3229.708600,1315.428480,1392.514597
318,-1,335.879995,70.865330,935597.086830,548666.946541,3229.222200,1315.428634,1392.355230
319,-1,335.519995,70.879326,935593.685591,548659.413748,3228.862200,1315.428586,1392.237222
320,-1,335.159996,70.894048,935590.302067,548651.872424,3228.508400,1315.500129,1392.188973
321,-1,334.800003,70.909253,935586.741707,548644.413122,3228.092699,1315.428669,1391.985433
322,-1,334.439996,70.925179,935583.199063,548636.945617,3227.683300,1315.428664,1391.851582
323,-1,334.080000,70.941834,935579.673808,548629.469582,3227.279899,1315.499958,1391.787188
324,-1,333.720008,70.959051,935576.037660,548622.047025,3226.837499,1315.500071,1391.642901
325,-1,333.359995,70.976908,935572.354596,548614.647105,3226.378700,1315.500027,1391.493248
326,-1,333.000000,70.995329,935568.561625,548607.303288,3225.880900,1315.428522,1391.263462
327,-1,332.640004,71.014478,935564.786370,548599.950940,3225.389200,1315.428606,1391.103499
328,-1,332.279997,71.034267,935560.964855,548592.622215,3224.881200,1315.428680,1390.938385
329,-1,331.919995,71.054694,935557.097409,548585.317768,3224.356900,1315.428733,1390.768125
330,-1,331.560003,71.073855,935553.246695,548578.004134,3223.889600,1315.499804,1390.683707
331,-1,331.199995,71.118900,935549.287713,548570.748243,3222.734200,1315.500107,1390.309671
332,-1,330.840008,71.179589,935545.220792,548563.552719,3221.154000,1315.428671,1389.731497
333,-1,330.480001,71.240860,935541.170932,548556.347681,3219.584500,1315.428701,1389.225994
334,-1,330.120000,71.271313,935613.113701,548505.480001,3248.536900,1403.123724,1481.573582
335,-1,329.760003,71.293316,935608.697700,548497.849767,3247.936200,1403.123703,1481.380795
336,-1,329.399997,71.315021,935604.299414,548490.208378,3247.369600,1403.200000,1481.271446
337,-1,329.040000,71.336704,935599.722324,548482.672960,3246.752200,1403.123842,1481.001615
338,-1,328.679999,71.359239,935595.228238,548475.087673,3246.163100,1403.199914,1480.885285
339,-1,328.320003,71.382119,935590.556988,548467.610326,3245.513500,1403.123921,1480.605762
340,-1,327.960003,71.405721,935585.903454,548460.122480,3244.870000,1403.123911,1480.400439
341,-1,327.599997,71.429921,935581.203004,548452.663833,3244.210400,1403.124036,1480.190365
342,-1,327.239994,71.454714,935576.455638,548445.235042,3243.534799,1403.123945,1479.975263
343,-1,326.880001,71.480230,935571.725661,548437.794769,3242.865200,1403.200084,1479.834626
344,-1,326.520003,71.506082,935566.821471,548430.468012,3242.135599,1403.123682,1479.530588
345,-1,326.159993,71.532662,935561.934998,548423.129772,3241.412000,1403.123788,1479.301318
346,-1,325.799995,71.559833,935557.002593,548415.822700,3240.672500,1403.123780,1479.067230
347,-1,325.439999,71.587730,935552.087249,548408.503489,3239.938899,1403.200099,1478.907757
348,-1,325.079997,71.669578,935547.000645,548401.302059,3237.688100,1403.123958,1478.126103
349,-1,324.719997,71.754295,935541.931429,548394.089147,3235.386900,1403.124044,1477.404079
350,-1,324.360004,71.825604,935608.086152,548335.809408,3262.240800,1490.818954,1569.098891
351,-1,324.000002,71.858820,935602.604208,548328.213951,3261.283600,1490.819038,1568.800673
352,-1,323.639998,71.893022,935597.074691,548320.652943,3260.298400,1490.819242,1568.494395
353,-1,323.280003,71.928064,935591.562563,548313.078811,3259.315700,1490.900086,1568.266114
354,-1,322.920000,71.963132,935585.873270,548305.636568,3258.279800,1490.818918,1567.867896
355,-1,322.560000,71.998530,935580.202350,548298.181203,3257.261400,1490.819177,1567.553115
356,-1,322.199999,72.034254,935574.548490,548290.712058,3256.260200,1490.900215,1567.321079
357,-1,321.840000,72.069969,935568.720089,548283.378411,3255.207100,1490.819146,1566.919440
358,-1,321.480003,72.106120,935562.972725,548275.981116,3254.194300,1490.899979,1566.684863
359,-1,321.119999,72.142255,935557.052790,548268.720960,3253.130200,1490.819240,1566.281391
360,-1,320.760002,72.185014,935551.212906,548261.396499,3251.928400,1490.900040,1565.990197
361,-1,320.400000,72.276513,935545.202092,548254.211474,3249.277100,1490.819105,1565.103989
362,-1,320.039996,72.368243,935539.208665,548247.012670,3246.647900,1490.819210,1564.305703
363,-1,319.679996,72.460661,935533.169964,548239.851923,3244.001600,1490.819024,1563.506000
364,-1,319.320001,72.553767,935527.086642,548232.729234,3241.338399,1490.819047,1562.705502
365,-1,318.960002,72.609272,935587.102927,548168.065321,3267.218500,1578.514388,1654.126652
366,-1,318.599995,72.662431,935580.567178,548160.605034,3265.610700,1578.514269,1653.646700
367,-1,318.239997,72.716326,935574.048819,548153.128999,3264.008300,1578.599926,1653.251680
368,-1,317.879998,72.770310,935567.356247,548145.808476,3262.350900,1578.514376,1652.678308
369,-1,317.520004,72.823104,935560.681391,548138.472861,3260.757000,1578.514406,1652.206920
370,-1,317.160000,72.875475,935553.960276,548131.179240,3259.176700,1578.514275,1651.740787
371,-1,316.799998,72.969224,935547.193558,548123.927942,3256.350100,1578.514245,1650.910678
372,-1,316.439999,73.082104,935540.381563,548116.719295,3252.950500,1578.514332,1649.918270
373,-1,316.079998,73.196003,935533.524294,548109.553627,3249.524300,1578.514310,1648.924479
374,-1,315.719999,73.286828,935212.745408,548408.516940,3115.154700,1140.099998,1190.386186
375,-1,315.360006,73.325528,935207.684066,548403.447724,3114.296800,1140.038052,1190.080413
376,-1,314.999999,73.364996,935202.678827,548398.322735,3113.459800,1140.100224,1189.900090
377,-1,314.639993,73.421335,935197.553837,548393.317495,3112.220500,1140.038052,1189.486316
378,-1,314.280000,73.485609,935192.484621,548388.256154,3110.847100,1140.099998,1189.154560
379,-1,313.919993,73.550655,935187.297296,548383.315547,3109.421200,1140.038051,1188.690614
380,-1,313.559994,73.616015,935182.122109,548378.363129,3108.007800,1140.038041,1188.291149
381,-1,313.199998,73.681839,935176.916083,548373.443191,3106.585400,1140.038249,1187.890910
382,-1,312.840003,73.747072,935231.307706,548304.253369,3130.742300,1227.733321,1278.841514
383,-1,312.479999,73.782828,935225.679765,548298.976805,3129.930500,1227.799888,1278.678465
384,-1,312.120006,73.818590,935219.974068,548293.784886,3129.099500,1227.799986,1278.446728
385,-1,311.760004,73.854351,935214.191271,548288.678597,3128.249500,1227.733329,1278.146083
386,-1,311.399999,73.890448,935208.420941,548283.558857,3127.411400,1227.733481,1277.913423
387,-1,311.040003,73.926704,935202.618459,548278.475862,3126.569800,1227.733276,1277.679959
388,-1,310.679992,73.984084,935196.784153,548273.428956,3125.238600,1227.733425,1277.312178
389,-1,310.319994,74.048096,935190.918351,548268.419123,3123.754400,1227.733398,1276.903452
390,-1,309.960007,74.111139,935185.021382,548263.446364,3122.293600,1227.733405,1276.502759
391,-1,309.599993,74.173153,935179.135239,548258.459169,3120.876399,1227.799901,1276.179472
392,-1,309.239995,74.234326,935173.133610,548253.612066,3119.441800,1227.733311,1275.724873
393,-1,308.879997,74.294471,935167.143793,548248.751183,3118.050700,1227.733334,1275.347632
394,-1,308.520001,74.353587,935161.165130,548243.875865,3116.702900,1227.800067,1275.047711
395,-1,308.159999,74.411882,935155.072951,548239.142935,3115.337400,1227.733167,1274.615675
396,-1,307.799994,74.469154,935148.992582,548234.395569,3114.015100,1227.733387,1274.261195
397,-1,307.439995,74.534026,935142.923041,548229.633768,3112.536600,1227.800120,1273.930428
398,-1,307.079995,74.608439,935136.742935,548225.016323,3110.802200,1227.733488,1273.404778
399,-1,306.719993,74.682869,935130.573984,548220.384770,3109.087000,1227.733308,1272.950440
400,-1,306.360005,74.757201,935124.376490,548215.791932,3107.375400,1227.733497,1272.499554
401,-1,305.999998,74.831425,935118.149796,548211.238135,3105.667400,1227.733402,1272.051480
402,-1,305.640007,74.921982,935111.894887,548206.723708,3103.585200,1227.733340,1271.508180
403,-1,305.280003,75.032992,935561.528175,547557.857552,3312.058200,2017.099929,2087.933705
404,-1,304.920001,75.068382,935551.096437,547550.659732,3310.694300,2016.990519,2087.476160
405,-1,304.560003,75.189288,935540.682416,547543.437962,3306.137900,2016.990518,2086.306774
406,-1,304.199995,75.302590,935579.515015,547463.750457,3324.874900,2104.685849,2175.882411
407,-1,303.839998,75.315005,935568.554407,547456.351850,3324.387500,2104.685863,2175.758815
408,-1,303.480000,75.328033,935557.610531,547448.926996,3323.906000,2104.800085,2175.747300
409,-1,303.120002,75.386685,935546.494740,547441.761984,3321.574500,2104.685831,2175.047378
410,-1,302.760000,75.494315,935535.396337,547434.571381,3317.354100,2104.685602,2173.986209
411,-1,302.400000,75.537748,935571.242722,547353.406846,3338.270099,2192.380995,2264.125726
412,-1,302.039995,75.560825,935559.651866,547345.961322,3337.359100,2192.500046,2264.013673
413,-1,301.679997,75.609189,935547.889094,547338.791061,3335.355600,2192.381113,2263.399726
414,-1,301.320001,75.704750,935536.144039,547331.593569,3331.460000,2192.381209,2262.434775
415,-1,300.959995,75.771152,935569.531111,547249.162960,3351.023600,2280.200008,2352.366569
416,-1,300.599999,75.800360,935557.159417,547241.937908,3349.755300,2280.076200,2351.935122
417,-1,300.239996,75.863874,935544.867775,547234.577031,3347.097899,2280.200072,2351.404791
418,-1,299.880000,75.953259,935532.406186,547227.508147,3343.285500,2280.076107,2350.356351
419,-1,299.519997,76.042676,935519.961985,547220.410064,3339.505900,2280.076139,2349.441883
420,-1,299.159998,76.121765,935550.203066,547136.809510,3357.832299,2367.771329,2438.970565
421,-1,298.800004,76.216814,935537.188984,547129.601519,3353.666300,2367.771421,2437.974755
422,-1,298.440003,76.311306,935524.129627,547122.475221,3349.528100,2367.771587,2436.992310
423,-1,298.079998,76.401605,935469.805261,547192.694897,3324.393400,2280.199952,2345.962951
424,-1,297.719999,76.482663,935457.086126,547186.100422,3320.950200,2280.076259,2345.035525
425,-1,297.359999,76.555282,935444.383396,547179.476419,3317.894300,2280.076352,2344.323213
426,-1,297.000001,76.633507,935431.695429,547172.822233,3314.633900,2280.200052,2343.687642
427,-1,296.640000,76.710194,935418.854247,547166.468571,3311.381500,2280.076438,2342.817588
428,-1,296.280001,76.785418,935406.028814,547160.085382,3308.221900,2280.076294,2342.093149
429,-1,295.919997,76.859160,935393.163354,547153.782901,3305.126399,2280.076076,2341.387249
430,-1,295.560001,76.931438,935380.312330,547147.449580,3302.123000,2280.199922,2340.826904
431,-1,295.200004,77.008385,935367.315636,547141.420721,3298.868200,2280.076264,2339.972595
432,-1,294.840000,77.086858,935354.333707,547135.361678,3295.580200,2280.076220,2339.235576
433,-1,294.480003,77.164384,935341.365557,547129.271795,3292.362100,2280.199968,2338.639174
434,-1,294.120001,77.241135,935328.307840,547123.376138,3289.149999,2280.199851,2337.927574
435,-1,293.759997,77.317163,935315.163510,547117.675690,3285.942300,2280.076190,2337.100610
436,-1,293.399997,77.392294,935302.033615,547111.944730,3282.802000,2280.076289,2336.413249
437,-1,293.040000,77.466509,935288.916515,547106.182602,3279.729300,2280.200089,2335.865331
438,-1,292.680001,77.546645,935275.667198,547100.731170,3276.356199,2280.076243,2335.014724
439,-1,292.320004,77.626872,935262.431660,547095.248897,3273.008900,2280.076181,2334.295123
440,-1,291.959998,77.709843,935249.161673,547089.849630,3269.549300,2280.076263,2333.556338
441,-1,291.599998,77.797727,935235.858222,547084.534024,3265.887200,2280.076256,2332.779551
442,-1,291.239998,77.885703,935222.521635,547079.302079,3262.223700,2280.076277,2332.007990
443,-1,290.880002,77.973778,935209.152567,547074.154123,3258.558500,2280.076260,2331.241540
444,-1,290.520003,78.058698,935195.751347,547069.090157,3255.026900,2280.076322,2330.508318
445,-1,290.159997,78.139655,935182.318303,547064.110508,3251.662100,2280.076276,2329.814390
446,-1,289.799998,78.221930,935168.854419,547059.215505,3248.244600,2280.076156,2329.114286
447,-1,289.439997,78.305507,935155.360024,547054.405147,3244.775100,2280.076073,2328.408483
448,-1,289.080002,78.388299,935113.169491,547132.556894,3223.320400,2192.381157,2238.187527
449,-1,288.719997,78.476483,935128.281994,547045.039024,3237.683999,2280.076168,2326.981618
450,-1,288.360005,78.563839,935114.699672,547040.483915,3234.064300,2280.076150,2326.261197
451,-1,287.999999,78.679842,935101.088479,547036.014108,3229.261000,2280.076091,2325.313526
452,-1,287.640000,78.798994,935087.449726,547031.629930,3224.331400,2280.076092,2324.350916
453,-1,287.280001,78.918327,935073.783743,547027.331382,3219.398400,2280.076251,2323.397868
454,-1,286.920000,79.037801,935060.126946,547023.000354,3214.487599,2280.200169,2322.580630
455,-1,286.560003,79.138314,934871.408164,547607.397151,3092.528600,1666.209608,1696.604369
456,-1,286.199999,79.229153,934861.363892,547604.444729,3089.790500,1666.209647,1696.090575
457,-1,285.839996,79.320571,934851.301249,547601.555627,3087.036600,1666.209536,1695.577971
458,-1,285.480001,79.411808,934841.220888,547598.729846,3084.289800,1666.209451,1695.071017
459,-1,285.119997,79.503295,934831.122811,547595.967056,3081.537200,1666.209710,1694.567645
460,-1,284.759997,79.595293,934821.030640,547593.180644,3078.787400,1666.300096,1694.157746
461,-1,284.400003,79.687198,934810.875804,547590.632749,3076.008800,1666.209648,1693.569149
462,-1,284.040005,79.779610,934800.727531,547588.061232,3073.233200,1666.209492,1693.074304
463,-1,283.679997,79.866291,934852.782545,547329.930843,3117.653600,1929.295237,1959.869519
464,-1,283.320002,79.946692,934840.995495,547327.101124,3114.860500,1929.295139,1959.379916
465,-1,282.960002,80.026493,934848.858340,547238.883781,3127.510899,2016.990633,2047.939209
466,-1,282.599999,80.110393,934836.499113,547236.080309,3124.466799,2016.990693,2047.414247
467,-1,282.239999,80.194442,934824.122497,547233.354920,3121.418800,2016.990384,2046.892649
468,-1,281.880001,80.278685,934811.751787,547230.599676,3118.384200,2017.100132,2046.486199
469,-1,281.520001,80.363022,934799.319397,547228.137083,3115.310100,2016.990429,2045.861207
470,-1,281.160001,80.447588,934786.914894,547225.537679,3112.266500,2017.099980,2045.461926
471,-1,280.800002,80.532282,934774.452649,547223.231253,3109.182900,2016.990545,2044.844520
472,-1,280.440002,80.617942,934761.996637,547220.895628,3106.084300,2016.990589,2044.337154
473,-1,280.080003,80.719196,934749.526190,547218.638414,3102.423599,2016.990531,2043.743531
474,-1,279.719995,80.821070,934737.060007,547216.351673,3098.760299,2017.099922,2043.263928
475,-1,279.360003,80.923554,934724.543956,547214.359223,3095.041700,2016.990454,2042.565945
476,-1,279.000002,81.026633,934712.033154,547212.337246,3091.321500,2016.990603,2041.982527
477,-1,278.640001,81.130294,934699.509885,547210.394008,3087.582400,2016.990659,2041.402716
478,-1,278.279996,81.234519,934686.974477,547208.529839,3083.825000,2016.990348,2040.826440
479,-1,277.920001,81.341659,934686.511552,547119.885331,3093.318799,2104.685714,2128.948043
480,-1,277.560000,81.456670,934673.407904,547118.104167,3088.997399,2104.685878,2128.301940
481,-1,277.199999,81.591346,934671.299312,547029.283806,3096.921200,2192.500042,2216.324962
482,-1,276.840002,81.829345,934657.612660,547027.718521,3087.603400,2192.380867,2214.863612
483,-1,276.479999,82.031018,934653.841342,546938.862727,3092.025100,2280.200095,2302.434084
484,-1,276.119998,82.205523,934639.587761,546937.413583,3084.930300,2280.076380,2301.338636
485,-1,275.760002,82.350563,934634.139937,546848.678524,3090.830400,2367.771658,2389.031516
486,-1,275.399999,82.478794,934619.333209,546847.232005,3085.437200,2367.771583,2388.319526
487,-1,275.040004,82.606380,934604.517949,546845.878661,3080.074299,2367.771418,2387.623315
488,-1,274.680000,82.733416,934589.694160,546844.618165,3074.737599,2367.771491,2386.942500
489,-1,274.320002,82.905081,934581.468783,546756.004825,3078.446000,2455.466742,2474.413584
490,-1,273.959996,83.109993,934566.080690,546754.890982,3069.532200,2455.466754,2473.328439
491,-1,273.600002,83.315166,934550.686364,546753.873924,3060.614700,2455.466720,2472.274480
492,-1,273.239997,83.520614,934535.285476,546752.953650,3051.692800,2455.466618,2471.251687
493,-1,272.880001,83.679810,934493.442384,547277.636984,2986.506899,1929.295136,1941.092657
494,-1,272.520003,83.768306,934481.333813,547277.065791,2983.490999,1929.295303,1940.763133
495,-1,272.159997,83.856969,934469.221632,547276.570713,2980.470400,1929.295435,1940.437704
496,-1,271.799999,83.945820,934457.106827,547276.152079,2977.444399,1929.295246,1940.116034
497,-1,271.440003,84.034855,934444.992350,547275.704573,2974.424100,1929.400089,1939.904088
498,-1,271.079996,84.124156,934432.870327,547275.542828,2971.373800,1929.295239,1939.485163
499,-1,270.720003,84.213676,934420.749944,547275.352540,2968.327999,1929.295125,1939.175609
500,-1,270.359999,84.307597,934408.628249,547275.238039,2965.133500,1929.295378,1938.856400
501,-1,270.000000,84.413541,934396.506226,547275.199981,2961.531300,1929.295354,1938.502395
502,-1,269.640000,84.519780,934384.384203,547275.238039,2957.920400,1929.295378,1938.154239
503,-1,269.279996,84.626327,934372.262508,547275.352540,2954.300300,1929.295125,1937.811610
504,-1,268.920003,84.733182,934360.142126,547275.542828,2950.671000,1929.295239,1937.475206
505,-1,268.559996,84.840277,934348.020103,547275.704573,2947.044299,1929.400089,1937.250089
506,-1,268.200000,84.947846,934335.905626,547276.152079,2943.383800,1929.295246,1936.819885
507,-1,267.840002,85.055983,934323.790821,547276.570713,2939.714700,1929.295435,1936.500413
508,-1,267.479998,85.156228,934381.083029,548854.053451,2802.548400,350.781113,352.038368
509,-1,267.120018,85.250899,934378.881590,548854.157453,2801.964700,350.780927,351.989376
510,-1,266.759978,85.346084,934376.680479,548854.275235,2801.378000,350.780813,351.941173
511,-1,266.399975,85.441787,934374.480352,548854.406468,2800.788300,350.781062,351.894066
512,-1,266.039989,85.537655,934372.279897,548854.532780,2800.199200,350.800092,351.866711
513,-1,265.680006,85.634770,934370.083051,548854.710930,2799.599600,350.781006,351.801538
514,-1,265.320014,85.732039,934367.885877,548854.883829,2799.000700,350.781027,351.756481
515,-1,264.959999,85.829837,934365.689687,548855.070509,2798.398700,350.781082,351.712247
516,-1,264.599995,85.928176,934363.494809,548855.271296,2797.793500,350.780819,351.668492
517,-1,264.239998,86.027046,934361.301244,548855.485534,2797.185200,350.780888,351.625892
518,-1,263.879988,86.126460,934359.108991,548855.713552,2796.573699,350.780964,351.584129
519,-1,263.519976,86.226034,934356.916082,548855.936649,2795.962600,350.799853,351.562223
520,-1,263.159989,86.326076,934344.284874,548769.139906,2800.977199,438.476246,439.379221
521,-1,262.800011,86.415252,934341.547675,548769.452898,2800.293500,438.500130,439.359778
522,-1,262.440019,86.504531,934338.815397,548769.806900,2799.607600,438.500019,439.317315
523,-1,262.079987,86.593917,934336.088368,548770.201584,2798.919599,438.476201,439.252129
524,-1,261.720012,86.683496,934333.361011,548770.589707,2798.231700,438.476239,439.211833
525,-1,261.360003,86.773279,934330.632342,548770.971596,2797.543699,438.499944,439.196236
526,-1,261.000011,86.863119,934327.913516,548771.417461,2796.852700,438.476230,439.134205
527,-1,260.639993,86.953198,934325.189768,548771.833471,2796.162600,438.500086,439.120805
528,-1,260.280019,87.055005,934322.472910,548772.290163,2795.381299,438.499991,439.079876
529,-1,259.920022,87.164734,934319.762942,548772.787209,2794.538200,438.476268,439.013673
530,-1,259.559980,87.274604,934317.051661,548773.278022,2793.695400,438.476224,438.972747
531,-1,259.199986,87.384636,934314.339396,548773.762273,2792.852600,438.500124,438.957355
532,-1,258.839984,87.494585,934311.639270,548774.310500,2792.008400,438.476216,438.895759
533,-1,258.480002,87.604682,934308.938160,548774.852165,2791.164300,438.476247,438.859701
534,-1,258.119994,87.714836,934306.240331,548775.410891,2790.319900,438.476215,438.825189
535,-1,257.759990,87.825045,934303.546110,548775.986678,2789.475200,438.476057,438.792162
536,-1,257.399982,87.935298,934300.855499,548776.579196,2788.630300,438.476092,438.760945
537,-1,257.040000,88.045605,934298.168825,548777.188447,2787.785099,438.476249,438.731464
538,-1,256.680019,88.155952,934295.486087,548777.814758,2786.939700,438.476206,438.703403
539,-1,256.319993,88.266327,934292.806959,548778.457801,2786.094200,438.476360,438.677163
540,-1,255.959982,88.376739,934290.132095,548779.117905,2785.248500,438.476240,438.652273
541,-1,255.599980,88.487164,934287.461497,548779.794741,2784.402800,438.476165,438.629055
542,-1,255.239975,88.597626,934284.795164,548780.488309,2783.556900,438.476133,438.607506
543,-1,254.879993,88.708086,934282.133424,548781.198609,2782.711100,438.476060,438.587549
544,-1,254.520006,88.818633,934279.469715,548781.902348,2781.865200,438.500145,438.593372
545,-1,254.160012,88.929047,934276.823395,548782.669079,2781.019400,438.476191,438.552799
546,-1,253.799985,89.039520,934274.175106,548783.429248,2780.173700,438.476399,438.538015
547,-1,253.439995,89.149987,934271.532067,548784.206477,2779.328100,438.476070,438.524327
548,-1,253.079981,89.260526,934268.886731,548784.977145,2778.482300,438.499996,438.536520
549,-1,252.720007,89.370960,934266.253534,548785.787183,2777.637000,438.500034,438.526463
550,-1,252.359999,89.481318,934263.632476,548786.636591,2776.792100,438.476183,438.494151
551,-1,252.000015,89.591701,934261.009778,548787.479765,2775.947300,438.476080,438.487214
552,-1,251.639980,89.702061,934258.392001,548788.339343,2775.102700,438.476166,438.482094
553,-1,251.280002,89.812384,934255.780130,548789.215326,2774.258400,438.476134,438.478485
554,-1,250.920021,89.922738,934253.165962,548790.085075,2773.413900,438.500051,438.500450
555,-1,250.559998,90.032902,934250.572791,548791.016503,2772.570800,438.476124,438.476196
556,-1,250.199999,90.143083,934247.977652,548791.941370,2771.727600,438.476352,438.477719
557,-1,249.839999,90.197671,786603.375960,146647.512721,1293.346300,428829.725654,428832.277767
558,-1,249.479999,90.181689,791823.498066,168281.068207,1483.046500,406730.525029,406732.570017
559,-1,249.119999,90.186533,772054.787931,123627.866175,1289.915500,455489.078668,455491.492565
560,-1,248.760000,90.169371,827332.194765,273746.760490,1899.195600,295532.960047,295534.251312
561,-1,248.399999,90.187049,769270.131755,132142.881297,1308.432700,448561.154637,448563.544982
562,-1,248.040000,90.175330,834040.065864,300313.458997,1951.607099,268362.000088,268363.256587
563,-1,247.679999,90.199549,830812.897121,296892.462558,1822.895399,272746.999908,272748.654113
564,-1,247.319999,90.198887,817569.547624,269646.598415,1721.075900,302987.055807,302988.881244
565,-1,246.960000,90.189380,815671.621629,270048.207520,1770.139400,303354.299869,303355.956959
566,-1,246.599999,90.203453,811384.081648,264939.554680,1672.953700,309739.589149,309741.541931
567,-1,246.240000,90.178339,750241.031362,130877.415324,1350.145099,457067.593242,457069.807364
568,-1,245.880000,90.198542,823661.477697,301884.886957,1833.819800,270978.292916,270979.919842
569,-1,245.520000,90.203138,822291.412524,302984.592763,1813.639300,270539.816767,270541.517127
570,-1,245.159999,90.224106,820341.355400,302818.422819,1710.857399,271504.464345,271506.541228
571,-1,244.799999,90.248542,861137.746576,393521.706636,2026.451000,172058.061603,172059.680440
572,-1,244.439999,90.249819,799281.858805,266692.492119,1407.382000,313159.703520,313162.680306
573,-1,244.079999,90.176642,846494.230260,368337.607069,2152.843500,201096.099890,201097.055585
574,-1,243.720000,90.097655,840006.150060,358052.166682,2409.464400,213187.129270,213187.438925
575,-1,243.359999,90.037705,841952.661259,364919.858984,2637.143300,206171.510319,206171.554964
576,-1,242.999999,90.022035,837133.821159,358315.727835,2690.428000,214239.472236,214239.488080
577,-1,242.639999,90.110664,836581.206779,360176.776606,2361.735500,212836.348525,212836.745526
578,-1,242.279999,90.145711,829970.175053,350470.229418,2201.884600,224499.815348,224500.541339
579,-1,241.920000,90.123932,828924.228654,351506.412057,2288.144000,224073.500146,224074.024333
580,-1,241.560000,90.154029,827105.243119,351104.139240,2167.171800,225289.072580,225289.886672
581,-1,241.199999,90.209938,824468.500033,349246.194465,1936.729300,228183.015652,228184.547427
582,-1,240.839999,90.246156,823000.655528,349557.930062,1790.603200,228621.491942,228623.601872
583,-1,240.480000,90.306147,821445.977535,349727.610497,1547.940900,229235.358346,229238.630801
584,-1,240.119999,90.313537,820063.799525,350213.118384,1516.936300,229498.444270,229501.880543
585,-1,239.759999,90.306590,845668.302450,396998.694104,1830.072000,176179.737977,176182.260322
586,-1,239.400000,90.286087,893592.866377,480209.308194,2372.578100,80157.799829,80158.799075
587,-1,239.039999,90.252339,892979.699624,480166.224947,2418.247600,80508.599834,80509.380637
588,-1,238.679999,90.206692,892729.091530,480727.495806,2483.655499,80157.800069,80158.321648
589,-1,238.319999,90.189892,892440.113761,481218.236295,2508.045700,79890.364168,79890.802936
590,-1,237.960000,90.180275,892153.344650,481706.208416,2522.282800,79627.278221,79627.672370
591,-1,237.600000,90.122876,891304.833224,481302.883763,2600.352000,80420.899872,80421.084812
592,-1,237.240000,90.043259,890833.956213,481504.898779,2712.040800,80504.230556,80504.253502
593,-1,236.880000,90.001453,890550.818655,481996.638937,2770.787400,80245.500061,80245.500087
594,-1,236.519999,89.956787,890081.028256,482200.305853,2833.409499,80333.199835,80333.222683
595,-1,236.160000,89.900611,889712.169086,482556.529222,2912.013800,80241.145135,80241.265860
596,-1,235.799999,89.841848,889245.000401,482766.072110,2994.552500,80328.840144,80329.146161
597,-1,235.439999,89.780081,888728.955829,482906.637117,3081.823500,80504.230718,80504.823737
598,-1,235.080000,89.719790,888263.098821,483122.975595,3166.967399,80591.925959,80592.889760
599,-1,234.720000,89.684656,887795.630268,483338.979100,3216.894100,80684.000080,80685.222119
600,-1,234.359999,89.694955,886823.167974,482852.674627,3207.503600,81644.268774,81645.425905
601,-1,233.999999,89.689976,886355.663004,483081.947462,3215.073200,81731.964094,81733.160591
602,-1,233.640000,89.680060,885941.153990,483385.100071,3229.218500,81731.964085,81733.238345
603,-1,233.279999,89.719108,885476.124080,483620.557605,3173.945800,81819.659479,81820.642732
604,-1,232.920000,89.853413,885223.638693,484139.114311,2981.478200,81556.573672,81556.840586
605,-1,232.560000,90.011800,884762.481479,484379.729644,2756.008000,81644.268994,81644.270725
606,-1,232.199999,90.105851,888226.088069,489681.950994,2633.652800,75330.211718,75330.340274
607,-1,231.840000,90.156233,888015.560931,490180.082544,2568.129700,75067.125906,75067.404983
608,-1,231.480000,90.232734,888191.772849,491158.785311,2471.461100,74190.173464,74190.785529
609,-1,231.119999,90.306368,887883.020841,491518.509657,2376.582200,74102.478138,74103.537518
610,-1,230.759999,90.318377,882528.884240,485699.078383,2317.193799,81995.049806,81996.315712
611,-1,230.400000,90.300257,882130.894550,486026.223726,2343.125600,81995.049651,81996.175562
612,-1,230.040000,90.389678,881903.935359,486557.516298,2216.940800,81731.964241,81733.854572
613,-1,229.679999,90.402787,880489.964433,485685.044946,2187.143400,83310.478487,83312.537147
614,-1,229.319999,90.384369,879977.601285,485891.992039,2212.747500,83485.868796,83487.747440
615,-1,228.960000,90.445970,880041.509622,486764.317394,2128.445500,82784.306950,82786.814765
616,-1,228.599999,90.517786,892814.877776,502039.396096,2204.578200,62877.487313,62880.054966
617,-1,228.239999,90.459299,891876.886541,501582.020042,2261.034600,63842.135076,63844.186408
618,-1,227.879999,90.364122,893107.721350,503541.344864,2381.581800,61562.058668,61563.301868
619,-1,227.519999,90.234912,892821.628090,503801.669474,2520.416700,61562.058836,61562.576269
620,-1,227.159999,90.170992,892477.547742,503999.483711,2588.835600,61649.753903,61650.028447
621,-1,226.800000,90.126806,891471.637680,503494.153029,2634.042900,62705.500025,62705.653599
622,-1,226.440000,90.067275,891127.193487,503703.675904,2699.095700,62789.792115,62789.835399
623,-1,226.080000,90.078244,890781.329349,503913.273582,2686.955900,62877.487401,62877.546032
624,-1,225.719999,90.096007,890742.522012,504439.345036,2668.049700,62526.706446,62526.794227
625,-1,225.359999,89.982842,890646.974959,504901.707956,2791.467500,62263.620643,62263.623434
626,-1,225.000000,89.902974,890431.487857,505239.476966,2878.112700,62175.925247,62176.014397
627,-1,224.640000,89.904786,890093.718848,505454.964068,2876.291400,62263.620643,62263.706614
628,-1,224.280000,89.906072,890068.439699,505976.745505,2874.324700,61916.200121,61916.283319
629,-1,223.920000,89.916839,890179.135016,506623.429907,2861.921300,61386.668339,61386.732999
630,-1,223.559999,89.923763,889973.602618,506960.234023,2854.390100,61302.299946,61302.354212
631,-1,223.199999,90.018017,889839.332218,507362.523901,2753.601500,61123.582430,61123.585452
632,-1,222.839999,90.110453,889770.221463,507822.194898,2655.496799,60860.496886,60860.609975
633,-1,222.479999,90.186887,889575.767784,508162.628600,2574.592900,60772.801643,60773.124937
634,-1,222.119999,90.269213,889251.283197,508384.022514,2486.841799,60863.800108,60864.471974
635,-1,221.760000,90.474429,888736.495512,508437.057841,2265.959700,61211.277867,61213.376383
636,-1,221.400000,90.669591,888810.155142,509014.720400,2062.564000,60772.801601,60776.951896
637,-1,221.039999,90.703095,818048.759592,447922.250393,879.800700,154255.927884,154267.542987
638,-1,220.679999,90.714675,817481.190189,448712.442054,849.713499,154168.232449,154180.226505
639,-1,220.319999,90.689482,819587.226659,451770.226293,960.683600,150580.900045,150591.803582
640,-1,219.960000,90.752069,820193.483649,453512.566312,817.000000,148994.213464,149007.049792
641,-1,219.599999,90.919841,838176.336134,469604.248040,767.824699,124878.022494,124894.117229
642,-1,219.239999,90.889105,837333.226928,469928.715239,827.921700,125323.299900,125338.390517
643,-1,218.879999,90.932744,837314.939563,470925.482274,742.440499,124709.400093,124725.927228
644,-1,218.520000,90.913558,840873.342551,474759.495603,866.721600,119535.099986,119550.296318
645,-1,218.159999,90.912338,840550.448184,475460.959751,872.162899,119353.222203,119368.354926
646,-1,217.799999,90.976558,842098.451650,477610.785504,781.699299,116810.060208,116827.029141
647,-1,217.440000,90.977441,850702.233327,485122.757685,974.404500,105409.678950,105425.019440
648,-1,217.080000,91.038967,861705.182777,494268.356192,1120.409199,91115.354846,91130.337203
649,-1,216.720000,91.033782,861568.374324,494880.522618,1133.316200,90857.200089,90871.991225
650,-1,216.360000,90.979093,862079.917592,495965.996497,1238.135899,89799.926225,89813.039217
651,-1,215.999999,90.972225,861746.839846,496421.423080,1248.903600,89799.926179,89812.855822
652,-1,215.639999,90.957016,861274.091448,496776.735033,1269.816400,89975.316577,89987.869298
653,-1,215.280000,90.949682,861232.479983,497439.809823,1287.152400,89624.535716,89636.848552
654,-1,214.919999,90.981315,861268.208586,498151.529856,1245.166400,89186.059449,89199.141999
655,-1,214.559999,91.033396,860800.445085,498509.768313,1160.822300,89366.299930,89380.837478
656,-1,214.199999,91.066706,860487.386985,498975.909769,1108.939600,89361.449826,89376.938981
657,-1,213.840000,91.090549,859950.694160,499292.067929,1066.639000,89629.399996,89645.637965
658,-1,213.479999,91.094503,865347.901214,503536.874400,1191.226599,82784.306822,82799.413657
659,-1,213.120000,91.106865,842660.924934,489357.181959,656.584300,109531.355297,109551.797145
660,-1,212.759999,91.027532,842802.934165,490266.927515,819.306500,108917.488694,108935.006167
661,-1,212.399999,90.931700,873088.454630,510297.222756,1591.962600,72611.659188,72621.260526
662,-1,212.039999,90.856750,872696.530217,510590.151632,1684.347599,72787.049529,72795.187732
663,-1,211.680000,90.755287,872380.500665,510932.528244,1812.114000,72874.744670,72881.076911
664,-1,211.320000,90.849184,871991.424344,511231.768131,1690.062900,73050.135222,73058.159192
665,-1,210.959999,90.813745,841598.464461,493533.944603,1235.777600,108215.926620,108226.841780
666,-1,210.599999,90.772557,841476.959126,494252.028468,1317.134500,107952.840851,107962.655005
667,-1,210.239999,90.729347,841734.585908,495187.331388,1407.417600,107257.099895,107265.790487
668,-1,209.880000,90.709674,895236.949703,526704.936988,2213.397500,45163.048977,45166.513584
669,-1,209.520000,90.586884,895554.220722,527210.685320,2315.588399,44636.877379,44639.219138
670,-1,209.160000,90.538302,895876.282742,527711.548163,2358.384000,44110.706131,44112.653000
671,-1,208.799999,90.466492,895893.606198,528037.347053,2415.081300,43937.699951,43939.156293
672,-1,208.439999,90.403454,896303.249736,528573.166519,2467.765199,43321.448714,43322.522765
673,-1,208.079999,90.341362,896483.862892,528978.033163,2516.804399,42970.667863,42971.430531
674,-1,207.720000,90.383685,897289.092580,529706.141287,2492.109200,41918.324848,41919.264760
675,-1,207.360000,90.365199,897245.199296,529979.980306,2506.193000,41830.629743,41831.479487
676,-1,206.999999,90.344315,897047.005138,530173.974013,2520.914099,41918.325030,41919.081946
677,-1,206.639999,90.295115,897320.099080,530605.627349,2559.169100,41479.848809,41480.399046
678,-1,206.280000,90.214695,897516.494685,530993.273555,2618.697000,41131.300125,41131.588891
679,-1,205.920000,90.205783,897562.553976,531302.997345,2625.733100,40953.677108,40953.941251
680,-1,205.560000,90.173539,897607.032233,531609.501982,2649.304999,40780.500092,40780.687149
681,-1,205.200000,90.142508,897657.907132,531916.622759,2671.833199,40602.896468,40603.022061
682,-1,204.840000,90.154890,897627.596825,532183.713760,2663.289600,40517.400015,40517.548068
683,-1,204.479999,90.175433,897521.378533,532415.074189,2648.762100,40517.400025,40517.589955
684,-1,204.119999,90.198117,897496.659094,532682.935858,2633.023900,40429.700047,40429.941745
685,-1,203.760000,90.242232,897636.375350,533021.991939,2603.016000,40164.420052,40164.779004
686,-1,203.399999,90.272074,897857.354567,533392.592576,2583.762600,39813.639281,39814.088166
687,-1,203.040000,90.287558,898162.227317,533794.093413,2575.203500,39375.162926,39375.658836
688,-1,202.680000,90.284420,898306.900256,534122.685932,2578.655199,39114.199901,39114.681833
689,-1,202.319999,90.330607,898377.064814,534417.155815,2548.148300,38936.686681,38937.334889
690,-1,201.959999,90.411729,898284.864867,534643.762974,2493.017400,38936.686666,38937.692015
691,-1,201.599999,90.441878,898927.923292,535161.489956,2478.615000,38147.429473,38148.563977
692,-1,201.240000,90.461027,898920.201851,535415.642663,2466.553900,38061.800143,38063.032336
693,-1,200.879999,90.505991,898998.146249,535701.332381,2438.230700,37886.399919,37887.877356
694,-1,200.519999,90.587009,898998.059307,535955.472949,2385.573099,37796.648508,37798.632259
695,-1,200.160000,90.627772,898584.278966,536056.540004,2354.813500,38149.500006,38151.790027
696,-1,199.800000,90.671363,898586.834079,536312.219938,2326.837100,38059.734420,38062.347368
697,-1,199.439999,90.702175,898671.928397,536595.845355,2308.516000,37884.343934,37887.189074
698,-1,199.080000,90.752685,898593.411822,536820.556848,2275.113500,37884.343749,37887.612958
699,-1,198.720000,90.852979,898597.421657,537073.244007,2210.060500,37798.699908,37802.888990
700,-1,198.359999,90.919547,898523.852578,537299.060484,2166.167000,37796.648776,37801.517029
701,-1,198.000000,91.011217,899033.579249,537714.383801,2116.512800,37182.781868,37188.573648
702,-1,197.639999,91.084509,899129.226695,537989.950507,2072.253100,37007.391440,37014.021921
703,-1,197.280000,91.131403,898389.563477,538003.368131,2028.097700,37708.953536,37716.306712
704,-1,196.919999,91.190494,898485.745371,538280.278338,1992.793600,37535.599931,37543.703965
705,-1,196.559999,91.243918,898417.815717,538506.126312,1957.778700,37535.600042,37544.447886
706,-1,196.200000,91.305546,899448.034129,539051.025484,1943.413000,36393.524863,36402.974772
707,-1,195.840000,91.364828,882933.704953,534603.178081,1498.311500,53494.096688,53509.277317
708,-1,195.479999,91.310248,882842.978756,534926.814573,1549.298700,53494.096520,53508.086989
709,-1,195.120000,91.364759,882920.812590,535296.008716,1502.486300,53321.600082,53336.730211
710,-1,194.760000,91.503198,862056.962257,530145.581353,809.724000,74808.099987,74833.853167
711,-1,194.400000,91.521012,860753.410731,530296.162089,753.957800,76031.773491,76058.572136
712,-1,194.040000,91.517597,861057.458023,530864.624206,770.000000,75597.399852,75623.925861
713,-1,193.680000,91.524571,861970.149439,531575.634267,788.910199,74540.954515,74567.350820
714,-1,193.319999,91.572607,862202.158817,532111.863838,736.000000,74190.173535,74218.127809
715,-1,192.960000,91.559661,861925.265670,532526.473573,748.000000,74365.564057,74393.124844
716,-1,192.599999,91.619365,862331.494517,533096.056751,685.210999,73843.399883,73872.903208
717,-1,192.240000,91.576717,861464.305962,533382.691021,718.605400,74628.649506,74656.916192
718,-1,191.880000,91.495427,861362.371127,533840.412874,824.456699,74632.700068,74658.127817
719,-1,191.520000,91.437228,861529.032867,534352.949907,907.018299,74365.563773,74388.966258
720,-1,191.160000,91.412027,861089.030466,534742.401556,931.000000,74720.399883,74743.096465
721,-1,190.799999,91.417402,861089.735189,535220.480980,926.257199,74628.649574,74651.491218
722,-1,190.439999,91.451815,861089.561961,535697.244790,883.627999,74540.954479,74564.890873
723,-1,190.079999,91.483510,861088.504221,536172.751057,844.532800,74457.299957,74482.265127
724,-1,189.719999,91.520847,861008.070983,536633.612996,795.978600,74457.299912,74483.537929
725,-1,189.360000,91.553289,861107.577345,537124.153354,758.655299,74277.868567,74305.172288
726,-1,188.999999,91.559152,861206.352410,537612.313795,755.822000,74102.478288,74129.923647
727,-1,188.639999,91.582537,861395.062006,538111.929266,732.823600,73839.392469,73867.567146
728,-1,188.280000,91.595993,861496.412854,538595.509007,720.243799,73667.999868,73696.589367
729,-1,187.920000,91.642878,861522.012540,539066.394548,662.544200,73576.306767,73606.563515
730,-1,187.560000,91.641078,861459.751838,539524.475653,664.856700,73576.306796,73606.497281
731,-1,187.200000,91.665504,872446.483145,541378.387300,957.201799,62442.400072,62468.790653
732,-1,186.839999,91.708582,880760.721766,542770.834974,1161.439199,54020.268051,54044.295876
733,-1,186.479999,91.675007,888648.157435,544008.305268,1426.414000,46042.500023,46062.182150
734,-1,186.119999,91.666237,888616.412091,544295.851281,1433.467600,46042.499991,46061.976480
735,-1,185.760000,91.674546,888673.731202,544592.392683,1429.348600,45954.800040,45974.433864
736,-1,185.399999,91.686397,888820.276841,544896.273308,1425.000000,45779.399974,45799.236759
737,-1,185.039999,91.700639,888883.938459,545190.642798,1416.287500,45689.220139,45709.353795
738,-1,184.680000,91.710819,860974.120591,543193.878091,572.483900,73668.000054,73700.852928
739,-1,184.319999,91.648819,860504.560507,543622.592457,639.762100,74102.478244,74133.172258
740,-1,183.959999,91.612729,860470.947385,544086.976371,686.476800,74102.478031,74131.842612
741,-1,183.599999,91.581851,903588.693826,547266.232151,1920.366400,30868.724771,30880.493043
742,-1,183.240000,91.532699,903663.010935,547464.702227,1949.168999,30782.699896,30793.717186
743,-1,182.879999,91.501578,903654.354456,547657.923625,1965.944500,30781.029539,30791.603267
744,-1,182.519999,91.477489,903557.633521,547847.255595,1976.632800,30868.724778,30878.991039
745,-1,182.159999,91.449215,903374.448848,548034.436980,1987.438200,31044.115070,31054.048193
746,-1,181.799999,91.422577,903367.709360,548229.376222,2001.880200,31044.115259,31053.686486
747,-1,181.440000,91.399232,903623.527746,548430.923063,2020.922000,30782.699988,30791.881610
748,-1,181.079999,91.362026,903620.945074,548624.320970,2040.962700,30781.029328,30789.728570
749,-1,180.719999,91.373161,903528.543684,548816.576819,2032.834800,30870.399937,30879.267708
750,-1,180.359999,91.395837,903440.697403,549009.991787,2018.514300,30956.419875,30965.608544
751,-1,180.000000,91.458044,903440.086512,549204.495335,1984.883700,30956.419714,30966.445860
752,-1,179.640000,91.523890,903616.084520,549397.896851,1953.949400,30781.029297,30791.919685
753,-1,179.280000,91.566909,903703.929816,549590.209787,1933.174499,30694.999956,30706.481909
754,-1,178.919999,91.644898,903708.624689,549783.016816,1891.408800,30693.334135,30705.987211
755,-1,178.559999,91.639583,863381.940579,550989.662040,739.463099,71036.999896,71066.095327
756,-1,178.200000,91.595886,863398.412002,551435.700190,793.790399,71033.144788,71060.708038
757,-1,177.840000,91.542003,863589.098301,551875.136975,865.364499,70857.754296,70883.423593
758,-1,177.479999,91.514071,863519.665697,552323.833256,897.614499,70945.449413,70970.227545
759,-1,177.119999,91.497761,863628.248485,552764.694907,920.116800,70857.754161,70881.971216
760,-1,176.760000,91.481831,863735.734819,553204.532282,942.000000,70773.899931,70797.576391
761,-1,176.399999,91.458243,863853.617785,553642.677732,973.486699,70682.363943,70705.262762
762,-1,176.039999,91.465433,864054.050455,554073.973129,969.000000,70510.799867,70533.868984
763,-1,175.680000,91.464897,864177.296271,554508.954542,972.000000,70419.278143,70442.300475
764,-1,175.319999,91.486631,864470.424622,554928.892679,952.000000,70160.000096,70183.623505
765,-1,174.959999,91.497460,864860.989786,555336.984382,948.000000,69805.411456,69829.259240
766,-1,174.600000,91.504769,865162.812017,555749.006196,946.000000,69542.325502,69566.315966
767,-1,174.239999,91.556801,865725.086483,556131.450969,897.000000,69019.900057,69045.385902
768,-1,173.880000,91.589762,866118.765814,556525.387189,867.000000,68669.099989,68695.541727
769,-1,173.519999,91.614681,866514.670534,556914.651831,847.000000,68318.300112,68345.438201
770,-1,173.159999,91.643888,866655.206998,557330.125081,814.769499,68226.897041,68254.988476
771,-1,172.799999,91.681970,866964.950145,557723.081972,777.000000,67967.500129,67996.796848
772,-1,172.439999,91.728839,867106.742512,558135.057854,724.000000,67879.799996,67910.712863
773,-1,172.079999,91.705081,870381.605385,558110.073652,848.870699,64631.392178,64660.022005
774,-1,171.719999,91.656643,870348.567065,558525.247691,900.919099,64722.599880,64749.663767
775,-1,171.359999,91.631912,870321.690151,558940.660902,926.380200,64810.299915,64836.597108
776,-1,171.000000,91.653896,870127.755827,559383.665265,893.998399,65069.868436,65096.987324
777,-1,170.640000,91.663905,869929.899924,559830.638453,874.876099,65336.500103,65364.060818
778,-1,170.279999,91.656093,870084.379273,560220.675074,886.326799,65248.799906,65276.065718
779,-1,169.919999,91.639647,870417.376311,560577.874163,912.703599,64982.173022,65008.790585
780,-1,169.559999,91.668710,870490.099591,560979.639764,879.714600,64982.173212,65009.743064
781,-1,169.199999,91.689556,870475.735118,561398.034596,853.360700,65073.399932,65101.702840
782,-1,168.839999,91.710784,870467.568796,561816.391699,826.610900,65161.100135,65190.158082
783,-1,168.479999,91.720229,870465.609810,562234.624786,813.331600,65245.258755,65274.676522
784,-1,168.120000,91.733415,870459.454967,562654.837529,795.541400,65336.499974,65366.412398
785,-1,167.760000,91.734860,870548.692649,563055.546045,794.000000,65332.954198,65362.914892
786,-1,167.400000,91.747646,870636.981187,563456.437632,779.407000,65332.954108,65363.358223
787,-1,167.039999,91.755733,921491.839450,552174.284671,2366.917100,13241.981471,13248.201107
788,-1,166.680000,91.752403,921510.753783,552255.307803,2367.687500,13241.981451,13248.177504
789,-1,166.320000,91.739253,921530.176972,552336.210528,2370.729500,13241.981291,13248.084668
790,-1,165.960000,91.713809,921549.410858,552417.164106,2376.593800,13242.699877,13248.626242
791,-1,165.600000,91.652564,921740.426224,552454.024269,2395.842500,13066.590960,13072.027896
792,-1,165.239999,91.551675,921760.407811,552533.660921,2418.849400,13067.299899,13072.093316
793,-1,164.880000,91.425549,921697.599866,552635.679089,2445.469300,13154.286172,13158.358746
794,-1,164.520000,91.298093,921718.721215,552715.591003,2474.731799,13155.000022,13158.376941
795,-1,164.159999,91.182503,921741.718872,552794.983233,2501.298200,13154.286234,13157.088273
796,-1,163.800000,91.165557,921764.528538,552874.424019,2505.190500,13154.285874,13157.008163
797,-1,163.439999,91.099601,921703.778659,552978.715149,2518.655600,13241.981282,13244.420303
798,-1,163.080000,91.027589,921559.248108,553109.647630,2532.145600,13418.100105,13420.258412
799,-1,162.719999,90.944618,921416.555152,553242.330107,2548.690300,13593.499900,13595.347543
800,-1,162.360000,90.839724,921359.312813,553350.156335,2572.308099,13680.457493,13681.926885
801,-1,162.000000,90.777808,921385.617878,553431.989177,2587.094500,13680.457587,13681.718266
802,-1,161.639999,90.745492,921329.205589,553541.278000,2593.670900,13768.152738,13769.318253
803,-1,161.280000,90.675948,921356.712096,553623.295881,2610.384999,13768.152716,13769.110908
804,-1,160.919999,90.598330,921384.027330,553705.383971,2629.031000,13768.899939,13769.650742
805,-1,160.559999,90.507216,921495.964114,553757.619103,2651.711899,13680.457698,13680.993773
806,-1,160.199999,90.467887,921524.826917,553838.585148,2661.103099,13680.457471,13680.913634
807,-1,159.840000,90.473099,921554.197593,553919.368123,2659.858600,13680.457464,13680.923846
808,-1,159.480000,90.483342,921584.075158,553999.965075,2657.412600,13680.457590,13680.944388
809,-1,159.119999,90.484620,921532.522768,554111.628565,2656.365800,13768.152634,13768.645145
810,-1,158.759999,90.528229,921563.608664,554192.358063,2645.885599,13768.152905,13768.738048
811,-1,158.400000,90.564408,921595.201448,554272.890382,2637.191100,13768.152830,13768.820874
812,-1,158.040000,90.599834,921707.943677,554320.705903,2629.587799,13681.199879,13681.949654
813,-1,157.680000,90.598871,934315.376795,549237.802027,2771.905900,87.700172,87.704963
814,-1,157.319951,90.480267,934315.592346,549238.309244,2772.087499,87.695133,87.698214
815,-1,156.960004,90.361671,934315.801991,549238.818757,2772.269000,87.699890,87.701638
816,-1,156.599996,90.242783,934316.023448,549239.323349,2772.451000,87.695314,87.696102
817,-1,156.240028,90.123875,934316.243920,549239.828270,2772.633000,87.695234,87.695439
818,-1,155.880032,90.004899,934316.463079,549240.333846,2772.815100,87.700081,87.700081
819,-1,155.519999,89.885800,934316.689785,549240.836142,2772.997399,87.700162,87.700336
820,-1,155.160049,89.766493,934316.924036,549241.334828,2773.179999,87.695343,87.696071
821,-1,154.799960,89.647194,934317.157304,549241.834171,2773.362599,87.695154,87.696817
822,-1,154.439959,89.527860,934317.388931,549242.334170,2773.545300,87.700193,87.703171
823,-1,154.080078,89.408312,934317.628431,549242.830232,2773.728300,87.699890,87.704567
824,-1,153.720043,89.288666,934317.875150,549243.323013,2773.911400,87.695123,87.701882
825,-1,153.359984,89.169061,934318.120556,549243.816451,2774.094500,87.695287,87.704510
826,-1,153.000042,89.049381,934318.364978,549244.310216,2774.277800,87.699939,87.712011
827,-1,152.639941,88.929544,934318.620883,549244.798404,2774.461200,87.695290,87.710598
828,-1,152.279925,88.809698,934318.875804,549245.286920,2774.644700,87.695130,87.714057
829,-1,151.919948,88.689871,934319.129413,549245.776092,2774.828299,87.699898,87.722830
830,-1,151.560032,88.569847,934319.394504,549246.259031,2775.012000,87.695062,87.722388
831,-1,151.199940,88.449846,934319.658283,549246.742954,2775.195800,87.695311,87.727417
832,-1,150.839943,88.329788,934319.925343,549247.224908,2775.379700,87.695200,87.732473
833,-1,150.479941,88.209680,934320.195355,549247.705222,2775.563700,87.695173,87.738002
834,-1,150.119922,88.089590,934320.468321,549248.183896,2775.747700,87.695230,87.744000
835,-1,149.759870,87.969559,934320.740302,549248.663226,2775.931800,87.699930,87.755028
836,-1,149.399979,87.849380,934321.019173,549249.138290,2776.115999,87.699992,87.761809
837,-1,149.040029,87.729222,934321.300996,549249.611715,2776.300200,87.700138,87.769060
838,-1,148.680079,87.609075,934321.586101,549250.083170,2776.484400,87.699920,87.776333
839,-1,148.319966,87.488820,934321.878095,549250.550689,2776.668600,87.695231,87.779527
840,-1,147.960013,87.368663,934322.164840,549251.021161,2776.853099,87.700024,87.792591
841,-1,147.599940,87.248519,934322.458802,549251.487367,2777.037400,87.699897,87.801119
842,-1,147.240084,87.128250,934322.759327,549251.948980,2777.221699,87.695231,87.805499
843,-1,146.879985,87.008188,934323.054930,549252.414202,2777.406200,87.700118,87.819816
844,-1,146.519961,86.888061,934323.357423,549252.874831,2777.590600,87.700189,87.829704
845,-1,146.160115,86.767908,934323.666805,549253.330539,2777.774800,87.695259,87.834974
846,-1,145.800073,86.647823,934323.975203,549253.787231,2777.959200,87.695155,87.845460
847,-1,145.439954,86.527327,934324.286226,549254.242283,2778.144300,87.695422,87.856745
848,-1,145.079977,86.406591,934324.600202,549254.695038,2778.329800,87.695418,87.868172
849,-1,144.720036,86.285887,934324.913194,549255.148449,2778.515600,87.700058,87.884643
850,-1,144.359964,86.165085,934325.233075,549255.597267,2778.701300,87.699883,87.896693
851,-1,144.000111,86.044245,934325.559190,549256.041164,2778.886799,87.695236,87.904658
852,-1,143.639971,85.923444,934325.884648,549256.486045,2779.072600,87.695160,87.917595
853,-1,143.280021,85.802679,934326.212732,549256.928629,2779.258400,87.695072,87.930911
854,-1,142.920078,85.681960,934326.543440,549257.369245,2779.444200,87.695164,87.944797
855,-1,142.560029,85.561329,934326.873164,549257.810845,2779.630300,87.700097,87.963923
856,-1,142.200066,85.440564,934327.213386,549258.244243,2779.815900,87.695170,87.973570
857,-1,141.839968,85.319890,934327.552624,549258.678626,2780.001800,87.695086,87.988460
858,-1,141.480082,85.199394,934327.890550,549259.113664,2780.187900,87.699902,88.008639
859,-1,141.120084,85.078753,934328.238646,549259.540829,2780.373500,87.695318,88.019798
860,-1,140.760134,84.958286,934328.582150,549259.971602,2780.559700,87.700036,88.040667
861,-1,140.399982,84.837795,934328.932215,549260.397454,2780.745599,87.700022,88.057185
862,-1,140.039893,84.717412,934329.284904,549260.821010,2780.931400,87.699987,88.074062
863,-1,139.680099,84.596986,934329.643499,549261.238988,2781.116899,87.695304,88.086672
864,-1,139.319985,84.476800,934329.997829,549261.661231,2781.303000,87.700094,88.109158
865,-1,138.959998,84.356621,934330.358393,549262.077897,2781.488700,87.699984,88.127116
866,-1,138.599905,84.236444,934330.725190,549262.489313,2781.674000,87.695189,88.140760
867,-1,138.240037,84.116371,934331.090675,549262.901386,2781.859700,87.695274,88.159686
868,-1,137.879994,83.996535,934331.455503,549263.314443,2782.045600,87.699965,88.183602
869,-1,137.520087,83.876699,934331.826238,549263.721923,2782.231100,87.699997,88.203228
870,-1,137.160127,83.756980,934332.199596,549264.127105,2782.416500,87.700004,88.223203
871,-1,136.800051,83.637286,934332.579189,549264.526711,2782.601400,87.695109,88.238637
872,-1,136.439997,83.517831,934332.954188,549264.930582,2782.787100,87.699946,88.264216
873,-1,136.079946,83.398485,934333.335093,549265.328875,2782.972200,87.700123,88.285480
874,-1,135.719979,83.279148,934333.721903,549265.721262,2783.156800,87.695412,88.302214
875,-1,135.359983,83.159938,934334.108057,549266.114306,2783.341799,87.695091,88.323738
876,-1,135.000000,83.041076,934334.492899,549266.508662,2783.527000,87.700088,88.350946
877,-1,134.640016,82.922133,934334.887255,549266.893504,2783.711200,87.695091,88.368494
878,-1,134.280058,82.803468,934335.277018,549267.282939,2783.896299,87.700052,88.396413
879,-1,133.919990,82.684824,934335.676296,549267.662860,2784.080200,87.695020,88.414649
880,-1,133.559926,82.566483,934336.074261,549268.044092,2784.264400,87.695308,88.438576
881,-1,133.199948,82.448230,934336.474850,549268.422372,2784.448500,87.695109,88.462386
882,-1,132.839872,82.330224,934336.874456,549268.801965,2784.633000,87.700004,88.491673
883,-1,132.479912,82.212380,934337.279639,549269.175324,2784.816700,87.699997,88.516371
884,-1,132.120005,82.094664,934337.687118,549269.546058,2785.000300,87.699965,88.541405
885,-1,131.759991,81.977163,934338.096894,549269.914495,2785.183699,87.700151,88.566999
886,-1,131.400094,81.859707,934338.512248,549270.276371,2785.366400,87.695189,88.587771
887,-1,131.040001,81.742636,934338.923664,549270.643169,2785.550000,87.699984,88.618700
888,-1,130.679925,81.625644,934339.343611,549271.000123,2785.732200,87.695219,88.640336
889,-1,130.319900,81.508916,934339.762573,549271.358062,2785.914800,87.695304,88.667198
890,-1,129.959978,81.392424,934340.183832,549271.713048,2786.097100,87.695114,88.694111
891,-1,129.600017,81.276247,934340.604107,549272.069347,2786.279800,87.700022,88.726491
892,-1,129.239865,81.160180,934341.029959,549272.419412,2786.461700,87.700036,88.754275
893,-1,128.879915,81.044285,934341.460733,549272.762915,2786.642700,87.695318,88.777609
894,-1,128.519917,80.928760,934341.887897,549273.111011,2786.824700,87.699902,88.810650
895,-1,128.160031,80.813309,934342.322936,549273.448937,2787.005200,87.695086,88.834533
896,-1,127.800012,80.698280,934342.754365,549273.791784,2787.186700,87.699831,88.868373
897,-1,127.440002,80.583366,934343.193669,549274.124461,2787.366599,87.695176,88.893036
898,-1,127.079910,80.468837,934343.629364,549274.462059,2787.547600,87.700085,88.927670
899,-1,126.719986,80.354557,934344.069980,549274.792767,2787.727499,87.699993,88.957545
900,-1,126.360028,80.240407,934344.515517,549275.116913,2787.906500,87.695160,88.982948
901,-1,125.999888,80.126611,934344.960398,549275.442372,2788.085900,87.695236,89.013610
902,-1,125.640016,80.013160,934345.406919,549275.764877,2788.264899,87.695421,89.044660
903,-1,125.279963,79.900037,934345.853112,549276.088368,2788.444300,87.700058,89.080512
904,-1,124.920022,79.787024,934346.306524,549276.401359,2788.622000,87.695418,89.107280
905,-1,124.559998,79.674527,934346.756654,549276.719272,2788.800700,87.700154,89.143797
906,-1,124.200076,79.562193,934347.211377,549277.030295,2788.978400,87.700071,89.175738
907,-1,123.839884,79.450079,934347.671022,549277.334756,2789.155000,87.695259,89.203171
908,-1,123.480038,79.338497,934348.126730,549277.644139,2789.332700,87.700189,89.240722
909,-1,123.120014,79.227166,934348.587359,549277.946632,2789.509200,87.700118,89.273475
910,-1,122.759915,79.116027,934349.052581,549278.242235,2789.684599,87.695231,89.301627
911,-1,122.400059,79.005372,934349.514194,549278.542759,2789.861200,87.699897,89.339722
912,-1,122.039986,78.895005,934349.980401,549278.836722,2790.036600,87.700024,89.373463
913,-1,121.680033,78.784926,934350.450872,549279.123467,2790.210700,87.695231,89.402459
914,-1,121.319920,78.675295,934350.918391,549279.415461,2790.386100,87.699920,89.441335
915,-1,120.959970,78.566009,934351.389847,549279.700565,2790.560200,87.700138,89.475900
916,-1,120.600038,78.456992,934351.865568,549279.978452,2790.732999,87.695435,89.505707
917,-1,120.240129,78.348422,934352.338336,549280.261260,2790.907100,87.699930,89.545111
918,-1,119.880077,78.240189,934352.817665,549280.533241,2791.078899,87.695230,89.575364
919,-1,119.519991,78.132401,934353.294042,549280.810471,2791.252100,87.700016,89.615508
920,-1,119.160056,78.024813,934353.776653,549281.076219,2791.423100,87.695200,89.646119
921,-1,118.800032,77.917855,934354.256311,549281.347543,2791.595300,87.700155,89.686852
922,-1,118.439960,77.811166,934354.740234,549281.611322,2791.766099,87.699906,89.722515
923,-1,118.080051,77.704846,934355.225469,549281.872149,2791.936500,87.699898,89.758639
924,-1,117.720074,77.598893,934355.714641,549282.125757,2792.105400,87.695130,89.790100
925,-1,117.360058,77.493447,934356.203157,549282.380678,2792.274699,87.695290,89.826767
926,-1,116.999957,77.388401,934356.691345,549282.636583,2792.444500,87.699939,89.868227
927,-1,116.639915,77.283801,934357.183142,549282.885270,2792.612700,87.699982,89.905144
928,-1,116.280068,77.179527,934357.676252,549283.130676,2792.780499,87.699965,89.942212
929,-1,115.919921,77.075765,934358.171329,549283.373130,2792.947600,87.699890,89.979367
930,-1,115.559981,76.972337,934358.669688,549283.608038,2793.113200,87.695058,90.011842
931,-1,115.200039,76.869387,934359.167390,549283.844258,2793.279299,87.695154,90.049524
932,-1,114.839946,76.767034,934359.664765,549284.081790,2793.445700,87.700040,90.092227
933,-1,114.480000,76.676329,934360.165420,549284.311776,2793.592300,87.700162,90.126017
934,-1,114.120019,76.602359,934360.669684,549284.533889,2793.710700,87.695084,90.148436
935,-1,113.759971,76.529138,934361.173292,549284.757642,2793.829199,87.695234,90.176113
936,-1,113.400003,76.456075,934361.678212,549284.978114,2793.947499,87.695314,90.203822
937,-1,113.039995,76.383606,934362.182804,549285.199570,2794.066000,87.699890,90.236095
938,-1,112.680078,76.310722,934362.690349,549285.413808,2794.184200,87.700130,90.264227
939,-1,112.319999,76.237978,934363.199534,549285.624766,2794.302200,87.700172,90.292267
940,-1,111.960022,76.165221,934363.710032,549285.832115,2794.420199,87.699840,90.320088
941,-1,111.599890,76.092654,934364.221842,549286.036839,2794.538100,87.700047,90.348554
942,-1,111.240039,76.019639,934364.736277,549286.233689,2794.655600,87.695428,90.372385
943,-1,110.880067,75.947921,934365.248743,549286.436116,2794.773400,87.700181,90.405527
944,-1,110.519918,75.875135,934365.766130,549286.626404,2794.890600,87.695302,90.429324
945,-1,110.160124,75.803060,934366.282534,549286.817677,2795.007900,87.695151,90.457874
946,-1,109.799989,75.731112,934366.800577,549287.005997,2795.125100,87.695124,90.486664
947,-1,109.439987,75.659981,934367.317965,549287.195629,2795.242300,87.700018,90.520363
948,-1,109.079897,75.588309,934367.838305,549287.377387,2795.359200,87.699967,90.549338
949,-1,108.720052,75.516240,934368.360941,549287.551271,2795.475600,87.695185,90.573749
950,-1,108.360114,75.444851,934368.883250,549287.726468,2795.592200,87.695212,90.603007
951,-1,107.999926,75.374261,934369.405559,549287.902977,2795.708799,87.699947,90.636962
952,-1,107.640013,75.302627,934369.931476,549288.067018,2795.824700,87.695174,90.661679
953,-1,107.280024,75.231746,934370.457066,549288.232372,2795.940700,87.695211,90.691216
954,-1,106.920006,75.161628,934370.982327,549288.399039,2796.056800,87.700062,90.725569
955,-1,106.560069,75.091038,934371.509885,549288.557831,2796.172500,87.700172,90.755375
956,-1,106.199983,75.020617,934372.038756,549288.713014,2796.287900,87.699912,90.784882
957,-1,105.840022,74.950436,934372.568282,549288.865245,2796.403100,87.700096,90.814904
958,-1,105.480061,74.879775,934373.100105,549289.009274,2796.517800,87.695224,90.840050
959,-1,105.120058,74.809887,934373.631600,549289.154614,2796.632600,87.695165,90.870007
960,-1,104.760058,74.740722,934374.162767,549289.301268,2796.747600,87.699922,90.904796
961,-1,104.400060,74.670647,934374.697215,549289.435454,2796.861600,87.695249,90.930359
962,-1,104.039934,74.601899,934375.230350,549289.575545,2796.976100,87.700086,90.965359
963,-1,103.679964,74.532188,934375.766438,549289.702842,2797.089600,87.695256,90.990907
964,-1,103.319980,74.463206,934376.302199,549289.831450,2797.203299,87.695241,91.021282
965,-1,102.960073,74.394472,934376.838615,549289.956778,2797.316700,87.695343,91.051821
966,-1,102.600068,74.325858,934377.376015,549290.078497,2797.429900,87.695168,91.082170
967,-1,102.240111,74.257492,934377.914072,549290.196935,2797.542800,87.695110,91.112681
968,-1,101.879948,74.189918,934378.452129,549290.317014,2797.655900,87.700119,91.148251
969,-1,101.520081,74.121368,934378.992482,549290.423969,2797.767900,87.695275,91.174170
970,-1,101.160023,74.053556,934379.532835,549290.532236,2797.880099,87.695178,91.204839
971,-1,100.800029,73.986623,934380.072860,549290.641816,2797.992300,87.699895,91.240262
972,-1,100.439966,73.919308,934380.614526,549290.743522,2798.103900,87.700033,91.271244
973,-1,100.080011,73.851616,934381.157504,549290.837026,2798.214800,87.695329,91.297506
974,-1,99.720015,73.785317,934381.699497,549290.936435,2798.326200,87.700074,91.333108
975,-1,99.360097,73.718639,934382.242803,549291.027642,2798.436900,87.699973,91.363985
976,-1,98.999939,73.651620,934382.787750,549291.110975,2798.546900,87.695300,91.390400
977,-1,98.640025,73.585963,934383.331384,549291.200214,2798.657500,87.700128,91.426224
978,-1,98.279915,73.519385,934383.877315,549291.276329,2798.766800,87.695099,91.452347
979,-1,97.920066,73.454178,934384.421933,549291.358678,2798.876800,87.699889,91.488206
980,-1,97.560095,73.388104,934384.968520,549291.428232,2798.985500,87.695195,91.514723
981,-1,97.199992,73.322864,934385.515107,549291.499098,2799.094300,87.695264,91.545954
982,-1,96.839972,73.257819,934386.062022,549291.566355,2799.202800,87.695176,91.577065
983,-1,96.479995,73.193029,934386.609265,549291.630331,2799.311000,87.695253,91.608366
984,-1,96.120070,73.128493,934387.156836,549291.690699,2799.418800,87.695168,91.639513
985,-1,95.760073,73.064749,934387.704407,549291.752378,2799.526800,87.699849,91.675394
986,-1,95.400062,73.000114,934388.253290,549291.801263,2799.633500,87.695130,91.702019
987,-1,95.040096,72.936942,934388.801517,549291.856381,2799.740800,87.700141,91.738238
988,-1,94.679998,72.873416,934389.350729,549291.902969,2799.847200,87.700031,91.769409
989,-1,94.320104,72.809536,934389.900268,549291.941354,2799.952800,87.695182,91.795929
990,-1,93.959903,72.747126,934390.449808,549291.985974,2800.058999,87.700011,91.831985
991,-1,93.600081,72.683807,934390.999676,549292.017470,2800.163799,87.695188,91.858518
992,-1,93.239970,72.621350,934391.549871,549292.050278,2800.268700,87.695116,91.889726
993,-1,92.880034,72.559773,934392.099739,549292.084727,2800.373800,87.700163,91.925988
994,-1,92.519897,72.497258,934392.650591,549292.105724,2800.477400,87.695189,91.952347
995,-1,92.159907,72.435622,934393.201115,549292.128362,2800.581200,87.695331,91.983754
996,-1,91.799912,72.374807,934393.751639,549292.151984,2800.685100,87.699919,92.019534
997,-1,91.440099,72.313739,934394.302163,549292.167732,2800.788100,87.700097,92.050943
998,-1,91.079917,72.252920,934394.853343,549292.179871,2800.890700,87.700113,92.082181
999,-1,90.719993,72.192411,934395.404194,549292.188401,2800.992800,87.699990,92.113237
1000,-1,90.359902,72.131571,934395.955374,549292.188729,2801.094000,87.695124,92.139605
1001,-1,90.000000,72.071683,934396.506226,549292.190698,2801.195300,87.695362,92.170964
