"OBJECTID","FEATURE_ID","HORIZ_ANG","ZENITH_ANG","VERTEX_X","VERTEX_Y","VERTEX_Z","DIST_2D","DIST_3D"
1,-1,90.000000,90.617625,935395.519976,550374.382103,3262.967200,3157.028790,3157.212222
2,-1,89.640002,90.507359,935415.355895,550374.319767,3269.043500,3157.028771,3157.152550
3,-1,89.279997,90.397089,935435.191485,550374.132759,3275.119800,3157.028715,3157.104536
4,-1,88.919998,90.286855,935455.025107,550373.821080,3281.194000,3157.028608,3157.068175
5,-1,88.560000,90.151483,935477.060168,550461.052533,3288.421300,3244.723939,3244.735279
6,-1,88.200002,90.000916,935500.193652,550548.128146,3296.946700,3332.419177,3332.419178
7,-1,87.840000,89.764620,935712.823804,555630.114702,3331.585700,8418.743131,8418.814173
8,-1,87.480000,89.514401,935761.820425,555540.344540,3367.609800,8331.047893,8331.347114
9,-1,87.120000,89.301411,935809.701563,555450.294195,3397.513500,8243.352592,8243.965364
10,-1,86.759999,89.117226,935861.422260,555447.529437,3424.017900,8243.352715,8244.331236
11,-1,86.400000,88.942726,935913.124256,555444.439548,3449.131100,8243.352602,8244.756272
12,-1,86.040001,88.789047,935631.725869,550629.487236,3369.299199,3420.299860,3421.063915
13,-1,85.680000,88.620818,936003.253669,555262.393652,3491.243500,8067.962216,8070.300171
14,-1,85.319999,88.436593,936053.789985,555258.416298,3517.201900,8067.962156,8070.966622
15,-1,84.960000,88.199487,936104.300055,555254.121687,3550.618200,8067.962265,8071.947553
16,-1,84.600000,87.912415,936154.782237,555249.509492,3591.088099,8067.962077,8073.320251
17,-1,84.240000,87.694802,936187.631909,555070.075467,3614.715600,7892.571606,7898.963841
18,-1,83.879999,87.519092,936236.956286,555064.943588,3638.962100,7892.571710,7899.976346
19,-1,83.519999,87.350565,936276.350236,554972.366673,3658.165500,7804.876307,7813.228186
20,-1,83.160000,87.191915,936325.058472,554966.679349,3679.826000,7804.876414,7814.259503
21,-1,82.800000,87.050732,936373.730290,554960.685922,3699.106700,7804.876381,7815.227772
22,-1,82.439999,86.911334,936433.957532,555041.744487,3722.903600,7893.000052,7904.482506
23,-1,82.080000,86.774433,936555.540950,555555.793656,3771.449200,8418.743138,8432.101640
24,-1,81.720000,86.545537,936607.909612,555548.340259,3805.196700,8418.742907,8434.067584
25,-1,81.360000,86.425033,936647.056515,555453.858164,3817.490800,8331.047706,8347.290971
26,-1,81.000000,86.307970,936685.064313,555359.216621,3828.922200,8243.352639,8260.496593
27,-1,80.640000,86.197443,936750.457883,555437.481229,3850.721000,8331.047935,8349.429120
28,-1,80.279998,86.091358,936787.273755,555342.369214,3860.224500,8243.352594,8262.571260
29,-1,79.920001,85.996398,936838.296618,555333.464376,3873.952100,8243.352670,8263.518437
30,-1,79.559999,85.909801,936889.263052,555324.239001,3886.473400,8243.352713,8264.402146
31,-1,79.200000,85.832539,936940.170102,555314.693416,3897.647400,8243.352520,8265.206475
32,-1,78.839999,85.744245,937092.856805,555821.050343,3949.573800,8769.524212,8793.770947
33,-1,78.480000,85.597486,937146.976447,555810.682254,3972.201800,8770.000118,8795.953589
34,-1,78.119999,85.489649,937200.837232,555799.042185,3988.770600,8769.524178,8796.766501
35,-1,77.759999,85.352944,937273.415499,555873.701157,4016.995800,8857.700017,8886.914175
36,-1,77.400000,85.221522,937327.662438,555861.262205,4037.410999,8857.219396,8888.112504
37,-1,77.039999,85.108591,937381.935295,555848.951534,4054.993700,8857.219297,8889.594374
38,-1,76.679999,84.976442,937456.333768,555921.636428,4083.284700,8944.914647,8979.406532
39,-1,76.320000,84.831174,937510.983265,555908.516048,4106.144000,8944.914456,8981.436891
40,-1,75.959999,84.688555,937565.549429,555895.052820,4128.596699,8944.914565,8983.487610
41,-1,75.599997,84.574505,936289.685839,550699.898840,3638.489500,3595.504964,3611.685344
42,-1,75.240000,84.429847,936311.549312,550694.211844,3647.651400,3595.504831,3612.562995
43,-1,74.880001,84.271881,936356.251323,550773.046988,3666.457899,3683.199999,3701.683586
44,-1,74.520001,84.078188,936378.626606,550767.132958,3679.059599,3683.399812,3703.161313
45,-1,74.160000,83.885647,936400.856548,550760.693666,3691.553700,3683.200033,3704.272548
46,-1,73.800001,83.694029,936423.099942,550754.307196,3704.017600,3683.200152,3705.620958
47,-1,73.440000,83.486389,936445.302982,550747.780962,3717.534000,3683.200205,3707.129967
48,-1,73.080001,83.272329,936467.464355,550741.115293,3731.480000,3683.200137,3708.737807
49,-1,72.720002,83.057511,936489.642788,550734.501461,3745.512100,3683.400036,3710.606276
50,-1,72.359999,82.842169,936511.720172,550727.557578,3759.567700,3683.400176,3712.331577
51,-1,71.999997,82.691671,936506.592229,550636.881578,3758.126000,3595.504848,3624.954110
52,-1,71.640001,82.521720,936528.055441,550629.833035,3768.970600,3595.504754,3626.349499
53,-1,71.279998,82.360463,936521.329076,550539.593715,3767.505600,3507.809490,3539.223494
54,-1,70.920002,82.230383,936542.243077,550532.634739,3775.641200,3508.000115,3540.503101
55,-1,70.560002,82.099855,936562.987458,550525.184623,3783.757800,3507.809615,3541.420824
56,-1,70.199998,81.969098,936583.748243,550517.784047,3791.919899,3507.809779,3542.552068
57,-1,69.839998,81.840828,936604.461784,550510.252894,3799.931800,3507.809566,3543.680057
58,-1,69.479998,81.746595,936625.127753,550502.592148,3805.821000,3507.809786,3544.520885
59,-1,69.120003,81.651451,936645.744838,550494.801481,3811.770000,3507.809673,3545.379649
60,-1,68.759998,81.555375,936666.313038,550486.881222,3817.780199,3507.809538,3546.257150
61,-1,68.400002,81.458344,936686.830714,550478.832353,3823.853200,3507.809709,3547.154247
62,-1,68.040001,81.365752,936707.297537,550470.654220,3829.651199,3507.809454,3548.019795
63,-1,67.680001,81.275189,936727.785028,550462.524315,3835.354200,3508.000143,3549.068927
64,-1,67.319998,81.185019,936748.075342,550453.913768,3840.976800,3507.809801,3549.738069
65,-1,66.959999,81.095235,936768.384357,550445.351449,3846.607200,3507.809655,3550.605111
66,-1,66.600001,80.992141,936893.122952,550678.109842,3894.781300,3770.895176,3817.982833
67,-1,66.239997,80.854574,936950.171067,550748.894149,3918.184100,3858.590506,3908.272045
68,-1,65.879998,80.695967,936972.415117,550739.247515,3929.181600,3858.799950,3910.241761
69,-1,65.520001,80.525124,937030.764409,550808.891732,3955.603000,3946.285922,4000.866217
70,-1,65.160001,80.367584,937016.458664,550718.964091,3951.877400,3858.590451,3913.768603
71,-1,64.800002,80.202976,937038.427780,550708.710502,3963.287900,3858.590556,3915.694146
72,-1,64.440000,80.086549,937060.422486,550698.507767,3971.401900,3858.799905,3917.289194
73,-1,64.079998,79.947854,937043.837874,550608.916411,3965.449800,3770.895403,3829.683704
74,-1,63.719998,79.846178,937065.115062,550598.492875,3972.354000,3770.895450,3830.894872
75,-1,63.359998,79.732003,937047.005190,550509.550140,3964.225900,3683.200152,3743.147574
76,-1,63.000001,79.639320,937067.657708,550499.108559,3970.381200,3683.199980,3744.249502
77,-1,62.640000,79.546302,937088.244609,550488.537714,3976.562500,3683.200249,3745.366373
78,-1,62.280000,79.437232,937190.444864,550633.283816,4016.559700,3858.799886,3925.315620
79,-1,61.919999,79.321582,937211.872315,550621.938694,4024.622500,3858.800000,3926.801745
80,-1,61.560001,79.206373,937233.128178,550610.275004,4032.620700,3858.590611,3928.085961
81,-1,61.199997,79.034575,937381.152816,550829.205668,4095.591799,4121.676263,4198.328724
82,-1,60.839998,78.814819,937446.536872,550893.239333,4129.346600,4209.371490,4290.875109
83,-1,60.479998,78.591210,937469.705132,550880.478860,4146.476299,4209.600080,4294.454892
84,-1,60.119998,78.404150,937492.566307,550867.176065,4160.742100,4209.371620,4297.075733
85,-1,59.759998,78.210574,937471.404604,550778.359313,4157.315900,4121.900135,4210.724899
86,-1,59.399997,78.054878,937493.624048,550765.053237,4168.964000,4121.676292,4212.901218
87,-1,59.040002,77.934227,937515.988176,550751.992568,4178.083600,4121.900054,4215.017006
88,-1,58.680001,77.813163,937538.038657,550738.408278,4187.146800,4121.676160,4216.701992
89,-1,58.319997,77.691637,937560.237432,550725.067425,4196.349800,4121.900042,4218.873075
90,-1,57.960001,77.553234,937628.638542,550785.544666,4226.092800,4209.371457,4310.686894
91,-1,57.599999,77.406420,937651.014153,550771.443317,4237.410800,4209.371656,4313.140644
92,-1,57.240000,77.286499,937673.423885,550757.393476,4246.716600,4209.599812,4315.401742
93,-1,56.880001,77.170178,937695.496676,550742.820014,4255.649999,4209.371483,4317.153936
94,-1,56.520001,77.053383,937717.602274,550728.299374,4264.679900,4209.371502,4319.168072
95,-1,56.159999,76.936082,937739.616338,550713.639954,4273.757400,4209.371454,4321.210832
96,-1,55.799998,76.789093,937761.537882,550698.842740,4285.144600,4209.371612,4323.799153
97,-1,55.440002,76.627737,937783.365594,550683.908059,4297.660500,4209.371509,4326.676547
98,-1,55.079998,76.479134,937805.099475,550668.836238,4309.202100,4209.371419,4329.360327
99,-1,54.719999,76.293113,937877.523214,550725.407976,4345.115999,4297.300035,4423.271950
100,-1,54.360001,76.102020,937899.515625,550709.743965,4360.313400,4297.299928,4426.897566
101,-1,54.000000,75.913323,937921.409610,550693.942159,4375.344900,4297.300135,4430.532267
102,-1,53.640000,75.818349,937943.065406,550677.815223,4382.860900,4297.066947,4432.141496
103,-1,53.279999,75.740804,937964.757620,550661.740124,4389.050099,4297.066741,4433.661692
104,-1,52.919997,75.660464,937986.489204,550645.715222,4395.526500,4297.299957,4435.487277
105,-1,52.560001,75.577278,938007.836930,550629.183102,4402.115800,4297.066718,4436.897938
106,-1,52.200001,75.501572,938029.222386,550612.702164,4408.171200,4297.066698,4438.410036
107,-1,51.840002,75.434781,938050.503840,550596.087368,4413.517000,4297.066806,4439.751496
108,-1,51.479998,75.383164,938126.296339,550647.950781,4440.520900,4384.762084,4531.421254
109,-1,51.120000,75.308428,938147.946558,550630.910461,4446.693799,4384.999942,4533.213025
110,-1,50.759999,75.236571,938169.189626,550613.364893,4452.510500,4384.762020,4534.461654
111,-1,50.400000,75.177416,938190.472392,550595.870505,4457.353200,4384.761957,4535.698069
112,-1,50.039999,75.114382,938268.123483,550645.646652,4485.891300,4472.700094,4628.013467
113,-1,49.680001,75.058395,938289.607036,550627.529890,4490.571800,4472.699878,4629.217844
114,-1,49.319999,75.002762,938310.976744,550609.278615,4495.225200,4472.700014,4630.419965
115,-1,48.959998,74.967117,938332.071846,550590.710410,4498.142800,4472.457377,4630.941483
116,-1,48.599999,74.949681,938353.369704,550572.375145,4499.667400,4472.700136,4631.571589
117,-1,48.239999,74.967812,938374.391315,550553.724264,4498.149800,4472.700032,4631.177649
118,-1,47.880001,74.989205,938395.132415,550534.761703,4496.294400,4472.457179,4630.462209
119,-1,47.520000,75.001414,938415.917151,550515.849340,4495.273000,4472.457393,4630.197978
120,-1,47.160000,75.013067,938436.747490,550496.984548,4494.363100,4472.700060,4630.196996
121,-1,46.800001,75.049092,938457.293708,550477.811358,4491.349800,4472.699973,4629.418592
122,-1,46.439999,75.076709,938417.283946,550394.957193,4465.667100,4384.999875,4538.061998
123,-1,46.079999,75.068674,938437.189746,550375.908346,4466.325800,4384.999987,4538.231783
124,-1,45.720001,75.088101,938456.809129,550356.564553,4464.670100,4384.762079,4537.575559
125,-1,45.360001,75.125843,938476.472804,550337.268004,4461.577399,4384.762024,4536.780635
126,-1,44.999999,75.164196,938496.015088,550317.848423,4458.435900,4384.762236,4535.975443
127,-1,44.640001,75.175592,938453.036171,550236.687168,4434.292500,4297.066699,4445.021535
128,-1,44.279999,75.198124,938472.113889,550217.579595,4432.546100,4297.300065,4444.800647
129,-1,43.920001,75.208633,938427.732744,550137.356330,4408.545700,4209.599968,4353.879389
130,-1,43.560000,75.163127,938446.019781,550118.246788,4412.123000,4209.599983,4354.794062
131,-1,43.199998,75.172105,938464.186411,550099.022745,4411.417100,4209.600029,4354.613402
132,-1,42.839997,75.114040,938417.925349,550020.053087,4392.671300,4121.900079,4265.038787
133,-1,42.480002,75.053250,938435.310157,550000.856603,4397.295100,4121.676226,4266.012683
134,-1,42.119999,75.021606,938452.905266,549981.852048,4399.793900,4121.899813,4266.873850
135,-1,41.759998,75.058269,938470.214942,549962.587651,4396.968100,4121.900133,4266.144691
136,-1,41.400000,75.098681,938487.234922,549943.066692,4393.794800,4121.676204,4265.111202
137,-1,41.040001,75.124877,938438.155623,549866.007791,4368.484000,4033.980941,4173.856753
138,-1,40.679999,75.162906,938454.903621,549846.980927,4365.676200,4034.200004,4173.348595
139,-1,40.319998,75.234680,938471.365531,549827.706359,4360.269700,4034.199908,4171.967324
140,-1,39.960002,75.271641,938420.320357,549751.865959,4334.376600,3946.285811,4080.358062
141,-1,39.599999,75.293325,938436.185483,549732.810551,4332.780100,3946.285829,4079.952482
142,-1,39.240000,75.346916,938451.930530,549713.656062,4328.835700,3946.285962,4078.953028
143,-1,38.880001,75.396171,938399.450320,549639.488888,4302.417500,3858.800105,3987.631202
144,-1,38.519999,75.390093,938208.762709,549456.711366,4234.273600,3595.700094,3715.849966
145,-1,38.159999,75.401166,938222.623902,549438.870522,4233.480700,3595.504877,3715.461132
146,-1,37.799998,75.415633,938236.526105,549421.063471,4232.511300,3595.504733,3715.216774
147,-1,37.440000,75.433632,938250.316432,549403.169806,4231.305500,3595.505048,3714.913635
148,-1,37.079999,75.455023,938264.149410,549385.306981,4229.923200,3595.699923,3714.754855
149,-1,36.720001,75.513874,938277.557847,549367.123619,4225.931900,3595.504785,3713.565555
150,-1,36.360000,75.640564,938291.165432,549349.088550,4217.505800,3595.699893,3711.655783
151,-1,35.999998,75.774533,938375.453321,549382.401475,4230.785699,3683.400098,3799.920001
152,-1,35.640000,75.911500,938388.997585,549363.635437,4221.420199,3683.399944,3797.629242
153,-1,35.280000,76.043969,938259.082491,549243.368289,4168.736399,3507.809424,3614.505680
154,-1,34.919999,76.163514,938271.911861,549225.445096,4161.016399,3507.999841,3612.836452
155,-1,34.560000,76.250331,937634.458084,548759.587432,3962.245000,2718.700044,2798.907079
156,-1,34.199997,76.249007,937644.104062,548745.489363,3962.311600,2718.700090,2798.922954
157,-1,33.839996,76.258738,937653.661129,548731.330927,3961.822200,2718.699999,2798.806574
158,-1,33.479998,76.287243,937589.861388,548668.654871,3938.954500,2630.857359,2708.046533
159,-1,33.119997,76.326265,937599.056252,548654.916710,3937.091000,2630.999931,2707.743918
160,-1,32.760003,76.372970,937534.294242,548593.587108,3913.559200,2543.299986,2616.967723
161,-1,32.399999,76.385173,937542.899212,548580.121584,3912.985700,2543.300010,2616.832689
162,-1,32.039997,76.428760,937551.419208,548566.602254,3910.937800,2543.299865,2616.351242
163,-1,31.680001,76.440396,937485.108645,548506.902242,3889.207700,2455.466808,2525.871573
164,-1,31.319998,76.482977,937493.283497,548493.816638,3887.308999,2455.599807,2525.556399
165,-1,30.959996,76.576060,937501.148311,548480.542387,3883.058999,2455.466823,2524.437060
166,-1,30.600000,76.564390,935546.485882,547306.634301,3338.899100,175.390420,180.325633
167,-1,30.239982,76.458345,935547.052154,547305.688765,3339.244700,175.399980,180.415541
168,-1,29.879990,76.353244,935547.604318,547304.735027,3339.585300,175.400145,180.495758
169,-1,29.519991,76.248987,935548.150249,547303.777680,3339.923400,175.400032,180.575717
170,-1,29.160009,76.145636,935548.690274,547302.817052,3340.258900,175.400087,180.655814
171,-1,28.799989,76.043093,935549.224065,547301.852815,3340.592000,175.399865,180.735650
172,-1,28.440011,75.941542,935549.743749,547300.881032,3340.919899,175.390570,180.806000
173,-1,28.079989,75.840715,935550.265402,547299.910233,3341.248000,175.390398,180.885813
174,-1,27.719961,75.740686,935550.789679,547298.940747,3341.576300,175.400085,180.975790
175,-1,27.359963,75.641721,935551.290662,547297.959122,3341.896500,175.390430,181.045571
176,-1,27.000052,75.543403,935551.802472,547296.983402,3342.219800,175.400027,181.135308
177,-1,26.640015,75.473604,935552.291316,547295.995543,3342.445300,175.390574,181.182584
178,-1,26.280068,75.411031,935552.790659,547295.013262,3342.652200,175.399930,181.243644
179,-1,25.920017,75.348179,935553.275566,547294.023434,3342.857699,175.399925,181.295511
180,-1,25.559990,75.285549,935553.754240,547293.030654,3343.062600,175.399949,181.347471
181,-1,25.199971,75.223110,935554.226680,547292.034921,3343.267000,175.400001,181.399547
182,-1,24.839946,75.160892,935554.692886,547291.036235,3343.470800,175.400081,181.451711
183,-1,24.480044,75.098852,935555.152531,547290.034925,3343.674100,175.400026,181.503832
184,-1,24.120010,75.037021,935555.605942,547289.030334,3343.876800,175.399863,181.555904
185,-1,23.760026,74.975423,935556.053120,547288.023118,3344.078899,175.399862,181.608189
186,-1,23.399978,74.914044,935556.494064,547287.012949,3344.280400,175.399891,181.660557
187,-1,23.039954,74.852898,935556.928774,547286.000156,3344.481300,175.400083,181.713134
188,-1,22.680007,74.791501,935557.348065,547284.981129,3344.680500,175.390569,181.756105
189,-1,22.320040,74.731253,935557.778510,547283.966696,3344.881200,175.400041,181.817996
190,-1,21.959982,74.670769,935558.193864,547282.945700,3345.080200,175.399985,181.870450
191,-1,21.600029,74.610531,935558.602655,547281.922408,3345.278500,175.399910,181.922901
192,-1,21.240028,74.550523,935559.005214,547280.896492,3345.476200,175.399995,181.975549
193,-1,20.880005,74.490721,935559.401210,547279.867951,3345.673299,175.399939,182.028099
194,-1,20.520008,74.431219,935559.790973,547278.837113,3345.869600,175.400165,182.080905
195,-1,20.159996,74.371895,935560.173847,547277.803650,3346.065300,175.399944,182.133313
196,-1,19.799981,74.312872,935560.550486,547276.767891,3346.260200,175.400004,182.185972
197,-1,19.439987,74.254062,935560.920564,547275.729836,3346.454500,175.400036,182.238636
198,-1,19.079967,74.195024,935561.274894,547274.686202,3346.646900,175.390288,182.281561
199,-1,18.720002,74.137233,935561.641035,547273.646834,3346.840800,175.400019,182.343829
200,-1,18.359983,74.079183,935561.991428,547272.601889,3347.032900,175.399970,182.396383
201,-1,18.000028,74.021414,935562.335260,547271.554975,3347.224200,175.399997,182.448977
202,-1,17.640023,73.963918,935562.672529,547270.505765,3347.414699,175.399997,182.501509
203,-1,17.280024,73.906195,935562.994051,547269.451633,3347.603300,175.390423,182.544500
204,-1,16.920006,73.849669,935563.327384,547268.401110,3347.793600,175.400124,182.606663
205,-1,16.559997,73.792949,935563.644640,547267.345666,3347.981799,175.399937,182.658922
206,-1,16.199983,73.740151,935563.955335,547266.288253,3348.157100,175.399824,182.707819
207,-1,15.840022,73.688687,935564.259796,547265.229200,3348.328200,175.400192,182.756153
208,-1,15.479958,73.637072,935564.547854,547264.165226,3348.496900,175.390360,182.794171
209,-1,15.119972,73.586702,935564.848050,547263.104861,3348.667300,175.400115,182.851608
210,-1,14.760031,73.536222,935565.132170,547262.040230,3348.835300,175.400162,182.899194
211,-1,14.400040,73.486047,935565.409400,547260.973631,3349.002299,175.399967,182.946407
212,-1,14.039960,73.436206,935565.680069,547259.905064,3349.168300,175.399853,182.993552
213,-1,13.679984,73.386712,935565.944176,547258.835184,3349.333300,175.399981,183.040782
214,-1,13.320019,73.337559,935566.201394,547257.763664,3349.497200,175.399950,183.087680
215,-1,12.960027,73.288746,935566.452049,547256.690504,3349.660099,175.400080,183.134579
216,-1,12.600018,73.240273,935566.695815,547255.615703,3349.821900,175.400052,183.181143
217,-1,12.239976,73.192109,935566.932691,547254.539261,3349.982699,175.399867,183.227400
218,-1,11.879970,73.144291,935567.163006,547253.461507,3350.142500,175.399918,183.273720
219,-1,11.519976,73.096382,935567.377244,547252.380473,3350.299799,175.390485,183.310368
220,-1,11.159948,73.049712,935567.603294,547251.301735,3350.458799,175.400009,183.365773
221,-1,10.800009,73.002926,935567.813267,547250.220044,3350.615400,175.400114,183.411589
222,-1,10.439966,72.956449,935568.016351,547249.136713,3350.770999,175.400067,183.457090
223,-1,10.080014,72.910350,935568.212544,547248.052397,3350.925399,175.399991,183.502331
224,-1,9.720015,72.864594,935568.402177,547246.966770,3351.078800,175.400148,183.547619
225,-1,9.359992,72.819120,935568.584591,547245.879830,3351.231199,175.399894,183.592336
226,-1,9.000105,72.773999,935482.140210,547231.072773,3324.191300,87.699991,91.818599
227,-1,8.640025,72.715335,935482.224855,547230.528154,3324.289800,87.700128,91.847948
228,-1,8.280088,72.657454,935482.305892,547229.983208,3324.387000,87.700110,91.876858
229,-1,7.920066,72.600344,935482.383320,547229.437605,3324.482900,87.699889,91.905279
230,-1,7.559884,72.544008,935482.457795,547228.891347,3324.577699,87.700116,91.933889
231,-1,7.200041,72.488397,935482.528333,547228.345088,3324.671200,87.699904,91.961777
232,-1,6.840015,72.433616,935482.595918,547227.798173,3324.763500,87.700140,91.989817
233,-1,6.480082,72.379490,935482.659566,547227.250930,3324.854600,87.699891,92.017116
234,-1,6.119941,72.326253,935482.720261,547226.703031,3324.944399,87.700096,92.044534
235,-1,5.760073,72.273732,935482.777020,547226.155132,3325.032900,87.699849,92.071206
236,-1,5.399973,72.221981,935482.830825,547225.606576,3325.120300,87.700061,92.098056
237,-1,5.040096,72.171004,935482.881022,547225.058021,3325.206400,87.700141,92.124458
238,-1,4.679998,72.120790,935482.927610,547224.508809,3325.291200,87.700031,92.150352
239,-1,4.320104,72.071412,935482.965996,547223.959270,3325.373100,87.695182,92.170916
240,-1,3.959912,72.022730,935483.005694,547223.409402,3325.455400,87.695079,92.196186
241,-1,3.600093,71.974769,935483.047032,547222.860191,3325.538200,87.700121,92.226569
242,-1,3.240003,71.927625,935483.079841,547222.309995,3325.618000,87.700048,92.251224
243,-1,2.880034,71.881250,935483.109368,547221.759799,3325.696600,87.700163,92.275747
244,-1,2.519970,71.835637,935483.135287,547221.209275,3325.773900,87.700120,92.299774
245,-1,2.160008,71.790785,935483.157596,547220.658751,3325.849900,87.699933,92.323318
246,-1,1.799912,71.746698,935483.176625,547220.107900,3325.924700,87.699919,92.346705
247,-1,1.440099,71.703435,935483.192373,547219.557376,3325.998200,87.700097,92.369922
248,-1,1.079917,71.660928,935483.204512,547219.006196,3326.070400,87.700113,92.392629
249,-1,0.719993,71.619180,935483.213042,547218.455344,3326.141300,87.699990,92.414845
250,-1,0.360096,71.578193,935483.218292,547217.904492,3326.211000,87.700047,92.436901
251,-1,0.000000,71.538116,935483.215339,547217.353312,3326.277600,87.695362,92.453526
252,-1,359.639903,71.498546,935483.218292,547216.802132,3326.346500,87.700047,92.479810
253,-1,359.280006,71.459884,935483.213042,547216.251280,3326.412300,87.699990,92.500657
254,-1,358.920082,71.421979,935483.204512,547215.700428,3326.476899,87.700113,92.521335
255,-1,358.559900,71.384886,935483.192373,547215.149248,3326.540100,87.700097,92.541474
256,-1,358.200087,71.348480,935483.176625,547214.598724,3326.602100,87.699919,92.561115
257,-1,357.839991,71.312890,935483.157596,547214.047872,3326.662800,87.699933,92.580559
258,-1,357.480029,71.278111,935483.135287,547213.497348,3326.722200,87.700120,92.599785
259,-1,357.119965,71.244079,935483.109368,547212.946825,3326.780300,87.700163,92.618491
260,-1,356.759996,71.210791,935483.079841,547212.396629,3326.837100,87.700048,92.636661
261,-1,356.399906,71.178315,935483.047032,547211.846433,3326.892600,87.700121,92.654620
262,-1,356.040096,71.146575,935483.010615,547211.296894,3326.946800,87.700011,92.672017
263,-1,355.679895,71.115716,935482.965996,547210.747354,3326.997900,87.695182,92.683973
264,-1,355.320001,71.085459,935482.927610,547210.197814,3327.051300,87.700031,92.705858
265,-1,354.959903,71.056019,935482.881022,547209.648603,3327.101700,87.700141,92.722312
266,-1,354.600026,71.027369,935482.830825,547209.100048,3327.150700,87.700061,92.738155
267,-1,354.239926,70.999462,935482.777020,547208.551492,3327.198399,87.699849,92.753474
268,-1,353.880058,70.972416,935482.720261,547208.003593,3327.244800,87.700096,92.768824
269,-1,353.519917,70.946046,935482.659566,547207.455694,3327.289900,87.699891,92.783344
270,-1,353.159984,70.920593,935482.595918,547206.908451,3327.333600,87.700140,92.797855
271,-1,352.799958,70.895750,935482.528333,547206.361536,3327.376099,87.699904,92.811532
272,-1,352.440115,70.871763,935482.457795,547205.815277,3327.417300,87.700116,92.825226
273,-1,352.079933,70.848452,935482.383320,547205.269018,3327.457200,87.699889,92.838093
274,-1,351.719911,70.826054,935482.305892,547204.723416,3327.495700,87.700110,92.850940
275,-1,351.359974,70.804379,935482.224855,547204.178469,3327.532900,87.700128,92.863181
276,-1,350.999894,70.783377,935482.140210,547203.633851,3327.568900,87.699991,92.874894
277,-1,350.639902,70.763220,935482.052284,547203.089889,3327.603500,87.699973,92.886272
278,-1,350.279984,70.743849,935481.961076,547202.546583,3327.636799,87.700074,92.897343
279,-1,349.920091,70.725197,935481.866260,547202.003933,3327.668800,87.699966,92.907800
280,-1,349.560033,70.707399,935481.768163,547201.461611,3327.699400,87.700033,92.917969
281,-1,349.199970,70.690262,935481.666458,547200.919946,3327.728800,87.699895,92.927557
282,-1,348.839925,70.673967,935481.561471,547200.378936,3327.756800,87.699875,92.936800
283,-1,348.479887,70.658397,935481.453203,547199.838583,3327.783600,87.699972,92.945765
284,-1,348.120051,70.643655,935481.341655,547199.299214,3327.808999,87.700119,92.954319
285,-1,347.759941,70.629642,935481.226498,547198.760173,3327.833100,87.700129,92.962318
286,-1,347.399958,70.616391,935481.107732,547198.222117,3327.855800,87.699866,92.969601
287,-1,347.039972,70.603928,935480.986013,547197.684716,3327.877299,87.700040,92.976904
288,-1,346.680084,70.592225,935480.860685,547197.148300,3327.897400,87.699937,92.983484
289,-1,346.319911,70.581318,935480.732076,547196.612212,3327.916200,87.700029,92.989820
290,-1,345.960065,70.571161,935480.600187,547196.077436,3327.933699,87.700086,92.995692
291,-1,345.600062,70.561720,935480.464688,547195.543316,3327.949900,87.699943,93.000947
292,-1,345.239941,70.553060,935480.325909,547195.009853,3327.964800,87.699922,93.005888
293,-1,344.879896,70.545222,935480.183849,547194.477373,3327.978300,87.699942,93.010402
294,-1,344.519912,70.538090,935480.038508,547193.945878,3327.990600,87.700000,93.014554
295,-1,344.159977,70.531779,935479.889886,547193.415368,3328.001500,87.700096,93.018277
296,-1,343.800016,70.526166,935479.737656,547192.885841,3328.011100,87.699912,93.021303
297,-1,343.439930,70.521400,935479.582472,547192.356971,3328.019400,87.700172,93.024316
298,-1,343.079993,70.517371,935479.423680,547191.829413,3328.026300,87.700062,93.026513
299,-1,342.720047,70.514046,935479.261607,547191.302839,3328.032000,87.699987,93.028344
300,-1,342.360079,70.511541,935479.096253,547190.777250,3328.036300,87.699949,93.029742
301,-1,342.000073,70.509799,935478.927618,547190.252644,3328.039300,87.699947,93.030742
302,-1,341.640016,70.508820,935478.755702,547189.729023,3328.041000,87.699985,93.031344
303,-1,341.280099,70.508582,935478.580506,547189.206715,3328.041400,87.699957,93.031451
304,-1,340.920102,70.509107,935478.402028,547188.685390,3328.040500,87.699967,93.031161
305,-1,340.560012,70.510453,935478.220270,547188.165050,3328.038200,87.700018,93.030441
306,-1,340.200018,70.512481,935478.035231,547187.646022,3328.034700,87.700002,93.029258
307,-1,339.839903,70.515332,935477.846911,547187.127979,3328.029800,87.700028,93.027649
308,-1,339.480054,70.518900,935477.655311,547186.611575,3328.023600,87.699871,93.025433
309,-1,339.119932,70.523318,935477.460757,547186.095828,3328.016099,87.700181,93.023224
310,-1,338.759971,70.528391,935477.262595,547185.581722,3328.007300,87.699997,93.020117
311,-1,338.400109,70.534266,935477.061480,547185.068928,3327.997200,87.700047,93.016797
312,-1,338.039977,70.540845,935476.856756,547184.557118,3327.985799,87.699840,93.012804
313,-1,337.680000,70.548290,935476.649407,547184.046620,3327.973100,87.700172,93.008887
314,-1,337.319921,70.556414,935476.438450,547183.537435,3327.959099,87.700130,93.004186
315,-1,336.960004,70.565311,935476.224211,547183.029890,3327.943700,87.699890,92.998835
316,-1,336.599922,70.574981,935476.007020,547182.523329,3327.927100,87.700010,92.993426
317,-1,336.239973,70.585366,935475.786548,547182.018409,3327.909199,87.699931,92.987400
318,-1,335.880032,70.596613,935475.563123,547181.514801,3327.889899,87.700081,92.981128
319,-1,335.519999,70.608546,935475.336418,547181.012505,3327.869400,87.700162,92.974396
320,-1,335.160053,70.621252,935475.106431,547180.511850,3327.847500,87.700040,92.967012
321,-1,334.799982,70.634645,935474.873164,547180.012507,3327.824400,87.699852,92.959172
322,-1,334.439959,70.648904,935474.637272,547179.514477,3327.800000,87.700193,92.951406
323,-1,334.080078,70.674785,935474.397771,547179.018415,3327.755399,87.699890,92.936351
324,-1,333.719931,70.704010,935474.155318,547178.523337,3327.705200,87.699965,92.919821
325,-1,333.359988,70.710983,935552.299847,547138.706816,3358.386499,175.400111,185.831917
326,-1,332.999947,70.722762,935551.802472,547137.723222,3358.346000,175.400027,185.818463
327,-1,332.639984,70.758345,935551.299192,547136.742909,3358.223800,175.400117,185.778241
328,-1,332.280038,70.794544,935550.789679,547135.765877,3358.099500,175.400085,185.737284
329,-1,331.919998,70.831344,935550.273932,547134.791797,3357.973199,175.400086,185.695776
330,-1,331.559945,70.868791,935549.751951,547133.820999,3357.844700,175.399969,185.653513
331,-1,331.200010,70.906840,935549.224065,547132.853809,3357.714200,175.399865,185.610686
332,-1,330.839990,70.945551,935548.690274,547131.889572,3357.581600,175.400087,185.567564
333,-1,330.480008,70.984866,935548.150249,547130.928944,3357.446900,175.400032,185.523580
334,-1,330.120009,71.024801,935547.604318,547129.971597,3357.310200,175.400145,185.479193
335,-1,329.760017,71.065311,935547.052154,547129.017859,3357.171500,175.399980,185.433984
336,-1,329.399979,71.106472,935546.494084,547128.067401,3357.030700,175.399985,185.388348
337,-1,329.040029,71.147419,935470.725207,547172.236932,3326.945400,87.700138,92.671685
338,-1,328.680079,71.186352,935470.440102,547171.765477,3326.878800,87.699920,92.649979
339,-1,328.319858,71.225999,935470.152045,547171.295333,3326.811100,87.699960,92.628207
340,-1,327.960013,71.266314,935469.861363,547170.827486,3326.742300,87.700024,92.606147
341,-1,327.599940,71.307314,935469.567400,547170.361280,3326.672300,87.699897,92.583570
342,-1,327.240034,71.349016,935469.270813,547169.897042,3326.601200,87.699962,92.560869
343,-1,326.879985,71.391462,935468.971273,547169.434444,3326.528900,87.700118,92.537920
344,-1,326.519961,71.434557,935468.668780,547168.973815,3326.455500,87.700189,92.514591
345,-1,326.160123,71.478267,935468.363335,547168.515483,3326.380999,87.699990,92.490710
346,-1,325.799923,71.522701,935468.054936,547168.058463,3326.305400,87.700071,92.466799
347,-1,325.440001,71.567805,935467.743913,547167.603739,3326.228700,87.700154,92.442597
348,-1,325.080044,71.613622,935467.429938,547167.150984,3326.150800,87.700149,92.417992
349,-1,324.720036,71.660035,935467.113009,547166.700198,3326.071900,87.700058,92.393049
350,-1,324.359964,71.707163,935466.793128,547166.251380,3325.991800,87.699883,92.367710
351,-1,323.999936,71.755001,935466.470622,547165.804530,3325.910600,87.699891,92.342264
352,-1,323.639942,71.803490,935466.145491,547165.359649,3325.828400,87.700081,92.316742
353,-1,323.280013,71.852660,935465.817408,547164.917065,3325.745000,87.699993,92.290649
354,-1,322.920089,71.902482,935465.486700,547164.476449,3325.660600,87.700085,92.264484
355,-1,322.560029,71.953027,935465.153039,547164.037802,3325.575000,87.700097,92.237940
356,-1,322.199987,72.004138,935464.816426,547163.601451,3325.488400,87.699831,92.210896
357,-1,321.840040,72.056013,935464.477516,547163.167069,3325.400700,87.700006,92.184005
358,-1,321.480082,72.106505,935464.135653,547162.734983,3325.315300,87.699902,92.157632
359,-1,321.120062,72.147175,935463.791165,547162.304866,3325.246600,87.699981,92.136621
360,-1,320.760134,72.188274,935463.444053,547161.877045,3325.177200,87.700036,92.115422
361,-1,320.399982,72.229971,935463.093988,547161.451193,3325.106799,87.700022,92.093898
362,-1,320.039893,72.272099,935462.741299,547161.027637,3325.035699,87.699987,92.072190
363,-1,319.679991,72.314763,935462.386312,547160.606378,3324.963800,87.700178,92.050505
364,-1,319.319985,72.357929,935462.028374,547160.187416,3324.891000,87.700094,92.028335
365,-1,318.959998,72.401587,935461.667810,547159.770750,3324.817400,87.699984,92.005951
366,-1,318.600017,72.445676,935461.304622,547159.356381,3324.743100,87.699849,91.983385
367,-1,318.240008,72.490404,935460.939137,547158.943980,3324.667900,87.700151,91.961020
368,-1,317.879994,72.535538,935460.570699,547158.534204,3324.591900,87.699965,91.938006
369,-1,317.520087,72.581211,935460.199965,547158.126724,3324.515100,87.699997,91.915017
370,-1,317.160127,72.627318,935459.826606,547157.721541,3324.437600,87.700004,91.891852
371,-1,316.800102,72.673980,935459.450623,547157.318655,3324.359200,87.699986,91.868457
372,-1,316.439997,72.721079,935459.072015,547156.918065,3324.280100,87.699946,91.844893
373,-1,316.079946,72.768719,935458.691110,547156.519772,3324.200200,87.700123,91.821362
374,-1,315.719941,72.816814,935458.307580,547156.124104,3324.119500,87.700052,91.797420
375,-1,315.360115,72.865409,935457.921754,547155.731060,3324.038000,87.699964,91.773292
376,-1,315.000000,72.914486,935457.533304,547155.339984,3323.955800,87.700088,91.749227
377,-1,314.639884,72.964021,935457.142228,547154.951534,3323.872800,87.699964,91.724758
378,-1,314.280058,73.014099,935456.749185,547154.565708,3323.789000,87.700052,91.700325
379,-1,313.920053,73.064679,935456.353516,547154.182178,3323.704400,87.700123,91.675714
380,-1,313.560002,73.115660,935455.955223,547153.801274,3323.619100,87.699946,91.650734
381,-1,313.199897,73.167127,935455.554633,547153.422665,3323.533100,87.699986,91.625831
382,-1,312.839872,73.219097,935455.151747,547153.046682,3323.446300,87.700004,91.600750
383,-1,312.479912,73.271570,935454.746564,547152.673323,3323.358700,87.699997,91.575491
384,-1,312.120005,73.324487,935454.339084,547152.302589,3323.270399,87.699965,91.550084
385,-1,311.759991,73.377893,935453.929308,547151.934151,3323.181400,87.700151,91.524763
386,-1,311.399982,73.431721,935453.516908,547151.568667,3323.091600,87.699849,91.498826
387,-1,311.040001,73.486078,935453.102538,547151.205478,3323.001099,87.699984,91.473190
388,-1,310.680014,73.540941,935452.685873,547150.844915,3322.909799,87.700094,91.447385
389,-1,310.320008,73.596252,935452.266910,547150.486976,3322.817800,87.700178,91.421442
390,-1,309.960106,73.651966,935451.845651,547150.131990,3322.725100,87.699987,91.395123
391,-1,309.600017,73.708234,935451.422096,547149.779300,3322.631599,87.700022,91.368883
392,-1,309.239865,73.764892,935450.996243,547149.429235,3322.537500,87.700036,91.342543
393,-1,308.879937,73.822052,935450.568423,547149.082123,3322.442599,87.699981,91.316003
394,-1,308.519917,73.879664,935450.138305,547148.737635,3322.346999,87.699902,91.289338
395,-1,308.159959,73.937763,935449.706220,547148.395773,3322.250700,87.700006,91.262747
396,-1,307.800012,73.996270,935449.271837,547148.056863,3322.153700,87.699831,91.235788
397,-1,307.439970,74.055311,935448.835487,547147.720249,3322.056000,87.700097,91.209156
398,-1,307.079910,74.114761,935448.396839,547147.386588,3321.957599,87.700085,91.182162
399,-1,306.719986,74.174717,935447.956223,547147.055880,3321.858400,87.699993,91.154971
400,-1,306.360057,74.235102,935447.513639,547146.727797,3321.758600,87.700081,91.127891
401,-1,306.000063,74.295899,935447.068758,547146.402666,3321.658100,87.699891,91.100454
402,-1,305.640035,74.357188,935446.621908,547146.080160,3321.556900,87.699883,91.073107
403,-1,305.279963,74.418969,935446.173090,547145.760279,3321.455000,87.700058,91.045852
404,-1,304.919955,74.481197,935445.722304,547145.443351,3321.352400,87.700149,91.018435
405,-1,304.559998,74.543813,935445.269549,547145.129375,3321.249200,87.700154,90.990882
406,-1,304.200076,74.606876,935444.814825,547144.818352,3321.145300,87.700071,90.963168
407,-1,303.840054,74.670435,935444.358133,547144.509954,3321.040700,87.700173,90.935557
408,-1,303.480038,74.734443,935443.899473,547144.204508,3320.935400,87.700189,90.907791
409,-1,303.120014,74.798901,935443.438844,547143.902015,3320.829400,87.700118,90.879872
410,-1,302.759965,74.863751,935442.976246,547143.602475,3320.722800,87.699962,90.851828
411,-1,302.400059,74.929020,935442.512008,547143.305888,3320.615600,87.699897,90.823833
412,-1,302.039986,74.994849,935442.045802,547143.011925,3320.507600,87.700024,90.795933
413,-1,301.680141,75.061054,935441.577955,547142.721243,3320.399000,87.699960,90.767815
414,-1,301.319920,75.127669,935441.107812,547142.433186,3320.289800,87.699920,90.739686
415,-1,300.959970,75.194794,935440.636356,547142.148082,3320.179900,87.700138,90.711752
416,-1,300.600020,75.262269,935440.162932,547141.866258,3320.069399,87.699992,90.683438
417,-1,300.240129,75.330228,935439.687867,547141.587387,3319.958199,87.699930,90.655153
418,-1,299.879990,75.398628,935439.210834,547141.311141,3319.846399,87.700072,90.627042
419,-1,299.519991,75.467467,935438.732160,547141.038176,3319.733900,87.700016,90.598692
420,-1,299.160009,75.536731,935438.251846,547140.768163,3319.620800,87.700043,90.570405
421,-1,298.800032,75.606480,935437.769892,547140.501103,3319.507000,87.700155,90.542157
422,-1,298.439960,75.676522,935437.285969,547140.237324,3319.392700,87.699906,90.513571
423,-1,298.080051,75.747076,935436.800734,547139.976498,3319.277700,87.699898,90.485181
424,-1,297.720106,75.818056,935436.313858,547139.718625,3319.162100,87.699974,90.456863
425,-1,297.359920,75.889499,935435.825014,547139.463704,3319.045800,87.699983,90.428448
426,-1,296.999957,75.961287,935435.334857,547139.212064,3318.929000,87.699939,90.400002
427,-1,296.639915,76.033564,935434.843060,547138.963377,3318.811500,87.699982,90.371612
428,-1,296.280068,76.106246,935434.349951,547138.717970,3318.693400,87.699965,90.343165
429,-1,295.919921,76.179335,935433.854873,547138.475517,3318.574700,87.699890,90.314664
430,-1,295.560040,76.252897,935433.358811,547138.236016,3318.455400,87.700193,90.286533
431,-1,295.200017,76.326778,935432.860781,547138.000124,3318.335500,87.699852,90.257784
432,-1,294.839946,76.401155,935432.361438,547137.766857,3318.215000,87.700040,90.229559
433,-1,294.480000,76.475940,935431.860783,547137.536870,3318.093900,87.700162,90.201281
434,-1,294.119967,76.551112,935431.358487,547137.310165,3317.972200,87.700081,90.172819
435,-1,293.760026,76.626692,935430.854879,547137.086740,3317.849900,87.699931,90.144307
436,-1,293.400077,76.702725,935430.349959,547136.866268,3317.727000,87.700010,90.116038
437,-1,293.039995,76.779147,935429.843399,547136.649077,3317.603500,87.699890,90.087596
438,-1,292.680078,76.856042,935429.335854,547136.434839,3317.479400,87.700130,90.059528
439,-1,292.319999,76.933266,935428.826668,547136.223881,3317.354800,87.700172,90.031317
440,-1,291.960022,77.010857,935428.316171,547136.016532,3317.229600,87.699840,90.002770
441,-1,291.599890,77.088946,935427.804361,547135.811808,3317.103800,87.700047,89.974780
442,-1,291.240028,77.167420,935427.291566,547135.610693,3316.977400,87.699997,89.946573
443,-1,290.880067,77.246286,935426.777460,547135.412531,3316.850500,87.700181,89.918653
444,-1,290.519945,77.325506,935426.261713,547135.217977,3316.723000,87.699871,89.890290
445,-1,290.160096,77.405213,935425.745310,547135.026377,3316.594900,87.700028,89.862423
446,-1,289.799981,77.485256,935425.227266,547134.838057,3316.466300,87.700002,89.834443
447,-1,289.439987,77.565728,935424.708238,547134.653018,3316.337100,87.700018,89.806551
448,-1,289.079897,77.646615,935424.187898,547134.471260,3316.207299,87.699967,89.778642
449,-1,288.719900,77.727870,935423.666574,547134.292782,3316.077000,87.699957,89.750846
450,-1,288.359983,77.809492,935423.144265,547134.117586,3315.946200,87.699985,89.723162
451,-1,287.999926,77.891530,935422.620644,547133.945670,3315.814799,87.699947,89.695471
452,-1,287.639920,77.973999,935422.096039,547133.777035,3315.682800,87.699949,89.667876
453,-1,287.279952,78.056836,935421.570449,547133.611681,3315.550300,87.699987,89.640400
454,-1,286.920006,78.140041,935421.043875,547133.449608,3315.417300,87.700062,89.613045
455,-1,286.560069,78.223677,935420.516317,547133.290816,3315.283700,87.700172,89.585791
456,-1,286.199983,78.307629,935419.987447,547133.135633,3315.149600,87.699912,89.558263
457,-1,285.840022,78.392003,935419.457921,547132.983402,3315.015000,87.700096,89.531263
458,-1,285.480087,78.476769,935418.927410,547132.834780,3314.879800,87.700000,89.504063
459,-1,285.120103,78.561904,935418.395915,547132.689439,3314.744100,87.699942,89.476996
460,-1,284.760058,78.647410,935417.863436,547132.547379,3314.607900,87.699922,89.450067
461,-1,284.399937,78.733286,935417.329972,547132.408600,3314.471200,87.699943,89.423279
462,-1,284.039934,78.819606,935416.795852,547132.273101,3314.333900,87.700086,89.396695
463,-1,283.680088,78.906204,935416.261077,547132.141212,3314.196200,87.700029,89.370042
464,-1,283.319915,78.993227,935415.724988,547132.012603,3314.057900,87.699937,89.343444
465,-1,282.960027,79.080640,935415.188572,547131.887275,3313.919100,87.700040,89.317148
466,-1,282.600041,79.168386,935414.651172,547131.765557,3313.779800,87.699866,89.290694
467,-1,282.240058,79.256488,935414.113115,547131.646790,3313.640100,87.700129,89.264805
468,-1,281.879948,79.344988,935413.574074,547131.531633,3313.499800,87.700119,89.238749
469,-1,281.520112,79.433838,935413.034705,547131.420085,3313.359000,87.699972,89.212679
470,-1,281.160074,79.523062,935412.494352,547131.311817,3313.217699,87.699875,89.186781
471,-1,280.800029,79.612668,935411.953342,547131.206831,3313.075900,87.699895,89.161125
472,-1,280.439966,79.702654,935411.411677,547131.105125,3312.933600,87.700033,89.135714
473,-1,280.079908,79.792921,935410.869355,547131.007028,3312.790900,87.699966,89.110250
474,-1,279.720015,79.883639,935410.326705,547130.912212,3312.647600,87.700074,89.085073
475,-1,279.360097,79.974639,935409.783399,547130.821005,3312.503900,87.699973,89.059846
476,-1,279.000105,80.066020,935409.239437,547130.733078,3312.359700,87.699991,89.034874
477,-1,278.640025,80.157718,935408.694819,547130.648433,3312.215100,87.700128,89.010178
478,-1,278.280088,80.249831,935408.149872,547130.567396,3312.069900,87.700110,88.985455
479,-1,277.920066,80.342228,935407.604270,547130.489969,3311.924300,87.699889,88.960695
480,-1,277.559884,80.435041,935407.058011,547130.415494,3311.778200,87.700116,88.936526
481,-1,277.200041,80.528111,935406.511752,547130.344956,3311.631700,87.699904,88.912090
482,-1,276.840015,80.621598,935405.964837,547130.277371,3311.484700,87.700140,88.888251
483,-1,276.480082,80.715403,935405.417594,547130.213722,3311.337199,87.699891,88.864088
484,-1,276.119941,80.809559,935404.869695,547130.153027,3311.189300,87.700096,88.840549
485,-1,275.760073,80.903974,935404.321796,547130.096269,3311.041000,87.699849,88.816740
486,-1,275.399973,80.998868,935403.773241,547130.042463,3310.892100,87.700061,88.793531
487,-1,275.040096,81.093990,935403.224685,547129.992266,3310.742900,87.700141,88.770390
488,-1,274.679998,81.189461,935402.675474,547129.945678,3310.593200,87.700031,88.747228
489,-1,274.320076,81.285320,935402.126262,547129.902371,3310.443000,87.700114,88.724428
490,-1,273.959903,81.381401,935401.576395,547129.862673,3310.292500,87.700011,88.701649
491,-1,273.600093,81.477871,935401.026855,547129.826256,3310.141500,87.700121,88.679254
492,-1,273.240003,81.574692,935400.476659,547129.793448,3309.990000,87.700048,88.656858
493,-1,272.880034,81.671836,935399.926464,547129.763920,3309.838099,87.700163,88.634843
494,-1,272.519970,81.769268,935399.375940,547129.738002,3309.685800,87.700120,88.612869
495,-1,272.160008,81.866992,935398.825416,547129.715692,3309.533100,87.699933,88.590953
496,-1,271.799912,81.965035,935398.274564,547129.696663,3309.380000,87.699919,88.569409
497,-1,271.440099,82.063464,935397.724040,547129.680915,3309.226400,87.700097,88.548246
498,-1,271.079917,82.162117,935397.172860,547129.668776,3309.072499,87.700113,88.527143
499,-1,270.719993,82.261125,935396.622008,547129.660246,3308.918100,87.699990,88.506098
500,-1,270.360096,82.360453,935396.071156,547129.654996,3308.763300,87.700047,88.485442
501,-1,270.000000,82.460071,935395.519976,547129.653356,3308.608100,87.699955,88.464853
502,-1,269.639903,82.559943,935394.968796,547129.654996,3308.452600,87.700047,88.444674
503,-1,269.280006,82.660169,935394.417944,547129.660246,3308.296600,87.699990,88.424552
504,-1,268.920082,82.760713,935393.867093,547129.668776,3308.140199,87.700113,88.404829
505,-1,268.559900,82.861547,935393.315913,547129.680915,3307.983400,87.700097,88.385191
506,-1,268.200087,82.962606,935392.765389,547129.696663,3307.826300,87.699919,88.365630
507,-1,267.839991,83.064046,935392.214537,547129.715692,3307.668699,87.699933,88.346474
508,-1,267.480029,83.165737,935391.664013,547129.738002,3307.510800,87.700120,88.327730
509,-1,267.119965,83.267717,935391.113489,547129.763920,3307.352499,87.700163,88.309076
510,-1,266.759996,83.369922,935390.563293,547129.793448,3307.193900,87.700048,88.290509
511,-1,266.399906,83.472505,935390.013098,547129.826256,3307.034799,87.700121,88.272353
512,-1,266.040096,83.575311,935389.463558,547129.862673,3306.875400,87.700011,88.254266
513,-1,265.679923,83.678367,935388.913690,547129.902371,3306.715700,87.700114,88.236641
514,-1,265.320001,83.781774,935388.364479,547129.945678,3306.555500,87.700031,88.219063
515,-1,264.959903,83.885428,935387.815267,547129.992266,3306.395000,87.700141,88.201932
516,-1,264.600026,83.989304,935387.266712,547130.042463,3306.234200,87.700061,88.184869
517,-1,264.239926,84.093469,935386.718157,547130.096269,3306.073000,87.699849,88.167924
518,-1,263.880058,84.197899,935386.170258,547130.153027,3305.911500,87.700096,88.151697
519,-1,263.519917,84.302595,935385.622358,547130.213722,3305.749600,87.699891,88.135273
520,-1,263.159984,84.407618,935385.075115,547130.277371,3305.587300,87.700140,88.119557
521,-1,262.799958,84.512778,935384.528200,547130.344956,3305.424799,87.699904,88.103634
522,-1,262.440115,84.618262,935383.981942,547130.415494,3305.261900,87.700116,88.088418
523,-1,262.079933,84.723949,935383.435683,547130.489969,3305.098700,87.699889,88.073035
524,-1,261.719911,84.829959,935382.890080,547130.567396,3304.935100,87.700110,88.058362
525,-1,261.359974,84.936187,935382.345134,547130.648433,3304.771200,87.700128,88.043762
526,-1,260.999894,85.042635,935381.800516,547130.733078,3304.607000,87.699991,88.029284
527,-1,260.639902,85.149319,935381.256553,547130.821005,3304.442500,87.699973,88.015204
528,-1,260.279984,85.256238,935380.713247,547130.912212,3304.277700,87.700074,88.001522
529,-1,259.920091,85.363373,935380.170598,547131.007028,3304.112599,87.699966,87.987915
530,-1,259.560033,85.470745,935379.628276,547131.105125,3303.947200,87.700033,87.974766
531,-1,259.199970,85.578398,935379.086610,547131.206831,3303.781400,87.699895,87.961691
532,-1,258.839925,85.686219,935378.545601,547131.311817,3303.615400,87.699875,87.949029
533,-1,258.480097,85.794267,935378.005576,547131.420085,3303.449100,87.699907,87.936708
534,-1,258.120051,85.902549,935377.465879,547131.531633,3303.282500,87.700119,87.924858
535,-1,257.759941,86.011046,935376.926838,547131.646790,3303.115600,87.700129,87.913100
536,-1,257.399958,86.121705,935376.388781,547131.765557,3302.945400,87.699866,87.901161
537,-1,257.039972,86.240739,935375.851381,547131.887275,3302.762400,87.700040,87.889147
538,-1,256.680084,86.359924,935375.314964,547132.012603,3302.579199,87.699937,87.877224
539,-1,256.319911,86.479343,935374.778876,547132.141212,3302.395699,87.700029,87.865856
540,-1,255.960065,86.598987,935374.244100,547132.273101,3302.211899,87.700086,87.854817
541,-1,255.600062,86.718718,935373.709981,547132.408600,3302.028000,87.699943,87.843957
542,-1,255.239941,86.838613,935373.176517,547132.547379,3301.843900,87.699922,87.833591
543,-1,254.879896,86.958733,935372.644038,547132.689439,3301.659499,87.699942,87.823634
544,-1,254.519912,87.078946,935372.112543,547132.834780,3301.475000,87.700000,87.814097
545,-1,254.159977,87.199381,935371.582032,547132.983402,3301.290200,87.700096,87.804969
546,-1,253.800016,87.319897,935371.052506,547133.135633,3301.105300,87.699912,87.795945
547,-1,253.439930,87.440580,935370.523635,547133.290816,3300.920199,87.700172,87.787745
548,-1,253.079993,87.561406,935369.996077,547133.449608,3300.734900,87.700062,87.779555
549,-1,252.720047,87.682386,935369.469504,547133.611681,3300.549400,87.699987,87.771783
550,-1,252.360079,87.803517,935368.943914,547133.777035,3300.363700,87.699949,87.764432
551,-1,252.000073,87.924735,935368.419309,547133.945670,3300.177900,87.699947,87.757506
552,-1,251.640016,88.046102,935367.895688,547134.117586,3299.991899,87.699985,87.751004
553,-1,251.280099,88.167551,935367.373379,547134.292782,3299.805800,87.699957,87.744828
554,-1,250.920102,88.289082,935366.852055,547134.471260,3299.619600,87.699967,87.739082
555,-1,250.560012,88.410825,935366.331715,547134.653018,3299.433099,87.700018,87.733763
556,-1,250.200018,88.532582,935365.812687,547134.838057,3299.246600,87.700002,87.728772
557,-1,249.839903,88.654482,935365.294643,547135.026377,3299.059899,87.700028,87.724216
558,-1,249.480054,88.776458,935364.778240,547135.217977,3298.873100,87.699871,87.719872
559,-1,249.120132,88.898515,935364.262821,547135.412531,3298.686200,87.700064,87.716273
560,-1,248.759971,89.020644,935363.748386,547135.610693,3298.499200,87.699997,87.712811
561,-1,248.400109,89.142914,935363.235592,547135.811808,3298.312000,87.700047,87.709860
562,-1,248.039977,89.265189,935362.723782,547136.016532,3298.124800,87.699840,87.707053
563,-1,247.680000,89.387606,935362.213284,547136.223881,3297.937400,87.700172,87.705182
564,-1,247.319921,89.510025,935361.704099,547136.434839,3297.750000,87.700130,87.703337
565,-1,246.960004,89.632514,935361.196554,547136.649077,3297.562500,87.699890,87.701694
566,-1,246.599922,89.755073,935360.689994,547136.866268,3297.374900,87.700010,87.700812
567,-1,246.239973,89.877699,935360.185073,547137.086740,3297.187200,87.699931,87.700130
568,-1,245.880032,90.000326,935359.681465,547137.310165,3296.999500,87.700081,87.700081
569,-1,245.519999,90.123018,935359.179170,547137.536870,3296.811700,87.700162,87.700364
570,-1,245.160053,90.245710,935358.678515,547137.766857,3296.623900,87.700040,87.700847
571,-1,244.799999,90.335255,820385.720797,302809.089177,1716.448099,270116.000053,270120.624220
572,-1,244.440000,90.330321,743288.464559,145539.591708,730.000000,445252.899943,445260.299596
573,-1,244.079999,90.343031,797504.335129,263493.760655,1408.325400,315456.900207,315462.554006
574,-1,243.719999,90.310794,794520.654089,261928.053485,1571.074700,318175.599998,318180.281055
575,-1,243.359999,90.275100,840429.972375,357905.762120,2280.076400,211795.499930,211797.941266
576,-1,243.000000,90.213483,842347.942620,364601.200172,2533.337600,204954.900012,204956.322711
577,-1,242.640000,90.149043,837695.827253,358413.043913,2744.002400,212584.800034,212585.519290
578,-1,242.279999,90.223554,835981.152204,358021.379670,2463.091500,213724.900190,213726.527050
579,-1,241.919999,90.273386,835950.229694,360816.303543,2288.921800,211269.299980,211271.705005
580,-1,241.560000,90.271709,829440.699078,351584.576599,2241.928000,222482.824945,222485.326646
581,-1,241.199999,90.246312,827996.535300,351859.325722,2338.612200,222933.400040,222935.460079
582,-1,240.839999,90.318073,824805.528230,349015.069927,2036.992900,226967.599919,226971.097347
583,-1,240.479999,90.368223,823179.558385,349037.754921,1833.332599,227744.539460,227749.242757
584,-1,240.120000,90.423326,775320.993013,268614.217934,922.936600,321315.361016,321324.131371
585,-1,239.760000,90.432183,774624.892699,271428.808761,889.011499,319227.999868,319237.081663
586,-1,239.400000,90.444337,823749.606130,358434.422808,1596.059500,219325.796313,219332.391878
587,-1,239.039999,90.451858,784481.338866,295656.334781,983.421799,293356.500020,293365.622983
588,-1,238.679999,90.490593,784225.775072,298782.199593,806.859500,290813.200143,290823.861087
589,-1,238.320000,90.484790,782852.036678,300035.453648,839.285799,290462.400007,290472.797654
590,-1,237.960000,90.467069,781729.040893,301681.183952,935.690600,289657.379084,289667.003712
591,-1,237.600000,90.456794,781120.751427,304119.216806,1001.496100,287919.100067,287928.250649
592,-1,237.240000,90.486661,816944.510816,363135.256910,1437.660000,218899.200059,218907.096577
593,-1,236.879999,90.503273,816700.691422,365278.708332,1388.824400,217232.900047,217241.280600
594,-1,236.519999,90.476689,815711.521484,366257.343842,1491.911500,216958.024794,216965.533823
595,-1,236.160000,90.469202,780001.464623,315442.678083,1011.801900,279046.255156,279055.612104
596,-1,235.800000,90.412363,890783.805394,481573.208682,2725.766600,79368.500062,79370.555685
597,-1,235.440000,90.375128,890471.733512,481999.254090,2778.498000,79193.099803,79194.797182
598,-1,235.080000,90.329843,890012.643223,482210.894086,2840.587400,79280.799967,79282.113720
599,-1,234.720000,90.272647,889655.747283,482568.917320,2920.149100,79193.099965,79193.996608
600,-1,234.359999,90.211241,889199.352526,482786.309930,3004.700900,79280.799934,79281.338769
601,-1,234.000000,90.150741,888643.326079,482868.478729,3087.735400,79539.583191,79539.858473
602,-1,233.639999,90.091245,888185.382770,483089.397907,3170.184200,79631.600006,79631.700985
603,-1,233.280000,90.055931,887733.540169,483320.462405,3219.182900,79714.973415,79715.011397
604,-1,232.920000,90.063449,886804.267093,482921.562940,3207.752600,80591.925874,80591.975291
605,-1,232.559999,90.057455,886347.933689,483158.508661,3216.095300,80679.621334,80679.661899
606,-1,232.200000,90.048315,885889.975287,483395.189618,3228.888500,80771.700078,80771.728796
607,-1,231.840000,90.095321,885438.473893,483641.992930,3162.482800,80855.011601,80855.123498
608,-1,231.480000,90.232321,885149.237923,484094.359151,2969.860100,80679.621044,80680.284286
609,-1,231.119999,90.391645,884753.618636,484411.309633,2745.505999,80679.621305,80681.506181
610,-1,230.760000,90.499931,888298.609905,489553.076252,2647.344800,74453.259076,74456.093363
611,-1,230.400000,90.548388,887993.125608,489917.701507,2585.211800,74365.563863,74368.970217
612,-1,230.040000,90.561225,785794.838863,368677.217283,1015.312800,232931.200063,232942.374975
613,-1,229.679999,90.573615,784740.921680,369697.205400,965.939799,232830.863294,232842.532077
614,-1,229.320000,90.590360,799062.444218,388603.571131,1141.865300,209153.148299,209164.251365
615,-1,228.960000,90.598167,785688.961122,375242.287158,916.514599,228007.625185,228020.051428
616,-1,228.600000,90.655905,789946.811202,382238.177365,779.084000,219939.663044,219954.075390
617,-1,228.239999,90.648716,792475.864543,387145.654099,867.255200,214590.253268,214604.008484
618,-1,227.879999,90.632751,790414.245307,386875.948274,909.623000,216168.767805,216181.950549
619,-1,227.519999,90.632522,789764.999886,388178.110039,916.295199,215642.596168,215655.737317
620,-1,227.160000,90.639825,789305.266226,389674.993857,897.619000,214853.338963,214866.736124
621,-1,226.799999,90.639167,790651.662483,393080.800693,938.114100,211444.699945,211457.857451
622,-1,226.439999,90.626691,792655.133214,397115.488162,1031.288100,207136.157960,207148.549077
623,-1,226.080000,90.798577,840987.215027,449181.124516,1399.900599,136103.013192,136116.234101
624,-1,225.719999,90.782196,892966.051358,503707.887509,2467.284000,60772.801660,60778.465350
625,-1,225.359999,90.694119,892631.893562,503912.938609,2559.659000,60860.496850,60864.963227
626,-1,225.000000,90.655583,892298.639963,504120.473298,2599.594600,60948.192210,60952.182143
627,-1,224.639999,90.566093,891217.528936,503591.060315,2683.535900,62088.230228,62091.260827
628,-1,224.280000,90.549725,890879.090637,503805.916185,2700.401500,62179.300049,62182.162107
629,-1,223.919999,90.586289,890799.142634,504271.307314,2663.443799,61912.839854,61916.081371
630,-1,223.560000,90.560314,890718.408215,504731.350686,2694.054300,61653.099958,61656.048186
631,-1,223.199999,90.400889,890454.783414,505015.192638,2865.639600,61649.754000,61651.263085
632,-1,222.840000,90.371878,890254.811373,505358.023317,2897.425500,61562.058776,61563.355501
633,-1,222.480000,90.397630,890122.046875,505760.922117,2870.971600,61386.668373,61388.146691
634,-1,222.119999,90.413916,889990.094055,506161.604059,2854.765300,61214.599972,61216.197377
635,-1,221.760000,90.398527,890062.586692,506741.946074,2874.280799,60772.801739,60774.271881
636,-1,221.399999,90.435625,889940.730965,507143.566334,2836.263200,60597.411222,60599.162743
637,-1,221.039999,90.558488,890020.560202,507717.853571,2710.584000,60158.934950,60161.793009
638,-1,220.679999,90.634243,889706.770147,507946.568008,2630.064199,60246.630107,60250.321515
639,-1,220.319999,90.712368,889592.167358,508345.789979,2550.044899,60074.499973,60079.143544
640,-1,219.960000,90.852477,889216.899407,508523.795200,2400.551700,60246.630088,60253.299134
641,-1,219.599999,90.902242,819647.520502,451462.280715,931.244399,150221.946833,150240.574113
642,-1,219.240000,90.920923,819585.239130,452630.085794,893.398400,149528.500046,149547.817191
643,-1,218.880000,91.167150,837158.675768,468006.814227,726.005600,126193.450948,126219.638227
644,-1,218.519999,91.126049,838240.998407,469881.771107,856.211299,124176.460476,124200.445997
645,-1,218.160000,91.135835,837274.329408,470114.450103,822.823300,124790.327035,124814.851969
646,-1,217.800000,91.183889,837276.867461,471108.724690,730.805300,124176.460419,124202.973706
647,-1,217.439999,91.169808,840839.094916,474818.851128,865.198300,119090.136613,119114.962528
648,-1,217.079999,91.170778,840525.996789,475520.140079,866.764500,118914.745995,118939.576506
649,-1,216.719999,91.239258,842115.900106,477638.203428,779.590299,116371.584081,116398.809845
650,-1,216.359999,91.273505,850367.030913,484620.524766,949.787700,105585.069476,105611.156143
651,-1,215.999999,91.311762,850613.926745,485619.920405,897.325899,104795.812376,104823.283327
652,-1,215.640000,91.330210,841462.437502,479868.631710,613.094100,115582.326869,115613.483795
653,-1,215.279999,91.323875,841828.609670,481017.310515,648.174199,114617.679136,114648.282362
654,-1,214.919999,91.310490,862051.504591,496013.789053,1250.729400,89449.145248,89472.547795
655,-1,214.559999,91.311643,861731.232922,496475.630649,1248.927600,89449.145362,89472.589135
656,-1,214.200000,91.289122,861268.807666,496840.891401,1280.158400,89624.535662,89647.225515
657,-1,213.840000,91.290546,861245.105285,497502.976035,1285.832299,89273.754860,89296.405876
658,-1,213.480000,91.325347,861446.219384,498308.492140,1245.781900,88659.888106,88683.613226
659,-1,213.120000,91.375986,860773.141662,498534.510717,1156.847200,89098.364229,89124.063879
660,-1,212.759999,91.408316,860468.733150,499004.334909,1106.542400,89098.364337,89125.286154
661,-1,212.400000,91.424251,842618.963732,488339.560307,565.000000,109882.136390,109916.094006
662,-1,212.040000,91.398291,842696.881555,489202.790864,627.660600,109355.964726,109388.538677
663,-1,211.679999,91.324323,842558.081964,489924.541060,775.000000,109092.878926,109122.026724
664,-1,211.319999,91.259245,842949.095946,490964.837864,918.249800,108215.926786,108242.067897
665,-1,210.959999,91.213843,842672.679176,491591.916335,1005.900400,108128.231489,108152.501507
666,-1,210.599999,91.177907,842777.904687,492443.448424,1084.566700,107602.060010,107624.802808
667,-1,210.239999,91.150729,842359.818581,492982.294131,1133.866500,107689.755215,107711.478148
668,-1,209.879999,91.111000,841640.698628,493349.479092,1200.064700,108128.231276,108148.562341
669,-1,209.520000,91.052025,841533.022334,494069.246682,1316.232399,107865.145909,107883.331160
670,-1,209.160000,91.018059,841813.585750,495001.883596,1392.663799,107163.583792,107180.502833
671,-1,208.799999,91.031248,841564.203702,495633.150706,1369.567800,107075.888379,107093.234459
672,-1,208.439999,91.095313,841858.839596,496557.835209,1263.213099,106374.326559,106393.766923
673,-1,208.079999,91.141317,842083.994001,497435.488965,1190.000000,105760.459991,105781.446136
674,-1,207.720000,91.144929,843791.444327,499083.341312,1228.898800,103480.383584,103501.047479
675,-1,207.360000,91.088950,842945.622199,499377.732128,1318.370300,104094.250340,104113.053598
676,-1,207.000000,91.089706,842881.274887,500078.990896,1322.000000,103831.164665,103849.946464
677,-1,206.640000,91.114416,843919.479832,501329.659982,1306.204800,102340.345512,102359.706843
678,-1,206.280000,91.221217,895765.419775,527648.147372,2354.801100,44198.401137,44208.442653
679,-1,205.920000,91.152974,895879.866396,528012.534110,2412.761700,43935.315617,43944.212768
680,-1,205.559999,91.104043,896313.769728,528526.052440,2462.127200,43321.448853,43329.492765
681,-1,205.200000,91.038325,896514.497345,528921.332817,2518.191800,42970.667749,42977.724800
682,-1,204.840000,91.117434,897275.711046,529571.223578,2477.656099,42006.020134,42014.010186
683,-1,204.479999,91.087422,897165.590203,529811.084319,2499.667700,42006.020172,42013.586725
684,-1,204.120000,91.067944,897056.978871,530051.632066,2513.953200,42006.020044,42013.317915
685,-1,203.759999,91.036081,897190.667580,530398.856437,2542.078899,41742.934536,41749.760353
686,-1,203.399999,90.986779,897327.196835,530743.718936,2582.540500,41479.848798,41486.001358
687,-1,203.039999,90.938934,897547.241999,531120.519364,2622.937200,41129.067689,41134.590914
688,-1,202.679999,90.933290,897608.678227,531426.271049,2629.846900,40953.677348,40959.111094
689,-1,202.320000,90.894735,897591.331477,531697.307580,2658.781500,40865.982033,40870.965371
690,-1,201.959999,90.878855,897657.227999,532000.732170,2672.801400,40690.591545,40695.378905
691,-1,201.600000,90.904237,897562.364672,532238.147378,2654.771100,40690.591673,40695.659580
692,-1,201.239999,90.914468,897468.995108,532476.154448,2647.503400,40690.591450,40695.774699
693,-1,200.880000,90.954396,897540.994964,532777.254239,2622.061400,40515.201161,40520.822638
694,-1,200.520000,90.995042,897615.274999,533076.865189,2596.357300,40339.810546,40345.894649
695,-1,200.159999,91.024870,897856.463821,533435.417293,2581.625499,39989.029713,39995.427965
696,-1,199.799999,91.042692,898183.164939,533820.081222,2577.162800,39550.553306,39557.103438
697,-1,199.440000,91.045749,898347.809623,534141.716077,2579.854600,39287.467868,39294.012635
698,-1,199.079999,91.093666,898349.262376,534403.416998,2548.660699,39199.772525,39206.914922
699,-1,198.719999,91.174995,898269.482024,534636.436873,2492.996400,39199.772352,39208.016709
700,-1,198.360000,91.214826,898440.860618,534952.821739,2471.312600,38936.686851,38945.440589
701,-1,198.000000,91.234920,898948.352385,535374.950488,2470.883900,38322.819964,38331.723126
702,-1,197.639999,91.275435,898958.235896,535630.761984,2445.724400,38235.124817,38244.600140
703,-1,197.279999,91.350368,898969.892040,535885.980633,2397.760500,38147.429498,38158.026796
704,-1,196.919999,91.397016,898647.717160,536038.504279,2360.268600,38410.515195,38421.935704
705,-1,196.559999,91.442573,898578.204175,536269.616677,2329.709099,38410.515229,38422.692928
706,-1,196.200000,91.477925,898594.358015,536525.627320,2308.256400,38322.819917,38335.572779
707,-1,195.839999,91.515086,898612.272021,536781.002137,2285.703700,38235.124636,38248.496391
708,-1,195.480000,91.605431,898631.938976,537035.728334,2227.826500,38147.429469,38162.409608
709,-1,195.119999,91.678092,898568.691727,537266.920457,2179.409300,38147.429702,38163.797005
710,-1,194.759999,91.773775,899015.707237,537632.558177,2131.940500,37621.258255,37639.293781
711,-1,194.400000,91.809091,859883.741538,527829.223781,834.592199,77961.068807,77999.946806
712,-1,194.039999,91.830725,860018.640219,528367.882481,813.534400,77697.982937,77737.662390
713,-1,193.679999,91.810271,860157.316450,528904.077931,849.615200,77434.897333,77473.563344
714,-1,193.319999,91.851753,860299.744971,529437.783884,802.000000,77171.811645,77212.133357
715,-1,192.960000,91.862602,882922.239753,535141.521492,1545.964700,53844.877672,53873.341980
716,-1,192.600000,91.898598,860852.504693,530555.015246,765.000000,76382.554535,76424.509559
717,-1,192.239999,91.930586,861349.196613,531153.852959,743.000000,75768.687775,75811.720487
718,-1,191.879999,91.902109,861936.264008,531763.838943,804.000000,75067.125919,75108.511120
719,-1,191.520000,91.948222,862098.403448,532278.239817,752.464999,74804.040020,74847.304973
720,-1,191.159999,91.960815,861833.911522,532705.124462,730.000000,74979.430676,75023.359785
721,-1,190.800000,92.022593,861830.323275,533184.041484,652.154399,74891.735235,74938.422820
722,-1,190.439999,91.925547,861398.628272,533582.975725,767.361999,75242.516133,75285.027080
723,-1,190.080000,91.847854,861228.080385,534032.829156,866.671199,75330.211553,75369.405403
724,-1,189.719999,91.806017,861578.885786,534573.123679,935.558699,74891.735366,74928.955893
725,-1,189.359999,91.797658,861068.259182,534965.861411,932.734800,75330.211409,75367.303924
726,-1,188.999999,91.828624,861079.363819,535446.830593,894.781000,75242.516379,75280.853656
727,-1,188.639999,91.856454,861093.575077,535927.176089,861.038100,75154.820987,75194.288533
728,-1,188.280000,91.881715,861024.103759,536394.248646,827.868100,75154.821168,75195.370583
729,-1,187.919999,91.918882,861044.427537,536873.832332,782.000000,75067.125781,75109.244425
730,-1,187.560000,91.950054,861241.704374,537375.807706,750.071100,74804.039920,74847.386294
731,-1,187.200000,91.956779,861355.339645,537863.903187,747.273100,74628.649543,74672.193218
732,-1,186.839999,91.998591,861472.174057,538350.181742,698.867899,74453.259187,74498.577798
733,-1,186.479999,92.000258,861505.054569,538824.724756,699.760899,74365.563887,74410.904733
734,-1,186.120000,92.030013,861453.781049,539289.154601,661.093500,74365.563874,74412.264402
735,-1,185.760000,92.035458,861405.426487,539753.897766,654.017500,74365.563961,74412.515477
736,-1,185.399999,92.086404,861359.993179,540218.935550,587.807799,74365.563800,74414.896369
737,-1,185.040000,92.148044,872411.716810,541662.674133,925.432900,63228.268377,63272.729137
738,-1,184.679999,92.172680,861365.298943,541156.976653,479.000000,74277.868787,74331.305084
739,-1,184.320000,92.154319,862552.927473,541714.719960,549.021999,73050.135225,73101.803257
740,-1,183.960000,92.137525,862782.249193,542190.677670,580.283599,72787.049410,72837.731361
741,-1,183.600000,92.139599,860826.610716,542525.875162,505.565400,74716.344902,74768.471314
742,-1,183.240000,92.106867,860886.160465,542999.451315,551.534299,74628.649673,74679.133189
743,-1,182.880000,92.054184,860510.791793,543450.062946,607.663600,74979.430457,75027.645051
744,-1,182.520000,91.994981,860400.988863,543916.792984,682.180800,75067.125929,75112.653226
745,-1,182.160000,92.007283,860469.364383,544391.364869,669.117499,74979.430530,75025.467470
746,-1,181.800000,92.031473,860453.087184,544862.192340,637.422200,74979.430619,75026.584422
747,-1,181.440000,92.024243,860439.768641,545333.112986,646.894899,74979.430644,75026.249252
748,-1,181.079999,92.018633,860517.089025,545805.760991,657.336800,74891.735289,74938.240147
749,-1,180.720000,91.998196,860597.386108,546277.362738,687.142800,74804.040080,74849.554220
750,-1,180.359999,91.976881,861645.278698,546753.960866,751.327699,73751.697073,73795.618221
751,-1,180.000000,91.955123,861731.518026,547217.353312,782.361699,73664.001949,73706.910049
752,-1,179.639999,91.926928,861119.117676,547684.051854,798.000000,74277.868481,74319.894692
753,-1,179.280000,91.911292,861474.269197,548146.323895,830.000000,73927.087749,73968.239076
754,-1,178.919999,91.917336,861744.604286,548605.804931,831.000000,73664.001926,73705.266676
755,-1,178.560000,91.946784,862193.119794,549057.517611,808.000000,73225.525584,73267.815022
756,-1,178.199999,92.047557,862819.690391,549498.140745,701.000000,72611.659059,72658.050120
757,-1,177.840000,92.077345,863361.250987,549934.268482,682.285699,72085.487699,72132.893104
758,-1,177.479999,92.070518,863467.354122,550382.960826,694.056800,71997.792425,72044.829290
759,-1,177.120000,92.041056,863401.079320,550839.239441,728.000000,72085.487752,72131.250547
760,-1,176.760000,91.996167,863425.257421,551291.519376,784.547200,72085.487592,72129.258560
761,-1,176.400000,91.950651,863539.798859,551738.132000,844.867100,71997.792308,72039.538123
762,-1,176.040000,91.915805,863482.135916,552195.578920,885.771099,72085.487701,72125.803718
763,-1,175.679999,91.896420,863602.280361,552640.717137,913.089900,71997.792533,72037.248399
764,-1,175.320000,91.880497,863725.176113,553084.542037,936.000000,71910.097295,71948.845814
765,-1,174.960000,91.860153,863850.811688,553527.037215,964.408800,71822.401762,71860.269806
766,-1,174.600000,91.861035,864066.480548,553959.932674,969.000000,71647.011397,71684.822844
767,-1,174.239999,91.860915,864197.505549,554399.169001,972.000000,71559.316200,71597.076477
768,-1,173.880000,91.886714,864505.621730,554818.326627,948.410799,71296.230396,71334.902676
769,-1,173.519999,91.892646,864729.049105,555243.794280,946.816399,71120.839843,71159.660082
770,-1,173.160000,91.900328,865042.088505,555656.310515,946.000000,70857.754116,70896.745478
771,-1,172.800000,91.947508,865618.522720,556032.237913,905.477299,70331.582782,70372.231153
772,-1,172.440000,91.985457,866023.016989,556424.332601,871.000000,69980.801926,70022.839947
773,-1,172.080000,92.004492,866429.670376,556811.694031,860.000000,69630.020716,69672.654277
774,-1,171.719999,92.030881,866578.095276,557232.198112,831.000000,69542.325664,69586.034624
775,-1,171.359999,92.067359,866815.778527,557638.042116,793.000000,69366.935152,69412.114997
776,-1,170.999999,92.130594,867142.453727,558027.577098,726.126600,69103.849319,69151.654939
777,-1,170.639999,92.143586,867384.778373,558427.682597,717.000000,68928.458970,68976.726916
778,-1,170.280000,92.101389,870395.392431,558351.382225,877.238599,65946.820854,65991.199610
779,-1,169.920000,92.054588,870207.607373,558805.613600,921.738599,66209.906555,66252.498766
780,-1,169.559999,92.069268,870109.217806,559246.751825,898.415900,66385.297164,66428.614958
781,-1,169.199999,92.081372,869927.663380,559706.015014,874.811300,66648.382714,66692.382747
782,-1,168.840000,92.074010,869921.386817,560134.085680,880.211299,66736.077859,66779.824465
783,-1,168.480000,92.056980,870261.622685,560492.673218,909.522100,66472.992221,66515.853340
784,-1,168.119999,92.069626,870432.136124,560883.603866,898.000000,66385.296909,66428.629722
785,-1,167.759999,92.101008,870433.583628,561310.100389,858.373999,66472.992217,66517.708853
786,-1,167.399999,92.120885,870437.829354,561737.117579,832.034400,66560.687536,66606.314871
787,-1,167.040000,92.131750,870444.879865,562164.636737,816.130900,66648.382821,66694.539837
788,-1,166.679999,92.145136,870454.742050,562592.640147,797.253200,66736.077821,66782.878172
789,-1,166.320000,92.149472,870552.628993,563000.368662,792.195500,66736.077833,66783.067690
790,-1,165.959999,92.155982,870568.000353,563428.749367,781.301300,66823.773183,66871.110372
791,-1,165.600000,92.175411,870671.138599,563835.749865,758.608500,66823.773080,66871.967820
792,-1,165.239999,92.205883,870861.633296,564219.752378,726.394899,66736.077979,66785.568161
793,-1,164.880000,92.215652,870969.735770,564624.892316,715.000000,66736.077834,66786.007581
794,-1,164.520000,92.250324,871164.895485,565005.939126,678.000000,66648.382634,66699.820605
795,-1,164.159999,92.308689,871277.931676,565409.158464,610.000000,66648.382606,66702.525237
796,-1,163.799999,92.361241,871561.925203,565762.726982,556.000000,66472.992307,66529.480587
797,-1,163.440000,92.401990,871847.824237,566113.446753,516.000000,66297.601623,66355.903596
798,-1,163.080000,92.312098,873813.585398,565950.858496,698.088000,64368.306509,64420.751520
799,-1,162.720000,92.246201,874099.980494,566285.318457,779.115399,64192.915926,64242.277341
800,-1,162.359999,92.229964,874137.425301,566696.645718,793.920299,64280.611352,64329.327711
801,-1,162.000000,92.227514,874094.219679,567135.353174,789.850699,64456.001556,64504.743502
802,-1,161.639999,92.150352,874220.577366,567520.125042,876.782900,64456.001608,64501.423194
803,-1,161.279999,92.092999,874266.294138,567932.240360,938.187000,64543.696803,64586.784993
804,-1,160.919999,92.099337,874563.410342,568258.582227,937.467000,64368.306462,64411.538351
805,-1,160.560000,92.119179,874696.816243,568640.383628,915.145099,64368.306354,64412.359804
806,-1,160.199999,92.140360,874997.639788,568961.928261,897.871499,64192.916049,64237.732591
807,-1,159.840000,92.187390,875053.133772,569371.210907,841.755300,64280.611223,64327.484062
808,-1,159.480000,92.179496,874947.127750,569842.134178,840.612699,64543.697073,64590.422436
809,-1,159.119999,92.166846,874434.986386,570471.538759,828.338000,65245.258804,65291.945050
810,-1,158.759999,92.155834,874500.560730,570885.873232,837.594299,65332.954141,65379.228912
811,-1,158.400000,92.169809,874650.475456,571268.017809,821.636499,65332.954138,65379.831148
812,-1,158.040000,92.192572,874884.120986,571616.418359,799.000000,65245.258700,65293.060786
813,-1,157.680000,92.238041,875200.867728,571929.528953,754.000000,65069.868481,65119.541101
814,-1,157.320000,92.243129,877218.348273,571529.533690,827.218399,63052.877984,63101.230124
815,-1,156.959999,92.211740,877533.653745,571825.946155,868.586800,62877.487270,62924.364090
816,-1,156.599999,92.195402,877769.897695,572154.186968,889.905299,62789.792292,62835.914260
817,-1,156.240000,92.192971,877767.192320,572586.430526,885.857399,62965.182658,63011.331011
818,-1,155.880000,92.188312,878007.766314,572912.180203,894.335600,62877.487222,62923.375589
819,-1,155.519999,92.179386,878090.531240,573308.587547,900.808499,62965.182743,63010.760760
820,-1,155.160000,92.169453,878255.597511,573668.127838,911.739700,62965.182540,63010.345809
821,-1,154.799999,92.160047,878343.570432,574063.963004,918.783899,63052.877799,63097.712403
822,-1,154.440000,92.151483,878434.264805,574459.735179,924.927100,63140.573013,63185.114468
823,-1,154.080000,92.145221,878448.809723,574893.759245,925.266900,63315.963658,63360.369095
824,-1,153.719999,92.157367,878466.566577,575328.673073,905.218999,63491.354008,63536.388394
825,-1,153.360000,92.170356,878644.317534,575685.810811,890.805300,63491.354143,63536.932755
826,-1,153.000000,92.182378,878902.446283,576002.011950,880.805999,63403.658792,63449.680390
827,-1,152.639999,92.195182,879084.419672,576356.398052,866.615900,63403.658773,63450.222321
828,-1,152.279999,92.249796,879035.724232,576832.008321,795.753400,63666.744598,63715.858326
829,-1,151.919999,92.306802,878913.419030,577350.654266,718.177400,64017.525363,64069.445757
830,-1,151.560000,92.343850,878486.970736,578039.055120,648.000000,64719.087439,64773.277514
831,-1,151.200000,92.367993,878835.447073,578311.516517,627.935400,64543.697076,64598.860191
832,-1,150.840000,92.334467,879491.418530,578409.900507,687.216499,64017.525405,64070.699457
833,-1,150.479999,92.281072,879383.265531,578933.377806,733.000000,64368.306314,64419.352323
834,-1,150.119999,92.197746,879279.495398,579459.438762,813.292700,64719.087514,64766.728268
835,-1,149.760000,92.163142,878649.803087,580297.206115,816.000000,65683.735024,65730.574375
836,-1,149.399999,92.126947,878330.387716,580965.578466,834.752999,66297.601924,66343.309242
837,-1,149.039999,92.062052,878092.353087,581594.144138,891.000000,66823.773337,66867.073504
838,-1,148.679999,92.016572,877785.066300,582272.608004,922.496299,67437.639744,67479.430363
839,-1,148.319999,92.007346,877633.319884,582864.167517,918.000000,67876.115994,67917.794159
840,-1,147.959999,91.956524,877561.084792,583412.485318,966.295700,68226.896997,68266.695075
841,-1,147.600000,91.951768,877567.514898,583916.121122,963.000000,68489.982699,68529.740158
842,-1,147.240000,91.908858,877356.759086,584563.461034,996.815499,69016.154107,69054.473978
843,-1,146.879999,91.885294,877445.661139,585023.222254,1019.457800,69191.544756,69229.018945
844,-1,146.519999,91.859014,877538.055311,585483.336819,1045.535000,69366.935288,69403.463933
845,-1,146.160000,91.841803,877779.627991,585846.108075,1066.393900,69366.935234,69402.790343
846,-1,145.799999,91.808014,877805.882203,586355.230745,1099.038799,69630.021031,69664.703130
847,-1,145.439999,91.795953,877908.488297,586815.795768,1108.211500,69805.411368,69839.718293
848,-1,145.079999,91.791304,878086.519765,587226.413057,1111.138000,69893.106719,69927.279080
849,-1,144.719999,91.788373,878339.033696,587585.704005,1114.717300,69893.106701,69927.167268
850,-1,144.359999,91.782789,877310.950778,588863.186359,1072.402900,71471.620865,71506.233443
851,-1,144.000000,91.764742,878637.968137,588454.128450,1135.466300,70156.192274,70189.483132
852,-1,143.639999,91.756979,878898.185137,588809.930560,1144.980900,70156.192357,70189.190850
853,-1,143.279999,91.798259,879020.045129,589268.957201,1088.879500,70331.582904,70366.237287
854,-1,142.919999,91.829318,877466.342200,590997.067590,977.893299,72611.658981,72648.683924
855,-1,142.559999,91.798869,923558.559726,556280.494306,2828.785699,14908.190790,14915.541467
856,-1,142.200000,91.766255,923546.445249,556408.437620,2834.575700,14995.886190,15003.014326
857,-1,141.839999,91.667110,922294.307006,557512.189349,2812.053400,16662.095616,16669.151254
858,-1,141.479999,91.572117,922359.249461,557594.303030,2839.700100,16662.095738,16668.369974
859,-1,141.119999,91.465350,922766.043923,557400.779139,2881.987400,16223.619416,16228.926718
860,-1,140.760000,91.340526,922762.356923,557535.404198,2915.300900,16311.314564,16315.780000
861,-1,140.400000,91.255325,922827.435861,557614.576612,2939.568900,16311.314805,16315.230543
862,-1,140.039999,91.228071,922489.704581,558031.273613,2936.051800,16837.486252,16841.354663
863,-1,139.680000,91.157562,922491.042176,558168.892760,2955.009300,16925.181345,16928.636129
864,-1,139.319999,91.119325,921163.507758,559450.174319,2930.327200,18766.781332,18770.363089
865,-1,138.959999,91.072908,922365.101483,558560.504182,2973.456300,17275.962426,17278.991819
866,-1,138.599999,91.037380,921910.379952,559106.103484,2971.468700,17977.524360,17980.471427
867,-1,138.240000,91.022387,922050.760249,559132.191687,2977.739500,17889.829113,17892.677635
868,-1,137.879999,91.018685,922060.839297,559274.619552,2977.336300,17977.524245,17980.366038
869,-1,137.519999,91.007456,922007.507382,559476.612258,2977.776400,18152.914672,18155.721269
870,-1,137.159999,90.985323,921891.889175,559739.375184,2980.266200,18416.000558,18418.724083
871,-1,136.799999,90.979532,921906.906206,559884.004816,2980.628700,18503.695895,18506.400313
872,-1,136.439999,90.988766,921796.113120,560149.801528,2973.105100,18766.781389,18769.576223
873,-1,136.079999,91.005144,921814.470367,560295.823546,2966.200500,18854.476714,18857.378409
874,-1,135.719999,91.031052,921834.128136,560442.122794,2956.093800,18942.171905,18945.239337
875,-1,135.359999,91.062631,921792.692195,560650.308073,2942.397000,19117.562534,19120.850936
876,-1,135.000000,91.070947,921753.342208,560859.531080,2936.342699,19292.952819,19296.323541
877,-1,134.639999,91.104189,921654.470031,561132.172595,2920.074500,19556.038691,19559.670808
878,-1,134.279999,91.141745,921619.718460,561343.803405,2903.755399,19731.429235,19735.347500
879,-1,133.920000,91.180736,921526.258673,561619.582709,2884.899900,19994.514765,19998.761142
880,-1,133.560000,91.290426,921375.295720,561960.635505,2838.701800,20345.295722,20350.456880
881,-1,133.199999,91.335075,921348.143544,562176.289929,2818.751399,20520.686376,20526.258575
882,-1,132.840000,91.448999,921084.637837,562650.074087,2764.615500,21046.857678,21053.589987
883,-1,132.480000,91.500944,920352.757739,563645.156414,2713.351700,22274.591140,22282.236329
884,-1,132.119999,91.307715,920221.009315,563999.536939,2780.510100,22625.372065,22631.266489
885,-1,131.759999,91.289718,919859.505117,564617.873301,2771.825700,23326.934080,23332.845125
886,-1,131.400000,91.391942,919737.166123,564978.269234,2721.660900,23677.714834,23684.703816
887,-1,131.040000,91.459573,874246.148509,617462.553372,924.000000,93132.345414,93162.572374
888,-1,130.680000,91.454293,874860.204367,617645.863045,939.267099,92869.259817,92899.183653
889,-1,130.320000,91.471544,874566.243341,618894.038370,882.000000,94009.297821,94040.312110
890,-1,129.960000,91.417484,874623.541455,619745.347035,955.566399,94623.164430,94652.129179
891,-1,129.599999,91.433943,874856.848731,620396.036022,919.587700,94973.945476,95003.696815
892,-1,129.239999,91.469949,875095.942413,621046.645614,850.863899,95324.726362,95356.106453
893,-1,128.879999,91.513288,875340.830703,621697.128893,769.444000,95675.507180,95708.887850
894,-1,128.519999,91.462866,875700.752227,622210.214809,849.218099,95850.897607,95882.147495
895,-1,128.160000,91.372597,875848.021289,622997.527867,987.716000,96377.069136,96404.731460
896,-1,127.799999,91.338962,875841.593153,623993.813276,1025.876800,97166.326495,97192.864991
897,-1,127.440000,91.355927,876058.603217,624714.629419,986.712400,97604.802620,97632.140831
898,-1,127.079999,91.385838,876229.456878,625505.698703,923.000000,98130.973941,98159.685832
899,-1,126.719999,91.307846,915732.987123,573577.456760,2546.212900,32885.715013,32894.284203
900,-1,126.359999,91.241669,915950.990296,573629.857245,2586.115800,32798.019734,32805.722898
901,-1,126.000000,91.140519,916168.873390,573680.561868,2645.787900,32710.324762,32716.806434
902,-1,125.639999,91.029852,916335.525288,573800.843452,2708.990800,32710.324754,32715.609429
903,-1,125.280000,90.936609,916553.579642,573848.486073,2763.673200,32622.629380,32626.988601
904,-1,124.920000,90.889627,916721.278782,573966.347058,2790.430300,32622.629425,32626.562238
905,-1,124.559999,90.841598,916939.462072,574010.932271,2819.071100,32534.934251,32538.444382
906,-1,124.199999,90.846471,917108.174333,574126.365439,2816.303000,32534.934213,32538.485120
907,-1,123.840000,90.760427,929242.266863,556395.105954,3150.341400,11049.600329,11050.573567
908,-1,123.479999,90.682674,929251.676949,556506.731387,3164.293699,11137.295549,11138.086151
909,-1,123.120000,90.597066,928974.751322,557059.281135,3174.539300,11751.162214,11751.800287
910,-1,122.759999,90.488083,929036.716421,557099.429676,3196.893300,11751.162322,11751.588712
911,-1,122.400000,90.358791,929239.900726,556917.057010,3225.059700,11488.076435,11488.301684
912,-1,122.039999,90.238946,929254.443676,557029.879619,3248.724100,11575.771708,11575.872373
913,-1,121.679999,90.126215,929316.218487,557068.271274,3271.499900,11575.771736,11575.799823
914,-1,121.319999,89.990443,929378.233126,557106.273823,3298.930700,11575.771676,11575.771837
915,-1,120.959999,89.854213,929440.485299,557143.886280,3326.454000,11575.771887,11575.809359
916,-1,120.599999,89.717660,929502.972706,557181.106678,3354.043000,11575.771873,11575.912421
917,-1,120.240000,89.606083,929609.857991,557142.171717,3375.983300,11488.076643,11488.348155
918,-1,119.880000,89.466922,929672.331292,557178.327812,3403.887600,11488.076502,11488.573744
919,-1,119.519999,89.351026,929735.030641,557214.090864,3427.127800,11488.076479,11488.813448
920,-1,119.159999,89.223002,929755.223842,557326.040115,3453.990500,11575.771653,11576.836156
921,-1,118.800000,89.099083,929776.601752,557438.127490,3480.410999,11663.467186,11664.909189
922,-1,118.440000,89.006627,929840.931348,557473.230110,3499.236999,11663.467054,11665.220252
923,-1,118.080000,88.926753,929905.480103,557507.927875,3515.501999,11663.467007,11665.513523
924,-1,117.720000,88.861884,929970.245722,557542.219473,3528.711899,11663.466979,11665.768401
925,-1,117.360000,88.792072,930075.528320,557498.218249,3541.080100,11575.771899,11578.344880
926,-1,116.999999,88.739401,930140.229634,557531.441608,3551.726599,11575.771851,11578.574160
927,-1,116.639999,88.738882,930244.459412,557485.871817,3549.900800,11488.076306,11490.859673
928,-1,116.279999,88.755221,930309.079690,557518.034154,3546.623200,11488.076453,11490.788151
929,-1,115.919999,88.774924,930412.233683,557470.916138,3540.795499,11400.381261,11402.987729
930,-1,115.560000,88.802964,930476.756520,557502.024344,3535.213900,11400.381229,11402.869727
931,-1,115.200000,88.853446,930578.812418,557453.377787,3523.409799,11312.686186,11314.951619
932,-1,114.839999,88.928099,930643.222066,557483.439735,3508.664600,11312.686059,11314.666047
933,-1,114.480000,88.982245,930744.157888,557433.284324,3496.412300,11224.990677,11226.761820
934,-1,114.119999,89.051585,930808.437943,557462.307888,3482.823699,11224.990683,11226.528683
935,-1,113.759999,89.118003,930908.232035,557410.664618,3468.458199,11137.295383,11138.615101
936,-1,113.400000,89.192286,930972.366421,557438.657672,3454.015799,11137.295461,11138.402226
937,-1,113.040000,89.292096,931036.675676,557466.247512,3434.611099,11137.295720,11138.145841
938,-1,112.679999,89.398428,931101.157174,557493.432169,3413.939300,11137.295387,11137.909290
939,-1,112.319999,89.509755,931165.807963,557520.211643,3392.297200,11137.295610,11137.703311
940,-1,111.960000,89.640662,931230.625747,557546.583966,3366.849800,11137.295445,11137.514481
941,-1,111.600000,89.759357,931295.607901,557572.548809,3343.776900,11137.295578,11137.393810
942,-1,111.240000,89.863568,931328.982178,557679.842886,3323.728700,11224.990768,11225.022591
943,-1,110.879999,89.958140,931394.799959,557705.186995,3305.200900,11224.990691,11224.993686
944,-1,110.520000,90.053506,931399.295029,557894.379202,3286.353500,11400.381383,11400.386354
945,-1,110.160000,90.155894,931466.459265,557919.277118,3265.980900,11400.381187,11400.423387
946,-1,109.799999,90.269817,931533.778684,557943.752791,3243.312800,11400.381203,11400.507616
947,-1,109.439999,90.358143,931601.250334,557967.804908,3225.737800,11400.381205,11400.603928
948,-1,109.080000,90.434431,931697.538199,557908.555027,3211.222599,11312.685946,11313.011141
949,-1,108.719999,90.525032,931764.785768,557931.578931,3193.332800,11312.685865,11313.160848
950,-1,108.359999,90.609556,901612.812936,649009.128731,2155.935500,107251.278956,107257.348774
951,-1,107.999999,90.626844,902225.952785,649302.784311,2122.610600,107338.974328,107345.398599
952,-1,107.639999,90.578479,902549.127992,650512.039439,2202.603500,108391.317218,108396.841984
953,-1,107.280000,90.565838,903172.742559,650800.115962,2225.653800,108479.012268,108484.302484
954,-1,106.920000,90.518973,903517.934125,652007.320897,2304.860000,109531.355264,109535.848597
955,-1,106.560000,90.579911,904301.947977,651785.255068,2192.794299,109092.879223,109098.467301
956,-1,106.199999,90.620862,904372.388453,653999.672555,2092.005900,111197.564687,111204.093464
957,-1,105.839999,90.611328,905043.929433,654192.487786,2110.510299,111197.564920,111203.894725
958,-1,105.479999,90.617687,905669.856659,654550.107478,2096.277700,111372.955319,111379.427681
959,-1,105.120000,90.649345,905955.963042,656173.968732,2017.834800,112863.774330,112871.022941
960,-1,104.759999,90.639120,906483.169993,656956.356602,2031.064000,113483.799834,113490.860507
961,-1,104.399999,90.646245,907218.396213,656960.005545,2018.997700,113302.250740,113309.458178
962,-1,104.040000,90.625903,907887.206227,657219.955485,2058.270099,113389.945807,113396.711865
963,-1,103.679999,90.630286,908558.171748,657475.830301,2048.630200,113477.641004,113484.507467
964,-1,103.319999,90.674390,909089.838992,658324.965742,1953.011000,114179.202974,114187.112663
965,-1,102.960000,90.726912,909729.460744,658744.438984,1844.990000,114442.288665,114451.499632
966,-1,102.600000,90.776641,910162.886387,660101.666585,1729.003300,115670.021963,115680.649179
967,-1,102.240000,90.747619,910891.244838,660172.277008,1788.747399,115582.326880,115592.167178
968,-1,101.880000,90.725340,911619.493710,660238.194527,1834.807600,115494.631797,115503.887296
969,-1,101.520000,90.717925,912225.007590,660900.923516,1843.165200,116020.803215,116029.911722
970,-1,101.159999,90.733829,913024.622133,660614.078290,1816.571000,115582.326962,115591.807564
971,-1,100.799999,90.807195,913753.984191,660666.257647,1669.778300,115494.631762,115506.094282
972,-1,100.440000,90.887480,911829.340403,675116.409849,1282.404200,130052.041440,130067.644243
973,-1,100.080000,90.883438,912679.459766,675002.930089,1295.637100,129788.955708,129804.385431
974,-1,99.720000,90.887858,913377.967227,675755.166446,1276.000000,130409.900062,130425.559133
975,-1,99.360000,90.913958,914130.124515,676230.095942,1211.095000,130753.603411,130770.240516
976,-1,98.999999,90.855499,914858.838609,676880.856452,1336.677800,131279.775015,131294.410357
977,-1,98.640000,90.782407,915594.893895,677527.531995,1497.000000,131805.946230,131818.236453
978,-1,98.280000,90.781907,916363.526216,677996.494640,1493.363900,132156.727384,132169.034558
979,-1,97.920000,90.761362,917161.438991,678287.211250,1538.429699,132332.117679,132343.802041
980,-1,97.560000,90.800147,917950.716940,678659.990360,1445.160600,132595.203485,132608.134352
981,-1,97.199999,90.864308,918754.952208,678941.011452,1294.000000,132770.593918,132785.701860
982,-1,96.839999,90.855226,919645.584941,678520.540180,1322.903700,132244.422700,132259.156172
983,-1,96.479999,90.863793,920500.583559,678355.502452,1307.094200,131981.336903,131996.337130
984,-1,96.120000,90.954069,921268.741471,678969.673468,1090.327300,132507.508230,132525.881026
985,-1,95.759999,90.977734,922950.559958,670592.344094,1180.755000,124001.070077,124019.127046
986,-1,95.399999,91.012935,924303.688157,664556.679000,1213.086200,117862.403191,117880.824491
987,-1,95.039999,91.017001,923800.801696,678688.398768,954.081000,131981.336882,132002.130872
988,-1,94.680000,90.985204,924662.857387,678321.640643,1034.890199,131542.860707,131562.309738
989,-1,94.319999,90.928841,925519.845502,677949.257202,1171.436300,131104.384522,131121.614015
990,-1,93.960000,90.903189,926371.728969,677571.297656,1237.061200,130665.908370,130682.144756
991,-1,93.599999,90.966726,927229.484799,677012.766949,1102.481499,130052.041628,130070.555634
992,-1,93.240000,90.959423,928055.081901,676886.403028,1122.000000,129876.651040,129894.861755
993,-1,92.880000,90.953379,928891.987052,676492.042269,1143.000000,129438.174992,129456.096269
994,-1,92.520000,91.004130,929723.645821,676092.300942,1036.000000,128999.698771,129019.511718
995,-1,92.159999,91.022972,931601.093510,647819.957552,1499.349300,100674.135964,100690.184229
996,-1,91.799999,91.026902,931354.559882,675802.790694,991.000000,128648.917855,128669.583434
997,-1,91.439999,91.015675,932819.289893,649700.713633,1479.524600,102515.735885,102531.845399
998,-1,91.080001,90.973112,935336.014846,550373.821080,3243.375799,3157.028608,3157.483996
999,-1,90.720002,90.850792,935355.848468,550374.132759,3250.117400,3157.028715,3157.376804
1000,-1,90.359997,90.728347,935375.684058,550374.319767,3256.865500,3157.028771,3157.283870
1001,-1,90.000000,90.617625,935395.519976,550374.382103,3262.967200,3157.028790,3157.212222
