"OBJECTID","FEATURE_ID","HORIZ_ANG","ZENITH_ANG","VERTEX_X","VERTEX_Y","VERTEX_Z","DIST_2D","DIST_3D"
1,-1,90.000000,76.839345,940566.226170,546838.205448,3333.010400,175.390397,180.121193
2,-1,89.640010,77.037873,940567.328202,546838.211682,3332.372200,175.400092,179.986408
3,-1,89.280006,77.237093,940568.430234,546838.201183,3331.730500,175.399980,179.843448
4,-1,88.919973,77.437035,940569.532266,546838.183795,3331.087499,175.399904,179.702418
5,-1,88.560005,77.637727,940570.633970,546838.159516,3330.443100,175.399858,179.563309
6,-1,88.199980,77.839136,940571.735674,546838.128349,3329.797400,175.399848,179.426169
7,-1,87.839991,78.041290,940572.837050,546838.090291,3329.150299,175.399867,179.290987
8,-1,87.480025,78.244155,940573.938097,546838.045343,3328.501900,175.399912,179.157801
9,-1,87.119960,78.447699,940575.039145,546837.993506,3327.852300,175.399999,179.026666
10,-1,86.759996,78.651947,940576.139536,546837.934779,3327.201400,175.400097,178.897548
11,-1,86.400006,78.856847,940577.239600,546837.868835,3326.549300,175.399894,178.770179
12,-1,86.039989,79.062467,940578.339335,546837.796328,3325.895900,175.400046,178.645202
13,-1,85.680002,79.268634,940579.437758,546837.707090,3325.239800,175.390339,178.512340
14,-1,85.320001,79.475615,940580.537165,546837.630318,3324.585700,175.400063,178.401261
15,-1,84.960001,79.683136,940581.635260,546837.536814,3323.928900,175.399927,178.282330
16,-1,84.599999,79.863437,941259.503327,553996.920789,4609.077699,7366.799861,7483.611017
17,-1,84.239999,79.813837,941314.372640,554079.677514,4631.417800,7454.500112,7573.876944
18,-1,83.879999,79.776410,941360.959161,554074.830411,4636.445000,7454.500132,7574.767625
19,-1,83.519999,79.753358,941407.514186,554069.690657,4639.542000,7454.500101,7575.317895
20,-1,83.159999,79.732971,941443.591214,553977.182640,4626.395600,7366.800027,7486.678453
21,-1,82.799999,79.716157,941489.531082,553971.525499,4628.628500,7366.799873,7487.076607
22,-1,82.439998,79.698283,941535.382040,553965.183648,4630.929800,7366.400086,7487.094445
23,-1,82.080000,79.679118,941581.299600,553959.346390,4633.548100,7366.800095,7487.956660
24,-1,81.719998,79.660588,941627.124967,553952.824421,4636.009800,7366.800042,7488.398040
25,-1,81.360000,79.640515,941672.908012,553946.014723,4638.676800,7366.799995,7488.877123
26,-1,80.999999,79.588147,941677.489696,553679.056596,4597.292000,7103.699883,7222.626893
27,-1,80.639998,79.537246,941721.551944,553671.935875,4603.817000,7103.699907,7223.808982
28,-1,80.280000,79.516637,941765.568260,553664.538580,4606.459500,7103.700009,7224.289418
29,-1,79.920001,79.507109,941809.537332,553656.864711,4607.681300,7103.699972,7224.511788
30,-1,79.560000,79.497625,941853.457520,553648.914596,4608.897400,7103.699838,7224.733224
31,-1,79.199999,79.496252,941897.326855,553640.688890,4609.073600,7103.699905,7224.765409
32,-1,78.840001,79.496399,941941.143368,553632.187923,4609.054699,7103.700129,7224.762184
33,-1,78.480000,79.499835,941984.828976,553623.033742,4608.542700,7103.314588,7224.289780
34,-1,78.120000,79.503484,942028.612353,553614.360203,4608.146100,7103.699975,7224.596452
35,-1,77.759999,79.529927,942053.668077,553519.328241,4588.548500,7016.000039,7134.794640
36,-1,77.399999,79.582842,942115.850368,553595.435044,4597.971900,7103.700100,7222.750011
37,-1,77.039999,79.645736,942159.378496,553585.561704,4589.912300,7103.700131,7221.297106
38,-1,76.679999,79.721770,942202.843632,553575.415071,4580.173000,7103.700145,7219.552993
39,-1,76.319999,79.812639,942246.244136,553564.995472,4568.539600,7103.700087,7217.486285
40,-1,75.959999,79.914165,942289.578367,553554.303236,4555.549799,7103.699895,7215.199948
41,-1,75.599998,80.034027,942332.844684,553543.339348,4540.224400,7103.700132,7212.532129
42,-1,75.239998,80.162829,942376.041120,553532.103478,4523.768600,7103.699996,7209.702318
43,-1,74.879999,80.291355,942419.166034,553520.596611,4507.360799,7103.700026,7206.917228
44,-1,74.519998,80.417072,942462.115095,553508.447357,4491.258700,7103.314471,7203.839109
45,-1,74.160000,80.580830,942505.194733,553496.770871,4470.451800,7103.699827,7200.784671
46,-1,73.800000,80.780256,942548.095238,553484.453310,4445.060600,7103.699989,7196.673001
47,-1,73.439999,80.932072,942590.917659,553471.866393,4425.750300,7103.700149,7193.604489
48,-1,73.080000,81.042986,942633.659700,553459.010448,4411.652900,7103.699970,7191.395962
49,-1,72.720000,81.138976,942702.255035,553529.255386,4413.070800,7191.009817,7277.872074
50,-1,72.359999,81.225247,942745.474108,553516.070701,4402.042900,7191.400043,7276.567173
51,-1,71.999999,81.305485,942788.491083,553502.242973,4391.734200,7191.400117,7275.001783
52,-1,71.640001,81.396660,942831.420131,553488.145232,4380.025700,7191.400125,7273.241071
53,-1,71.280000,81.508918,942874.259940,553473.777807,4365.617600,7191.399971,7271.099524
54,-1,70.919999,81.620503,942917.008870,553459.141681,4351.304099,7191.400070,7268.999941
55,-1,70.560000,81.749132,942959.664625,553444.237184,4334.814600,7191.399987,7266.615172
56,-1,70.200001,81.875150,943002.225892,553429.064970,4318.670100,7191.399905,7264.315804
57,-1,69.839999,82.055781,943044.691358,553413.625696,4295.546700,7191.400006,7261.083943
58,-1,69.479999,82.240231,943087.058727,553397.920019,4271.955400,7191.400121,7257.861137
59,-1,69.119999,82.414044,943129.326687,553381.948266,4249.743500,7191.400101,7254.895453
60,-1,68.759999,82.575140,943171.493270,553365.711094,4229.172800,7191.399865,7252.208275
61,-1,68.399999,82.724203,943213.557162,553349.209815,4210.152000,7191.400163,7249.775128
62,-1,68.039999,82.859046,943255.516395,553332.444100,4192.956700,7191.399972,7247.617301
63,-1,67.680001,82.923759,943197.449582,553072.027626,4152.047900,6928.300114,6981.477269
64,-1,67.320000,82.970129,943237.667678,553055.368539,4146.354900,6928.299922,6980.778045
65,-1,66.959999,83.057477,943277.780459,553038.457483,4135.634100,6928.300158,6979.474305
66,-1,66.599999,83.144097,943317.785956,553021.294460,4125.006500,6928.300054,6978.197580
67,-1,66.240000,83.227217,943357.531283,553003.536293,4114.767300,6927.923939,6976.609214
68,-1,65.880000,83.314665,943433.308035,553066.259265,4114.370000,7016.000015,7064.032038
69,-1,65.519998,83.417418,943437.144641,552968.302112,4091.497300,6928.299931,6974.276727
70,-1,65.159999,83.559608,943476.706242,552950.139418,4074.079400,6928.300076,6972.301638
71,-1,64.800001,83.707544,943516.152685,552931.728366,4055.967999,6928.299978,6970.293229
72,-1,64.440000,83.832622,943555.482987,552913.069611,4040.663200,6928.299818,6968.632216
73,-1,64.080001,83.932590,943594.695179,552894.164465,4028.436000,6928.299939,6967.329333
74,-1,63.720000,84.023995,943633.787949,552875.013256,4017.260200,6928.300066,6966.157058
75,-1,63.359999,84.116085,943672.759655,552855.616642,4006.004400,6928.300068,6964.994193
76,-1,62.999999,84.199234,943711.608659,552835.975605,3995.844600,6928.300096,6963.960040
77,-1,62.640000,84.278459,943750.160419,552815.756813,3986.129400,6927.923904,6962.610520
78,-1,62.279999,84.349683,943788.757455,552795.630213,3977.431900,6927.923909,6961.748816
79,-1,61.919999,84.427622,943827.404359,552775.593508,3967.953700,6928.300198,6961.196524
80,-1,61.559998,84.452956,943740.449153,552523.634038,3939.309500,6665.199977,6696.558842
81,-1,61.199999,84.510794,943777.210890,552503.574367,3932.518400,6665.200091,6695.905919
82,-1,60.840000,84.550447,943856.577529,552559.869202,3936.229900,6752.900097,6783.560413
83,-1,60.479999,84.573140,943893.564660,552539.078889,3933.531099,6752.899978,6783.304524
84,-1,60.120001,84.615196,943930.420229,552518.056949,3928.530000,6752.900070,6782.833463
85,-1,59.759999,84.667528,943967.143253,552496.803383,3922.307800,6752.899885,6782.252191
86,-1,59.400000,84.709101,944003.545411,552475.004542,3917.331800,6752.533616,6781.426848
87,-1,59.040000,84.739389,944085.301153,552528.811849,3921.840400,6840.599913,6869.534634
88,-1,58.679998,84.788081,944122.088809,552506.585187,3915.978200,6840.600011,6868.999731
89,-1,58.319999,84.838414,944158.540836,552483.811939,3909.885800,6840.228755,6868.079228
90,-1,57.960001,84.883837,944148.715068,552387.099534,3896.600400,6752.900084,6779.911591
91,-1,57.600000,84.925503,944184.610994,552364.477204,3891.650599,6752.900120,6779.472020
92,-1,57.239998,84.962278,944220.165713,552341.321410,3887.250100,6752.533498,6778.719004
93,-1,56.880000,85.008868,944255.972400,552318.558004,3881.749000,6752.899791,6778.603062
94,-1,56.520000,85.053877,944291.435583,552295.263432,3876.404100,6752.900112,6778.140459
95,-1,56.160000,85.093785,944326.751458,552271.746090,3871.665599,6752.899957,6777.733400
96,-1,55.800001,85.161301,944312.624189,552175.472661,3856.226299,6665.200075,6689.039045
97,-1,55.439999,85.204152,944347.187112,552151.824414,3851.206000,6665.199879,6688.617255
98,-1,55.080000,85.237049,944381.600757,552127.959960,3847.352400,6665.200081,6688.296375
99,-1,54.719998,85.259376,944415.863812,552103.879300,3844.737100,6665.199932,6688.079577
100,-1,54.360000,85.301163,944449.974636,552079.584073,3839.842900,6665.199830,6687.676773
101,-1,53.999999,85.302876,944380.835011,551913.173645,3825.230700,6489.800148,6511.669597
102,-1,53.640000,85.328965,944413.748331,551889.102170,3822.255800,6489.799984,6511.426498
103,-1,53.279998,85.363205,944498.946323,551935.121763,3825.464600,6577.499971,6599.097692
104,-1,52.919999,85.411019,944531.995142,551910.307837,3819.939900,6577.499834,6598.653242
105,-1,52.559998,85.463816,944511.572282,551815.653827,3806.882400,6489.799949,6510.192568
106,-1,52.199999,85.514237,944543.870446,551790.763128,3801.135700,6489.800110,6509.740749
107,-1,51.839999,85.553994,944575.793939,551765.392772,3796.577699,6489.447826,6509.034624
108,-1,51.479998,85.591959,944607.994334,551740.374778,3792.279000,6489.799893,6509.053828
109,-1,51.120001,85.638594,944639.817433,551714.879750,3786.965700,6489.799957,6508.647673
110,-1,50.759998,85.672903,944671.480099,551689.184919,3783.057200,6489.799987,6508.351638
111,-1,50.400000,85.703164,944702.980364,551663.291927,3779.610000,6489.800015,6508.092482
112,-1,50.040000,85.729319,944734.091194,551636.931415,3776.604600,6489.447777,6507.516736
113,-1,49.679998,85.749384,944765.490082,551610.914407,3774.345600,6489.800045,6507.700201
114,-1,49.320000,85.764809,944796.496581,551584.432176,3772.588800,6489.799910,6507.570089
115,-1,48.960000,85.769093,944827.336415,551557.755720,3772.100900,6489.800048,6507.534213
116,-1,48.599999,85.777241,944857.775002,551530.621588,3771.146900,6489.447731,6507.112540
117,-1,48.240000,85.782631,944888.509849,551503.823742,3770.559100,6489.799791,6507.420391
118,-1,47.879999,85.773109,944918.841481,551476.570843,3771.643500,6489.800063,6507.500499
119,-1,47.520000,85.770648,944949.000869,551449.127657,3771.923800,6489.799875,6507.520977
120,-1,47.160001,85.738976,944919.355587,551357.189192,3768.996799,6402.099991,6419.845033
121,-1,46.799998,85.721323,944948.765306,551329.745021,3770.980300,6402.100016,6419.992737
122,-1,46.439998,85.729673,944978.001796,551302.116796,3770.042100,6402.100034,6419.922826
123,-1,46.080000,85.716993,944946.230534,551211.134366,3764.898800,6314.399957,6332.083392
124,-1,45.720000,85.747083,944974.721947,551183.524513,3761.564199,6314.400134,6331.835404
125,-1,45.360000,85.764856,945002.798334,551155.492089,3759.569300,6314.057295,6331.345874
126,-1,44.999999,85.780610,945031.181151,551127.770032,3757.849000,6314.399889,6331.560728
127,-1,44.640000,85.848964,945059.146975,551099.628028,3750.275500,6314.399951,6331.008069
128,-1,44.279999,85.903663,945086.935633,551071.310827,3744.216000,6314.400134,6330.572514
129,-1,43.919999,85.945887,945114.545486,551042.819414,3739.539000,6314.399957,6330.239961
130,-1,43.560001,86.013236,945141.975877,551014.155430,3732.080000,6314.400087,6329.717124
131,-1,43.199998,86.070313,945169.225823,550985.319201,3725.759600,6314.400044,6329.280789
132,-1,42.840000,86.114721,945196.293682,550956.312697,3720.842699,6314.399987,6328.945667
133,-1,42.479999,86.201997,945222.926175,550926.904948,3711.158100,6314.057140,6327.954732
134,-1,42.119999,86.279677,945184.579138,550838.746332,3696.858500,6226.362196,6239.510926
135,-1,41.759998,86.321280,945210.978036,550809.871061,3692.340300,6226.700044,6239.556538
136,-1,41.399999,86.371067,945236.942879,550780.605700,3686.907600,6226.700121,6239.210399
137,-1,41.039999,86.389783,945196.324194,550693.376215,3679.311100,6138.666875,6150.873181
138,-1,40.679999,86.430561,945288.318432,550721.588101,3680.416400,6226.700089,6238.802874
139,-1,40.319999,86.491859,945313.469301,550691.619657,3673.708600,6226.362011,6238.051406
140,-1,39.960000,86.593472,945338.948252,550661.929756,3662.645999,6226.700128,6237.721775
141,-1,39.600000,86.693618,945363.720512,550631.647664,3651.705600,6226.362041,6236.743733
142,-1,39.239998,86.800263,945388.824465,550601.639522,3640.097899,6226.699970,6236.422425
143,-1,38.880001,86.950196,945413.477303,550571.260974,3623.755099,6226.700014,6235.531614
144,-1,38.519999,87.083002,950103.804864,554254.784775,3913.159700,12190.299899,12206.115311
145,-1,38.159999,87.178721,950082.360681,554140.522864,3888.421400,12102.600141,12117.287182
146,-1,37.800000,87.262418,950059.859742,554026.832147,3866.506899,12014.900173,12028.627700
147,-1,37.439999,87.333446,950105.941343,553967.036663,3851.579100,12014.899871,12027.923665
148,-1,37.080000,87.410393,950081.679908,553854.076259,3831.442899,11927.199906,11939.392624
149,-1,36.719999,87.413214,950056.378450,553741.710998,3826.892400,11839.499910,11851.576603
150,-1,36.360000,87.454163,950100.151328,553681.562496,3818.385100,11838.857403,11850.553822
151,-1,36.000000,87.493465,950073.632024,553570.349792,3806.437600,11751.799958,11763.054378
152,-1,35.639999,87.512337,950116.845521,553510.476880,3802.559299,11751.799968,11762.885415
153,-1,35.280000,87.578875,950159.681721,553450.333956,3788.886799,11751.799959,11762.299893
154,-1,34.920000,87.631813,950201.616348,553389.557831,3777.983400,11751.162168,11761.207088
155,-1,34.559999,87.667863,950171.992720,553279.496699,3767.031600,11664.099924,11673.768974
156,-1,34.200000,87.676083,950213.376824,553219.011912,3765.355400,11664.100180,11673.701141
157,-1,33.840000,87.671430,950253.854105,553157.915578,3766.278500,11663.467145,11673.106096
158,-1,33.480000,87.699407,950295.000348,553097.267733,3760.599500,11664.099978,11673.509061
159,-1,33.120000,87.756032,950261.785847,552988.094723,3745.617300,11576.400147,11585.284158
160,-1,32.759999,87.803187,950300.808735,552926.710988,3736.051400,11575.771681,11584.285548
161,-1,32.400000,87.847083,950339.973355,552865.423709,3727.170100,11575.771602,11583.948429
162,-1,32.039999,87.889578,950378.752477,552803.891351,3718.572600,11575.771708,11583.628741
163,-1,31.680000,87.949822,950342.516001,552696.061515,3703.245800,11488.076677,11495.435130
164,-1,31.319999,87.990366,950380.763300,552634.840508,3695.128200,11488.699975,11495.770503
165,-1,30.959999,88.003417,950342.887719,552527.940132,3689.450800,11401.000098,11407.925770
166,-1,30.600000,88.015863,950455.033164,552511.039247,3690.009600,11488.700100,11495.592270
167,-1,30.240000,88.025745,950491.044575,552448.477036,3688.004200,11488.076643,11494.899925
168,-1,29.879999,88.023451,950451.162765,552342.315175,3685.438200,11400.381271,11407.168218
169,-1,29.520000,88.039291,950487.191237,552280.399616,3682.303900,11401.000140,11407.679050
170,-1,29.160000,88.075258,950521.751207,552217.652366,3675.118000,11400.381412,11406.817073
171,-1,28.800000,88.104720,950480.146631,552113.039059,3666.367800,11313.300165,11319.492563
172,-1,28.439999,88.134515,950514.195448,552050.640561,3660.478200,11313.299981,11319.299123
173,-1,28.080000,88.140594,950470.474406,551946.749037,3656.429500,11225.599827,11231.513715
174,-1,27.720000,88.150291,950502.939565,551884.131708,3654.507900,11224.990900,11230.842919
175,-1,27.359999,88.162596,950535.549736,551821.594760,3652.094700,11224.990887,11230.765273
176,-1,26.999999,88.173077,950567.766207,551758.854071,3650.039300,11224.990725,11230.699396
177,-1,26.639999,88.184736,950600.132612,551696.185562,3647.772100,11225.600080,11231.236394
178,-1,26.280000,88.188517,950631.559714,551633.041987,3647.030700,11225.599990,11231.212843
179,-1,25.920000,88.193639,950662.589836,551569.701891,3646.026100,11225.600105,11231.181247
180,-1,25.559999,88.195893,950693.221008,551506.167897,3645.584099,11225.599816,11231.167034
181,-1,25.200000,88.193021,950722.901395,551442.183773,3646.128100,11224.990735,11230.575395
182,-1,24.840000,88.200574,950753.283224,551378.529373,3644.666000,11225.599893,11231.138245
183,-1,24.479999,88.198071,950702.345334,551277.838301,3642.378800,11137.295510,11142.805598
184,-1,24.119999,88.189299,950731.142192,551214.060542,3644.085700,11137.295598,11142.859488
185,-1,23.759999,88.188361,950759.537477,551150.102992,3644.268200,11137.295383,11142.865041
186,-1,23.400000,88.182657,950787.530531,551085.968606,3645.378100,11137.295461,11142.900263
187,-1,23.040000,88.176473,950815.676472,551021.895900,3646.600600,11137.900041,11143.543373
188,-1,22.679999,88.170800,950761.944624,550923.595243,3644.903600,11050.200117,11055.833916
189,-1,22.319999,88.157743,950788.514453,550859.450030,3647.424499,11050.200128,11055.914681
190,-1,21.960000,88.150192,950814.680739,550795.139135,3648.882199,11050.200151,11055.961662
191,-1,21.599999,88.150503,950758.900995,550698.380471,3645.990300,10962.500095,10968.213959
192,-1,21.240000,88.136724,950783.501339,550634.043329,3648.610100,10961.905213,10967.704257
193,-1,20.879999,88.119952,950808.807063,550569.980137,3651.841799,10962.499822,10968.404098
194,-1,20.519999,88.105725,950750.466301,550474.598766,3651.646900,10874.209953,10880.155697
195,-1,20.160000,88.078037,950774.214941,550410.534590,3656.907600,10874.209694,10880.330603
196,-1,19.800000,88.036691,950880.071684,550376.028097,3667.769900,10961.904962,10968.343695
197,-1,19.440000,87.980740,950903.759957,550311.349420,3678.508500,10962.500072,10969.311585
198,-1,19.079999,87.925255,950926.480056,550246.324944,3689.138000,10962.499885,10969.691076
199,-1,18.720000,87.877958,950948.227716,550180.968448,3698.177600,10961.904917,10969.427499
200,-1,18.360000,87.835004,950970.127935,550115.667397,3706.407100,10961.905000,10969.735388
201,-1,17.999999,87.785727,950991.617393,550050.229864,3715.848600,10961.905001,10970.096120
202,-1,17.640000,87.726000,951013.262363,549984.839247,3727.316800,10962.500169,10971.139898
203,-1,17.280000,87.676816,950950.187030,549893.082869,3733.184599,10874.799920,10883.745547
204,-1,16.919999,87.606319,950969.713894,549827.603341,3746.562900,10874.209935,10883.706590
205,-1,16.560000,87.542756,950989.958932,549762.342644,3758.673500,10874.800043,10884.808686
206,-1,16.200000,87.506655,951009.227922,549696.787657,3765.538400,10874.800014,10885.105143
207,-1,15.840000,87.490049,950943.714930,549607.174976,3764.851899,10787.100088,10797.458832
208,-1,15.480000,87.481174,950962.009841,549541.913623,3766.526000,10787.100013,10797.532201
209,-1,15.120000,87.479478,950979.329360,549476.385867,3766.820200,10786.514672,10796.960359
210,-1,14.759999,87.479006,950997.368038,549411.052337,3766.935100,10787.100112,10797.550286
211,-1,14.399999,87.481752,951013.862427,549345.311982,3766.391300,10786.514411,10796.941245
212,-1,14.040000,87.487702,951031.078928,549279.757324,3765.294700,10787.100171,10797.478315
213,-1,13.680000,87.494986,950961.538385,549193.075082,3760.058500,10698.819180,10709.052741
214,-1,13.320000,87.521002,950977.231267,549127.710055,3755.191300,10698.819304,10708.841239
215,-1,12.959999,87.566433,950992.513061,549062.247260,3746.692500,10698.819245,10708.476946
216,-1,12.600000,87.601142,950921.799947,548977.560093,3736.525899,10611.124015,10620.431071
217,-1,12.240000,87.616438,950936.702477,548912.571050,3733.712199,10611.700187,10620.889347
218,-1,11.880000,87.627604,950950.633223,548847.367440,3731.640600,10611.700098,10620.803304
219,-1,11.520000,87.644588,950964.154193,548782.077545,3728.489600,10611.700178,10620.673418
220,-1,11.159999,87.651716,950890.662542,548699.619048,3723.547300,10523.428952,10532.273733
221,-1,10.800000,87.669977,950903.256021,548634.709073,3720.187699,10523.428726,10532.136387
222,-1,10.439999,87.727454,950916.003371,548569.824360,3709.636600,10523.999838,10532.283367
223,-1,10.080000,87.782252,950840.877209,548489.309101,3696.137800,10435.733538,10443.555996
224,-1,9.719999,87.792824,950852.708878,548424.811527,3694.231199,10436.300018,10444.048449
225,-1,9.359999,87.797971,950863.017913,548360.053126,3693.270500,10435.733671,10443.445565
226,-1,8.999999,87.794910,950786.862881,548281.604792,3690.452100,10348.038220,10355.706594
227,-1,8.640000,87.790923,950796.832350,548217.355249,3691.173299,10348.038365,10355.734514
228,-1,8.279999,87.793459,950806.397947,548153.044026,3690.714500,10348.038481,10355.716955
229,-1,7.919999,87.806520,950816.115119,548088.751503,3688.373700,10348.599819,10356.188021
230,-1,7.559999,87.821344,950824.872320,548024.321842,3685.692300,10348.599980,10356.085900
231,-1,7.200000,87.835475,950745.663489,547948.777046,3679.800500,10260.343189,10267.669238
232,-1,6.840000,87.844675,950753.542410,547884.792922,3678.150800,10260.343175,10267.607049
233,-1,6.479999,87.868767,950761.019101,547820.760242,3673.830400,10260.343072,10267.445369
234,-1,6.119999,87.885899,950768.093562,547756.681958,3670.758200,10260.343224,10267.331730
235,-1,5.759999,87.901983,950775.318941,547692.616469,3667.894499,10260.899870,10267.782761
236,-1,5.400000,87.941214,950781.033497,547628.398750,3660.839400,10260.343103,10266.970492
237,-1,5.040000,87.969559,950699.542518,547556.494366,3652.648000,10172.647782,10179.038751
238,-1,4.680000,87.981839,950705.508057,547492.852761,3650.484400,10173.200075,10179.514273
239,-1,4.319999,87.986305,950622.526596,547422.482167,3646.587700,10084.952770,10091.184509
240,-1,3.959999,87.987197,950627.646992,547359.319891,3646.449800,10085.499885,10091.726443
241,-1,3.600000,87.989496,950631.278547,547296.054598,3646.025299,10084.952734,10091.164728
242,-1,3.239999,87.992259,950635.058395,547232.801772,3645.538400,10084.952514,10091.147438
243,-1,2.880000,87.996061,950638.987849,547169.554195,3644.887500,10085.500106,10091.671912
244,-1,2.520000,88.000050,950641.426164,547106.231487,3644.165500,10084.952803,10091.099721
245,-1,2.159999,88.004981,950644.013101,547042.918621,3643.296500,10084.952560,10091.069189
246,-1,1.800000,88.022379,950646.749644,546979.608381,3640.249400,10085.500063,10091.510747
247,-1,1.440000,88.058578,950648.540979,546916.264675,3633.870000,10085.499919,10091.292470
248,-1,1.079999,88.139691,950649.387106,546852.900629,3619.558399,10084.952503,10090.270635
249,-1,0.719999,88.233290,950650.929754,546789.549706,3603.084000,10085.499890,10090.296393
250,-1,0.360000,88.335909,950650.979623,546726.180410,3584.988400,10084.952521,10089.207578
251,-1,0.000000,88.445903,950651.178769,546662.815051,3565.612299,10084.952599,10088.663569
252,-1,359.640000,88.518230,950738.673345,546598.898840,3555.141300,10172.647974,10176.050813
253,-1,359.280000,88.553984,950738.622820,546534.978364,3548.803000,10173.199881,10176.440615
254,-1,358.920000,88.566183,950737.067049,546471.076589,3546.621799,10172.648023,10175.834122
255,-1,358.560000,88.616019,950736.213376,546407.161691,3537.781700,10173.200008,10176.168584
256,-1,358.200000,88.653256,950822.062942,546340.512546,3533.228000,10260.899901,10263.735077
257,-1,357.840000,88.685410,950819.279155,546276.100929,3527.453800,10260.343235,10263.044470
258,-1,357.479999,88.725354,950816.646942,546211.687016,3520.297000,10260.343196,10262.882734
259,-1,357.120000,88.760997,950814.166304,546147.263260,3513.923200,10260.900089,10263.299690
260,-1,356.760000,88.794556,950810.168609,546082.915620,3507.898700,10260.343075,10262.614300
261,-1,356.399999,88.825531,950806.322816,546018.562730,3502.349500,10260.343092,10262.499075
262,-1,356.039999,88.850666,950802.072825,545954.235431,3497.846600,10260.343162,10262.407837
263,-1,355.679999,88.853174,950797.418634,545889.936019,3497.397300,10260.343134,10262.398807
264,-1,355.319999,88.865796,950792.915691,545825.621843,3495.147100,10260.900107,10262.910881
265,-1,354.960000,88.884907,950786.898642,545761.431683,3491.712400,10260.342964,10262.286431
266,-1,354.599999,88.903490,950781.033497,545697.231352,3488.383300,10260.343103,10262.222322
267,-1,354.240000,88.922649,950775.318941,545633.013633,3484.961600,10260.899870,10262.714082
268,-1,353.880000,88.947690,950768.093562,545568.948144,3480.465400,10260.343224,10262.073976
269,-1,353.520000,88.979823,950761.019101,545504.869860,3474.709200,10260.343072,10261.969723
270,-1,353.160000,89.006749,950666.471390,545451.281713,3468.365600,10172.647960,10174.176691
271,-1,352.799999,89.036538,950571.655963,545398.835295,3461.600300,10084.952659,10086.378656
272,-1,352.440000,89.056039,950563.516543,545335.994870,3458.166800,10084.952483,10086.321331
273,-1,352.080000,89.056920,950555.524761,545273.131150,3458.020800,10085.499872,10086.866242
274,-1,351.719999,89.067576,950546.054308,545210.473139,3456.135599,10084.952487,10086.288077
275,-1,351.360000,89.078151,950450.032190,545160.971270,3452.862700,9997.257432,9998.551544
276,-1,351.000000,89.081878,950440.400648,545098.899544,3452.212199,9997.257290,9998.540957
277,-1,350.639999,89.085161,950343.851956,545051.151936,3450.238800,9909.562251,9910.825572
278,-1,350.279999,89.088528,950334.062606,544989.658620,3449.664900,9910.099952,9911.354059
279,-1,349.919999,89.094576,950322.827720,544928.413008,3448.610100,9909.562263,9910.799713
280,-1,349.560000,89.107119,950312.266390,544867.047973,3446.448500,9910.099865,9911.303329
281,-1,349.200000,89.127881,950300.262805,544805.948358,3442.848499,9909.562205,9910.710286
282,-1,348.839999,89.170683,950288.403576,544744.824464,3435.444099,9909.562119,9910.600265
283,-1,348.479999,89.190717,950362.089453,544666.262942,3433.217099,9997.257512,9998.254849
284,-1,348.120000,89.223392,950264.060777,544622.696100,3426.333300,9910.099969,9911.010384
285,-1,347.759999,89.297854,950250.525371,544561.917350,3413.445300,9909.562157,9910.306308
286,-1,347.400000,89.362042,950237.133994,544501.111041,3402.342200,9909.562167,9910.176474
287,-1,347.040000,89.415076,950223.360727,544440.390034,3393.168699,9909.562089,9910.078502
288,-1,346.679999,89.456627,950209.206228,544379.756625,3385.981600,9909.562057,9910.007705
289,-1,346.319999,89.491945,950194.671152,544319.213439,3379.872600,9909.562113,9909.951709
290,-1,345.960000,89.523148,950180.277808,544258.632523,3374.480000,9910.100025,9910.443253
291,-1,345.600000,89.548187,950164.461239,544198.407250,3370.144600,9909.562161,9909.870272
292,-1,345.240000,89.568768,950149.307726,544138.011702,3366.588900,9910.100103,9910.380797
293,-1,344.879999,89.582969,950132.735581,544077.989840,3364.128500,9909.562233,9909.824730
294,-1,344.519999,89.592621,950116.305823,544017.933202,3362.459200,9909.562118,9909.812605
295,-1,344.160000,89.634836,950100.016486,543957.834240,3355.160999,9910.099846,9910.301119
296,-1,343.799999,89.683996,949998.614786,543922.452749,3346.174100,9822.399937,9822.549331
297,-1,343.440000,89.720894,949981.210621,543863.241910,3339.848300,9822.400011,9822.516553
298,-1,343.079999,89.738331,949962.924569,543804.296490,3336.856499,9821.866887,9821.969316
299,-1,342.719999,89.744421,949944.778607,543745.312028,3335.812500,9821.866915,9821.964632
300,-1,342.360000,89.744080,949926.262568,543686.443051,3335.871000,9821.867014,9821.964992
301,-1,341.999999,89.746241,949907.376779,543627.691200,3335.500499,9821.867006,9821.963336
302,-1,341.640000,89.746978,949888.122225,543569.059427,3335.374200,9821.866925,9821.962697
303,-1,341.280000,89.747146,949868.499561,543510.549702,3335.345500,9821.866780,9821.962425
304,-1,340.919999,89.743631,949848.509771,543452.164320,3335.948000,9821.866775,9821.965098
305,-1,340.560000,89.746751,949828.656464,543393.728413,3335.415500,9822.400032,9822.495981
306,-1,340.200000,89.753415,949807.431769,543335.776429,3334.270699,9821.866773,9821.957733
307,-1,339.839999,89.760485,949868.667539,543247.554493,3333.425399,9909.562053,9909.648639
308,-1,339.479999,89.760051,949847.025522,543189.173376,3333.500400,9909.562204,9909.649104
309,-1,339.119999,89.769916,949907.460113,543099.480314,3332.148600,9997.800058,9997.880671
310,-1,338.760000,89.713318,1030069.555365,511874.856412,3772.475400,96026.288084,96027.490125
311,-1,338.400000,89.622679,1029935.598284,511278.977682,3925.000000,96119.200053,96121.284364
312,-1,338.040000,89.646919,1029386.164672,510849.340418,3882.172000,95768.400011,95770.218458
313,-1,337.679999,89.607275,1028748.957613,510460.476695,3945.398100,95324.726210,95326.965525
314,-1,337.319999,89.666230,1028119.934265,510074.210079,3844.784400,94891.400110,94893.010203
315,-1,336.959999,89.768909,1027802.875516,509561.156971,3674.352600,94798.554953,94799.326024
316,-1,336.600000,89.819898,1027326.590379,509118.253001,3589.160600,94535.469201,94535.936244
317,-1,336.239999,89.884755,1026446.881508,508856.529771,3480.737299,93833.907346,93834.097159
318,-1,335.880000,89.907760,1025887.489255,508461.022032,3442.497700,93483.126413,93483.247556
319,-1,335.519999,89.930845,1025565.965619,507962.028936,3404.726299,93395.431110,93395.499139
320,-1,335.159999,89.958657,1025246.138831,507463.439382,3359.331300,93312.800092,93312.824384
321,-1,334.799999,89.878803,1025152.287641,506859.635799,3489.742800,93483.126143,93483.335284
322,-1,334.440000,89.881594,1024663.190522,506442.465046,3484.646100,93220.040590,93220.239649
323,-1,334.079999,89.946839,1024176.737099,506027.659117,3378.252700,92961.999954,92962.039968
324,-1,333.719999,89.974894,1023683.864069,505619.614001,3332.618500,92698.900113,92698.909012
325,-1,333.359999,90.036677,1023267.563064,505176.830438,3232.772200,92523.499951,92523.518908
326,-1,332.999999,90.232689,1023000.794241,504660.304568,2916.261400,92518.478693,92519.241670
327,-1,332.640000,90.380957,1087380.091007,470691.723555,2192.873400,165305.528193,165309.182232
328,-1,332.279999,90.398964,1019982.301918,504933.074035,2667.301300,89712.230896,89714.405871
329,-1,331.919999,90.459099,1086259.097842,468935.409810,1968.818300,165130.137713,165135.438931
330,-1,331.560000,90.443382,1084611.171676,468647.992406,2024.298400,163814.708979,163819.614043
331,-1,331.199999,90.448674,1077893.468248,471166.524771,2064.793200,156711.394807,156716.199861
332,-1,330.840000,90.415393,1077110.079394,470476.086519,2158.369400,156360.613511,156364.722926
333,-1,330.479999,90.453798,1073118.387247,471607.318181,2085.505399,152326.632656,152331.410568
334,-1,330.119999,90.381083,1072796.262235,470688.578548,2277.668699,152502.023100,152505.396356
335,-1,329.759999,90.302292,1077013.537265,467121.005631,2458.706600,157939.127991,157941.326221
336,-1,329.399999,90.254721,1078700.077855,464970.682832,2578.533600,160482.290137,160483.876081
337,-1,329.039999,90.232802,1077281.655495,464645.747458,2644.204100,159429.946973,159431.263030
338,-1,328.679999,90.247193,1077070.704473,463601.513654,2602.608900,159789.400106,159790.887244
339,-1,328.319999,90.209123,1077285.025567,462289.477236,2705.615100,160657.680309,160658.750429
340,-1,327.959999,90.168457,1088051.469913,454360.576099,2780.450500,173987.357119,173988.109134
341,-1,327.600000,90.117640,1087912.871765,453153.790455,2933.686800,174513.528555,174513.896401
342,-1,327.240000,90.162926,1087986.154099,451802.752147,2793.505800,175302.785729,175303.494492
343,-1,326.880000,90.202391,1088203.156618,450346.058866,2669.318199,176277.000070,176278.099849
344,-1,326.520000,90.268365,1074421.043106,458133.422556,2540.318600,160482.289840,160484.050226
345,-1,326.160000,90.306413,1082894.232196,451238.558721,2375.590100,171356.499717,171358.950167
346,-1,325.800000,90.353335,1074458.507270,455669.714885,2293.662100,161885.413844,161888.492161
347,-1,325.440000,90.410474,1074534.120636,454382.525530,2126.558000,162674.670989,162678.845694
348,-1,325.079999,90.383750,1082077.032059,447870.055616,2136.065000,172584.233057,172588.104125
349,-1,324.720000,90.457204,1167933.102472,385797.217491,1069.437800,278520.083508,278528.951278
350,-1,324.360000,90.484676,1165136.137594,385649.293575,954.432100,276327.702583,276337.589623
351,-1,324.000000,90.486150,1163126.776455,384963.110236,957.742199,275099.969248,275109.872305
352,-1,323.640000,90.461297,1178208.141306,371714.037653,916.093900,295094.484093,295104.048552
353,-1,323.280000,90.450412,1177525.983549,369909.752219,968.025200,295620.655295,295629.789933
354,-1,322.919999,90.478074,1178159.810694,367102.537361,807.000000,297813.036535,297823.403975
355,-1,322.560000,90.499413,1177375.063575,365346.684246,692.253299,298251.512591,298262.842885
356,-1,322.200000,90.500942,1160721.507316,375892.874439,855.909799,278622.900050,278633.549609
357,-1,321.839999,90.492782,1160114.976048,374143.037060,890.446400,279221.645599,279231.973152
358,-1,321.480000,90.495374,1175013.260228,360041.569200,701.144199,299654.636509,299665.836750
359,-1,321.120000,90.491284,1174996.610655,357636.414233,709.757299,301145.455512,301156.526333
360,-1,320.760000,90.503171,1151458.546839,374417.931523,900.657399,272293.721592,272304.222034
361,-1,320.400000,90.467241,1149628.870708,373711.154393,1079.291000,271329.073756,271338.096010
362,-1,320.039999,90.393363,1143900.036365,376287.249963,1470.706999,265278.102276,265284.354336
363,-1,319.679999,90.352224,1143226.704051,374672.575043,1657.952699,265804.273767,265809.296420
364,-1,319.319999,90.357735,1140745.464919,374603.042045,1643.885800,263962.673710,263967.818858
365,-1,318.960000,90.341823,1139594.293008,373406.262943,1717.717699,263874.978423,263879.674477
366,-1,318.599999,90.359908,1131660.526724,378190.526668,1691.713399,254754.673474,254759.699666
367,-1,318.239999,90.334554,1130401.972482,377168.397479,1805.985600,254491.587613,254495.926106
368,-1,317.879999,90.375405,1135447.706485,370450.280009,1570.520099,262734.940340,262740.579980
369,-1,317.519999,90.397436,1131490.929950,371835.122712,1496.256599,258876.349869,258882.578046
370,-1,317.160000,90.426786,1130002.875512,370996.738562,1367.559599,258350.178135,258357.345576
371,-1,316.799999,90.427279,1157342.951081,343095.920348,1074.309800,297374.560246,297382.829416
372,-1,316.439999,90.462420,1161524.814436,336540.747107,831.039600,304916.351095,304926.282060
373,-1,316.079999,90.412766,1131901.107936,362408.462104,1378.341100,265628.883143,265635.776299
374,-1,315.720000,90.422500,1122138.196359,369597.847003,1421.806600,253614.635358,253621.530811
375,-1,315.360000,90.419559,1133751.339143,355890.211361,1303.818000,271504.464407,271511.743872
376,-1,314.999999,90.428958,1132238.824452,354990.216770,1262.561000,271065.988024,271073.585003
377,-1,314.640000,90.445535,1214955.891629,268803.219524,255.335699,390506.905619,390518.712312
378,-1,314.279999,90.419769,1125590.546082,356928.896291,1350.369500,265015.016341,265022.128916
379,-1,313.919999,90.441572,954617.977594,532071.082423,3135.873600,20257.600528,20258.202156
380,-1,313.559999,90.299920,954767.746324,531728.886914,3184.122300,20608.381408,20608.663757
381,-1,313.199999,90.245249,954673.633979,531639.951396,3203.787200,20608.381486,20608.570279
382,-1,312.839999,90.273050,954221.192627,531937.427179,3196.294899,20082.209960,20082.438008
383,-1,312.480000,90.341000,954069.178167,531916.598152,3172.999500,19994.514883,19994.869005
384,-1,312.120000,90.411174,1246467.893237,208352.207881,18.786399,456102.945438,456114.690363
385,-1,311.760000,90.409441,1247373.316295,203035.256244,0.000000,460663.097851,460674.860379
386,-1,311.399999,90.407733,1246484.064465,199667.140277,0.000000,462592.393039,462604.106512
387,-1,311.039999,90.407347,1244585.699495,197421.142473,0.000000,463030.869409,463042.571789
388,-1,310.680000,90.406423,1243071.315385,194719.781406,0.000000,464083.212292,464094.888138
389,-1,310.320000,90.405428,1241591.703843,191956.831879,0.000000,465223.250392,465234.897626
390,-1,309.959999,90.389507,1138596.139165,310325.070536,1195.837799,308336.465445,308343.590527
391,-1,309.600000,90.403450,1238564.061932,186445.310750,0.000000,467503.326751,467514.917181
392,-1,309.240000,90.401248,1085074.413531,369730.610517,1692.142900,228446.101335,228451.703338
393,-1,308.880000,90.398700,1083794.734004,369030.939672,1704.133600,228183.015596,228188.540304
394,-1,308.519999,90.386113,1080272.736783,371153.446254,1780.263800,224324.424980,224329.518765
395,-1,308.159999,90.355093,1081713.845777,367038.288146,1876.174900,228446.101272,228450.488612
396,-1,307.799999,90.373519,1077895.001381,369619.624847,1831.290900,224061.339143,224066.100447
397,-1,307.439999,90.396752,1229573.796120,169203.036179,0.000000,475395.898335,475407.296344
398,-1,307.079999,90.370997,1074496.197483,369447.105507,1853.648200,222132.043895,222136.700662
399,-1,306.720000,90.344791,1072698.447798,369522.919331,1962.108400,220992.005845,220996.007338
400,-1,306.359999,90.357740,1071582.844058,368696.210027,1912.161400,220992.005888,220996.313591
401,-1,306.000000,90.388168,1071750.717410,366102.853337,1779.941700,223184.386810,223189.508795
402,-1,305.640000,90.389003,1223093.601731,152614.246522,0.000000,484866.984131,484878.159504
403,-1,305.280000,90.367517,1064051.845668,372128.670025,1920.578400,213800.996261,213805.394692
404,-1,304.919999,90.249279,1063153.583029,371068.613747,2360.275100,214151.777002,214153.803852
405,-1,304.559999,90.314992,1062595.094317,369507.426908,2109.352400,215116.424777,215119.675679
406,-1,304.199999,90.353316,1117623.222777,286131.356128,1349.510500,315001.303387,315007.292616
407,-1,303.840000,90.350353,1060701.165362,367478.119615,1972.832100,215730.291551,215734.324799
408,-1,303.479999,90.364912,1060443.731494,365410.226769,1907.956400,217308.805714,217313.213169
409,-1,303.120000,90.379756,1211675.993005,131098.428334,3.275299,496179.670261,496190.569127
410,-1,302.759999,90.379769,1209154.498048,129255.715812,2.000000,496355.060702,496365.964169
411,-1,302.400000,90.379586,1205163.873155,129723.639088,20.429999,493811.898643,493822.735819
412,-1,302.039999,90.379355,1201050.215700,130448.157981,41.000000,491005.651252,491016.413740
413,-1,301.679999,90.378738,1196864.056421,131357.073157,66.000000,488024.012770,488034.675117
414,-1,301.319999,90.371314,1187047.061620,141591.652754,219.034599,474168.165072,474178.122528
415,-1,300.959999,90.378241,1180481.938923,146743.863578,213.231899,466363.288620,466373.450987
416,-1,300.600000,90.377244,1183410.597108,136035.409273,150.904800,477062.107981,477072.448744
417,-1,300.239999,90.366189,1176497.567299,141942.361698,297.878500,468467.974453,468477.542527
418,-1,299.879999,90.376513,1169100.573891,148908.175194,277.429300,458733.802564,458743.707588
419,-1,299.520000,90.379824,1175584.560595,131607.429612,130.000000,476974.412832,476984.893619
420,-1,299.160000,90.365150,1169468.248352,136418.607326,297.995699,469783.402996,469792.943532
421,-1,298.800000,90.377969,1169970.174514,129378.582364,150.651899,476185.155548,476195.517022
422,-1,298.439999,90.379070,1083356.739473,283017.382041,1308.285300,299830.026909,299836.589095
423,-1,298.079999,90.370997,1160498.044836,134420.849838,266.516900,467240.240929,467250.036160
424,-1,297.719999,90.370321,1159657.563905,129709.009196,247.654599,471011.136266,471020.974613
425,-1,297.359999,90.374174,1156469.216936,129431.051747,224.002800,469783.402996,469793.420918
426,-1,297.000000,90.361724,1155236.876225,125347.942131,306.710600,472852.736206,472862.159715
427,-1,296.639999,90.376695,1152664.098890,123850.680362,181.994000,473028.126914,473038.350442
428,-1,296.280000,90.377050,1149692.700633,123155.434049,183.679399,472326.565084,472336.792703
429,-1,295.919999,90.363616,1149135.928125,117511.776373,263.818599,477149.803071,477159.411993
430,-1,295.559999,90.356932,1148440.735289,112016.792612,290.534299,481797.650848,481806.999907
431,-1,295.199999,90.338234,1081445.583847,247278.940395,1338.727600,330874.141968,330879.907363
432,-1,294.840000,90.356862,1077756.594834,250299.205680,1257.910099,326577.075456,326583.410073
433,-1,294.479999,90.370988,1073566.110433,254551.034446,1213.734300,320964.579948,320971.308328
434,-1,294.119999,90.369347,1075240.089368,245877.349694,1167.523500,329558.713431,329565.561002
435,-1,293.760000,90.372586,1125251.695709,127131.800768,311.156600,458383.021723,458392.713763
436,-1,293.399999,90.364503,1122925.528118,125255.332080,370.801699,459172.278900,459181.570960
437,-1,293.040000,90.361264,1119381.802922,126216.059489,411.140299,456892.202550,456901.284856
438,-1,292.679999,90.369482,1121402.861216,113934.701506,267.563200,468994.145833,469003.897685
439,-1,292.319999,90.368053,1116448.975782,118242.386788,317.000000,463118.564693,463128.120058
440,-1,291.959999,90.367262,1117426.654273,108036.503985,260.435100,472940.431542,472950.147662
441,-1,291.600000,90.368096,1119186.799047,95518.746540,174.680900,485217.765139,485227.778765
442,-1,291.240000,90.352039,1117587.693321,91217.562885,289.653800,488637.879776,488647.103373
443,-1,290.880000,90.359878,1117066.742919,83969.086569,181.477799,495215.022782,495224.791521
444,-1,290.520000,90.360858,1092299.811482,141264.359445,565.716199,432863.706862,432872.292186
445,-1,290.159999,90.308145,949875.077631,521307.487809,3146.733900,27010.133932,27010.524565
446,-1,289.800000,90.156700,949715.582872,521249.499408,3218.128900,27010.134024,27010.235040
447,-1,289.440000,90.076933,949614.100135,521027.122556,3255.496799,27185.524695,27185.549202
448,-1,289.079999,90.015588,949481.515098,520887.902034,3284.579600,27273.219789,27273.220799
449,-1,288.719999,90.066810,949431.972546,520500.170854,3259.788600,27624.000618,27624.019398
450,-1,288.360000,90.236447,949267.414149,520444.982316,3178.001099,27624.000896,27624.236121
451,-1,288.000000,90.350984,1090127.371273,86360.941365,327.123399,483990.031966,483999.113156
452,-1,287.640000,90.349952,1086780.505264,86851.032905,344.941399,482499.212860,482508.212951
453,-1,287.279999,90.347583,1088499.251826,71119.961348,270.727899,498021.270416,498030.434684
454,-1,286.919999,90.347590,1083134.836374,78002.479408,320.146299,489865.613021,489874.627568
455,-1,286.560000,90.346912,1082911.798762,67953.651408,268.066800,499424.394069,499433.548696
456,-1,286.200000,90.358516,1078604.482246,71532.021548,196.000000,494776.546609,494786.232923
457,-1,285.840000,90.352434,1076095.173944,68986.781232,237.729600,496530.451201,496539.844864
458,-1,285.480000,90.329798,1067029.028690,90033.782773,564.646999,473817.384168,473825.233598
459,-1,285.120000,90.339713,1066033.180288,82306.143700,440.009399,481008.393693,481016.848617
460,-1,284.760000,90.333877,1064252.534900,77202.109945,462.940600,485480.850915,485489.093783
461,-1,284.400000,90.340980,1058945.040921,85607.772268,459.118799,476009.764876,476018.194477
462,-1,284.040000,90.343854,1056109.653548,84617.855284,433.668500,476272.850848,476281.427849
463,-1,283.679999,90.354148,1056107.854667,71971.952755,272.204800,488550.184385,488559.517178
464,-1,283.320000,90.368067,1052860.370348,72364.727560,160.836100,487410.146195,487420.203522
465,-1,282.960000,90.370967,1050723.772259,67993.690698,111.751600,491181.041540,491191.337005
466,-1,282.600000,90.367567,1047618.400189,67738.919554,143.714600,490742.565547,490752.664119
467,-1,282.239999,90.355114,1041372.128561,81987.855623,344.952200,475483.593697,475492.726512
468,-1,281.879999,90.350139,1038703.263492,80162.213605,378.740099,476711.326951,476720.228568
469,-1,281.520000,90.345820,1036628.403140,75344.310183,388.743000,481008.393767,481017.155386
470,-1,281.160000,90.351442,1034870.254097,68641.416437,303.349400,487234.755755,487243.921715
471,-1,280.799999,90.356708,1031109.022447,72020.854560,283.679699,483200.774643,483210.139181
472,-1,280.439999,90.347403,1028109.100625,71547.573682,362.690499,483113.079359,483121.960070
473,-1,280.080000,90.355403,1006473.497899,175911.958785,956.160499,376563.362382,376570.606971
474,-1,279.720000,90.324415,1003994.657056,176369.535626,1164.794200,375686.409964,375692.432232
475,-1,279.359999,90.317187,1001124.823557,179266.366118,1230.642500,372353.990720,372359.696530
476,-1,278.999999,90.350423,999048.438930,177420.655243,1005.522200,373844.809766,373851.801881
477,-1,278.640000,90.361603,1007898.893670,103538.846970,463.229699,448210.373820,448219.300278
478,-1,278.280000,90.342199,1009811.363270,70841.957967,420.187600,480833.003284,480841.579269
479,-1,277.919999,90.348362,1006264.501926,74411.775631,392.991999,476799.022304,476807.835419
480,-1,277.559999,90.347458,1002061.464072,83310.132834,457.418699,467415.631319,467424.226215
481,-1,277.199999,90.350413,996785.846014,101638.698867,548.621799,448561.154850,448569.543955
482,-1,276.840000,90.333602,994322.802056,98507.972845,663.897599,451367.402504,451375.053548
483,-1,276.479999,90.315857,991347.567849,99573.218418,811.430500,449964.278670,449971.116078
484,-1,276.120000,90.328031,988574.834549,98914.195458,713.813899,450315.059514,450322.439890
485,-1,275.760000,90.334318,985954.245302,96701.834397,653.140899,452244.354737,452252.053581
486,-1,275.399999,90.329525,985651.552010,69709.886741,536.643700,479079.098301,479087.021759
487,-1,275.039999,90.335102,982623.081689,69785.448269,492.057900,478728.317571,478736.505522
488,-1,274.680000,90.346111,973422.483620,145308.890398,859.367199,402696.543923,402703.891451
489,-1,274.319999,90.326774,975563.766739,83373.432904,642.170499,464609.383735,464616.940125
490,-1,273.959999,90.328235,970762.616565,110458.274404,787.069300,437248.468578,437255.643704
491,-1,273.599999,90.318246,970267.907909,74568.101106,664.562699,473028.126894,473035.423895
492,-1,273.239999,90.309314,967291.169768,74565.910165,739.251699,472852.736285,472859.626883
493,-1,272.879999,90.314163,962478.196782,111105.208149,900.714900,436108.430766,436114.986706
494,-1,272.520000,90.313949,957709.089522,157146.828336,1155.575400,389893.038755,389898.891996
495,-1,272.160000,90.298811,955274.587174,156696.274119,1256.765000,390243.819847,390249.126982
496,-1,271.800000,90.286887,954686.172996,97358.826522,1041.148100,449525.802381,449531.437544
497,-1,271.440000,90.234438,950390.720957,155840.897877,1692.352199,390945.381915,390948.654575
498,-1,271.080000,90.253547,947906.837145,157277.437983,1568.561100,389454.562745,389458.376062
499,-1,270.720000,90.234462,945556.000312,149610.118672,1667.065900,397084.048467,397087.373204
500,-1,270.359999,90.263225,943456.230561,86710.358317,1178.851100,459961.535979,459966.390053
501,-1,270.000000,90.250598,940566.226170,77844.059777,1241.480000,468818.755274,468823.239535
502,-1,269.640000,90.236178,937636.549615,80396.425735,1369.955600,466275.593195,466279.554628
503,-1,269.279999,90.214003,935468.457823,141016.663418,1776.756899,405678.182278,405681.012050
504,-1,268.920000,90.187586,932904.949170,140267.583552,1961.218700,406467.439471,406469.617966
505,-1,268.560000,90.158361,930362.679648,140762.080266,2169.762300,406028.963080,406030.513973
506,-1,268.199999,90.096029,933500.743582,321835.517003,2914.995899,224938.291519,224938.607455
507,-1,267.840000,90.174598,924360.587322,116998.556599,1981.740999,429969.763729,429971.760119
508,-1,267.480000,90.043271,938784.849156,506186.794953,3261.401600,40515.200937,40515.212492
509,-1,267.119999,89.952805,938451.255991,504622.265930,3326.672800,42093.715317,42093.729597
510,-1,266.760000,89.873322,938187.151204,504636.384340,3385.067000,42093.715397,42093.818280
511,-1,266.400000,89.803737,937928.646472,504739.684330,3435.889300,42006.019998,42006.266439
512,-1,266.039999,89.792910,937671.345477,504844.569947,3443.510200,41918.324844,41918.598653
513,-1,265.679999,89.798028,937402.046803,504776.138326,3440.074700,42006.020022,42006.281009
514,-1,265.320000,89.857970,937110.308870,504447.234456,3396.997900,42356.801217,42356.931356
515,-1,264.959999,89.924025,936606.302332,501761.740483,3351.769799,45075.353511,45075.393138
516,-1,264.599999,89.916004,936299.502092,501525.589381,3358.466300,45338.439271,45338.487991
517,-1,264.239999,90.035834,936015.982646,501553.288800,3263.644000,45338.439261,45338.448128
518,-1,263.880000,90.163205,935751.341443,501757.159784,3163.353700,45163.048943,45163.232167
519,-1,263.520000,90.244060,888864.466385,91469.665072,1340.552900,458119.935991,458124.092248
520,-1,263.160000,90.253258,884135.921380,76217.776612,1197.624400,473817.384115,473822.012890
521,-1,262.800000,90.259491,881873.602414,82062.858098,1171.101000,468292.583844,468297.386600
522,-1,262.439999,90.255979,879244.051571,84614.127273,1209.595500,466100.202718,466104.854494
523,-1,262.079999,90.264120,893017.446268,204873.622646,1701.246000,345080.771001,345084.437512
524,-1,261.719999,90.215204,885920.282641,171160.927605,1866.741100,379457.305397,379459.982057
525,-1,261.359999,90.203076,886447.150026,190498.999493,2015.132400,360252.047760,360254.310600
526,-1,261.000000,90.156296,920729.191369,421416.705964,2946.082200,126807.317577,126807.789391
527,-1,260.640000,90.110765,919914.118525,421370.761830,3046.513400,126982.708077,126982.945367
528,-1,260.280000,90.065720,918697.927387,418996.341382,3143.428199,129525.869967,129525.955176
529,-1,259.920000,90.044491,866877.169152,132136.764511,2965.067000,421024.849266,421024.976201
530,-1,259.560000,90.071988,864369.442213,133125.406563,2763.667000,420498.677886,420499.009796
531,-1,259.199999,90.165572,861542.576803,132406.338119,2073.297800,421726.411123,421728.172018
532,-1,258.839999,90.174804,868514.282676,181435.882448,2156.246700,372266.295626,372268.028166
533,-1,258.480000,90.201845,866571.203885,183614.377107,1986.730600,370512.390638,370514.689782
534,-1,258.120000,90.173113,879510.402088,256430.100898,2395.892200,296585.303106,296586.656861
535,-1,257.760000,90.220230,862554.133507,187058.217332,1877.613000,367969.228743,367971.947018
536,-1,257.400000,90.228226,862897.922846,199194.799358,1873.765600,356042.676192,356045.500827
537,-1,257.039999,90.184213,839121.372958,105853.076921,1837.689199,452332.050017,452334.387917
538,-1,256.680000,90.178764,881267.321474,296201.338285,2488.947900,257385.530755,257386.783527
539,-1,256.320000,90.134775,878471.156135,291551.624815,2674.386300,262559.549638,262560.276037
540,-1,255.960000,90.140512,877805.572492,295690.133926,2657.558699,258700.959257,258701.737212
541,-1,255.600000,90.148279,876469.812041,297023.763477,2624.984200,257736.311712,257737.174821
542,-1,255.240000,90.161089,870098.990465,279199.111134,2514.351899,276590.788387,276591.881582
543,-1,254.879999,90.191317,867893.753405,277699.980930,2361.693799,278607.778850,278609.332050
544,-1,254.520000,90.230986,865620.105066,276049.052146,2159.956000,280800.159797,280802.441702
545,-1,254.159999,90.236433,808747.449126,82063.394514,1299.128600,482937.689091,482941.800925
546,-1,253.799999,90.195977,858873.610685,265474.988320,2290.436200,292814.407648,292816.120554
547,-1,253.440000,90.216029,857483.402179,267254.692110,2192.917400,291498.979085,291501.051096
548,-1,253.080000,90.237465,856290.975430,269628.008885,2091.855400,289569.683693,289572.170730
549,-1,252.719999,90.237984,849185.867921,252913.153208,2014.196300,307634.903265,307637.557019
550,-1,252.359999,90.258259,847262.275968,253242.392050,1904.148000,307897.989206,307901.117065
551,-1,252.000000,90.242021,802115.802284,120556.224680,1399.457899,448034.983267,448038.980387
552,-1,251.639999,90.260279,785187.871573,78487.232703,1051.115400,493285.727529,493290.817416
553,-1,251.279999,90.248821,781967.871780,78642.178587,1145.960900,494162.679864,494167.339729
554,-1,250.920000,90.269080,826960.790324,218219.149433,1659.839700,347536.237734,347540.070330
555,-1,250.559999,90.250295,824811.813651,218691.344683,1772.637900,347799.323451,347802.642103
556,-1,250.200000,90.273581,822367.232582,218352.480203,1625.838900,348939.361570,348943.339449
557,-1,249.839999,90.263082,775515.452270,97099.689901,1093.023200,478903.707920,478908.756402
558,-1,249.480000,90.276230,786004.543496,133708.310581,1166.190300,440931.668757,440936.793180
559,-1,249.119999,90.277563,797946.807342,172787.928944,1353.482200,400153.381953,400158.077439
560,-1,248.760000,90.265270,772059.072372,113123.400635,1138.478099,465135.555223,465140.540470
561,-1,248.400000,90.257624,771727.333206,120224.449097,1229.728900,458646.107292,458650.743700
562,-1,248.039999,90.252365,772921.036199,130890.943840,1317.411600,448298.068934,448302.417581
563,-1,247.680000,90.248916,770145.466947,131546.865101,1342.493200,448736.545288,448740.780021
564,-1,247.319999,90.254911,764023.953928,124210.780692,1254.957299,457856.850143,457861.381605
565,-1,246.960000,90.283935,761407.433570,125409.059791,1023.457299,457769.155018,457774.776033
566,-1,246.600000,90.278247,759983.151314,129359.950511,1083.805600,454699.821506,454705.183388
567,-1,246.240000,90.285017,769201.289045,157390.685788,1176.219000,425321.916078,425327.178564
568,-1,245.880000,90.278046,754538.545405,131181.880923,1082.850300,455225.992925,455231.353245
569,-1,245.519999,90.242772,751495.625638,131401.177400,1358.657800,456278.335766,456282.431726
570,-1,245.160000,90.265997,748927.048754,132676.914022,1174.104600,456190.640600,456195.556809
571,-1,244.799999,90.306383,759360.945537,161581.992366,1016.202600,425585.001766,425591.086587
572,-1,244.439999,90.304323,823386.146883,301650.304749,1849.440200,271592.159655,271595.990701
573,-1,244.080000,90.313666,822155.674934,303022.388947,1808.990800,270890.597614,270894.657002
574,-1,243.720000,90.338224,820316.562143,303142.139364,1688.736800,271592.159654,271596.891806
575,-1,243.359999,90.341811,748089.569130,162965.114272,731.067599,429268.201813,429275.840763
576,-1,243.000000,90.343350,796722.558150,264353.720878,1393.264600,316842.903475,316848.592672
577,-1,242.640000,90.295426,793621.610939,262692.867572,1643.367600,319736.846510,319741.096835
578,-1,242.280000,90.328086,846786.485909,368190.128362,2137.523500,201611.357759,201614.663141
579,-1,241.919999,90.234499,839970.534974,358105.444791,2417.313400,213713.300865,213715.090817
580,-1,241.560000,90.189707,842087.129822,364833.060273,2607.325700,206785.376998,206786.510486
581,-1,241.199999,90.167114,836933.098135,358154.855125,2664.569900,215116.424713,215117.339724
582,-1,240.840000,90.250949,836519.852571,360188.175206,2356.722200,213537.910368,213539.958577
583,-1,240.480000,90.266744,829560.140440,350619.924001,2243.145300,225289.072527,225291.514035
584,-1,240.120000,90.241169,828505.319715,351625.412804,2345.184800,224938.291606,224940.284275
585,-1,239.759999,90.303378,825162.146283,348696.782834,2078.663799,229147.663235,229150.875518
586,-1,239.400000,90.341771,844098.085446,383544.097326,2161.557100,189509.414666,189512.786239
587,-1,239.040000,90.397520,822683.609246,350162.585677,1702.138600,229147.663128,229153.178412
588,-1,238.679999,90.444092,811194.557749,334051.023412,1362.930100,248879.092199,248886.568229
589,-1,238.319999,90.441634,824000.222754,357778.927728,1581.129800,221956.653522,221963.247227
590,-1,237.959999,90.470582,784620.104992,297484.117215,877.633300,293954.445732,293964.360649
591,-1,237.599999,90.471594,845647.517714,397094.863531,1833.913000,177144.385563,177150.386266
592,-1,237.240000,90.473749,782545.211176,301085.846888,877.339999,292025.150409,292035.133253
593,-1,236.879999,90.439765,781244.915549,302450.799211,1053.924199,291586.674419,291595.263477
594,-1,236.519999,90.468343,781503.579729,306163.012587,935.000000,288341.950603,288351.583881
595,-1,236.160000,90.480079,817159.319441,362597.885937,1435.128700,221605.872571,221613.651946
596,-1,235.800000,90.498192,781352.946829,312387.588720,829.000000,283255.626583,283266.334674
597,-1,235.440012,90.417010,940367.239036,546373.935379,3289.446900,350.781049,350.790340
598,-1,235.080004,90.292649,940365.428016,546375.191610,3290.208300,350.780761,350.785337
599,-1,234.719994,90.168204,940363.624541,546376.458668,3290.970200,350.781125,350.782637
600,-1,234.360008,90.043676,940361.829598,546377.737537,3291.732600,350.780768,350.780870
601,-1,233.999993,89.919082,940360.042200,546379.027233,3292.495400,350.781065,350.781414
602,-1,233.640002,89.794407,940358.263332,546380.328411,3293.258700,350.780905,350.783164
603,-1,233.279967,89.669669,940356.492338,546381.640744,3294.022400,350.780944,350.786774
604,-1,232.919992,89.544885,940354.729874,546382.963905,3294.786400,350.781053,350.792119
605,-1,232.560030,89.420056,940352.975941,546384.298219,3295.550700,350.780965,350.798935
606,-1,232.200023,89.295167,940351.230209,546385.643689,3296.315400,350.780881,350.807425
607,-1,231.839992,89.170253,940349.492680,546386.999986,3297.080300,350.781065,350.817852
608,-1,231.480006,89.045297,940347.764009,546388.367109,3297.845500,350.781112,350.829814
609,-1,231.119975,88.920334,940346.043868,546389.745387,3298.610799,350.780968,350.843256
610,-1,230.759993,88.825520,940344.332585,546391.134164,3299.191500,350.780939,350.854649
611,-1,230.399973,88.742207,940342.629833,546392.533767,3299.701800,350.780977,350.865518
612,-1,230.040015,88.659176,940340.936267,546393.943869,3300.210400,350.780918,350.876992
613,-1,229.679989,88.576461,940339.251231,546395.364798,3300.717099,350.780929,350.889225
614,-1,229.319998,88.494061,940337.575381,546396.796226,3301.221900,350.780841,350.902040
615,-1,228.959986,88.411979,940335.908390,546398.238152,3301.724800,350.780865,350.915641
616,-1,228.600016,88.330213,940334.250584,546399.690249,3302.225800,350.781033,350.930051
617,-1,228.240001,88.248763,940332.601966,546401.153173,3302.724900,350.780854,350.944769
618,-1,227.879999,88.167631,940330.962533,546402.626267,3303.222100,350.780818,350.960279
619,-1,227.519996,88.086849,940329.332287,546404.109532,3303.717200,350.780925,350.976566
620,-1,227.160017,88.006385,940327.711556,546405.602967,3304.210400,350.780953,350.993406
621,-1,226.800018,87.900194,940266.068634,546343.179535,3308.076700,438.476235,438.770862
622,-1,226.439983,87.783828,940264.066014,546345.071920,3308.968500,438.476290,438.804498
623,-1,226.080006,87.667048,940262.075860,546346.976772,3309.863600,438.476031,438.839763
624,-1,225.719980,87.549872,940260.097189,546348.894091,3310.761900,438.476136,438.877353
625,-1,225.360013,87.432299,940258.130986,546350.823549,3311.663400,438.476156,438.916836
626,-1,225.000000,87.314318,940256.176594,546352.765474,3312.568199,438.476316,438.958461
627,-1,224.639986,87.195966,940254.234668,546354.719867,3313.476000,438.476156,439.001775
628,-1,224.280019,87.077223,940252.305210,546356.686070,3314.387000,438.476136,439.047263
629,-1,223.919993,86.958100,940250.387891,546358.664741,3315.301100,438.476031,439.094717
630,-1,223.560016,86.838615,940248.483039,546360.654894,3316.218200,438.476290,439.144599
631,-1,223.199981,86.718765,940246.590655,546362.657515,3317.138300,438.476235,439.196247
632,-1,222.839997,86.598566,940244.711065,546364.671618,3318.061300,438.476303,439.250111
633,-1,222.480019,86.478007,940242.844271,546366.697533,3318.987299,438.476267,439.305988
634,-1,222.120002,86.357102,940240.989944,546368.735258,3319.916200,438.476370,439.364132
635,-1,221.759991,86.235862,940239.148741,546370.784795,3320.847899,438.476128,439.424073
636,-1,221.400006,86.114295,940237.320332,546372.845486,3321.782400,438.476223,439.486507
637,-1,221.039997,85.992409,940235.505047,546374.917989,3322.719600,438.475973,439.550763
638,-1,220.680018,85.870200,940233.702557,546377.001318,3323.659600,438.476274,439.617758
639,-1,220.319988,85.747688,940231.913191,546379.096458,3324.602199,438.476234,439.686606
640,-1,219.960016,85.624877,940230.137276,546381.202425,3325.547400,438.476243,439.757710
641,-1,219.599995,85.501768,940228.374484,546383.319875,3326.495200,438.476128,439.830915
642,-1,219.240004,85.378376,940226.625144,546385.448152,3327.445500,438.476058,439.906396
643,-1,218.880003,85.254706,940224.888927,546387.587255,3328.398300,438.476286,439.984420
644,-1,218.519997,85.130765,940223.166489,546389.737513,3329.353500,438.476095,440.064280
645,-1,218.160012,85.054584,940221.457503,546391.898270,3329.940800,438.476152,440.114576
646,-1,217.800001,84.989081,940219.761968,546394.069853,3330.445900,438.476253,440.158507
647,-1,217.440010,84.923967,940218.080213,546396.251936,3330.948099,438.476341,440.202744
648,-1,217.079990,84.859226,940216.412237,546398.444845,3331.447499,438.476217,440.247088
649,-1,216.719995,84.794863,940214.758041,546400.647924,3331.944099,438.476279,440.291924
650,-1,216.360003,84.730886,940213.117953,546402.861503,3332.437800,438.476066,440.336776
651,-1,215.999983,84.667291,940211.491316,546405.085251,3332.928700,438.476301,440.382362
652,-1,215.639996,84.604093,940209.879114,546407.319171,3333.416600,438.476190,440.427864
653,-1,215.279978,84.541272,940208.280692,546409.563261,3333.901700,438.476264,440.473821
654,-1,214.920000,84.478852,940206.696706,546411.817193,3334.383800,438.476180,440.519859
655,-1,214.560023,84.416821,940205.126827,546414.080968,3334.863000,438.476201,440.566245
656,-1,214.199997,84.355178,940203.571056,546416.354914,3335.339300,438.476146,440.612784
657,-1,213.840003,84.293949,940202.029720,546418.638374,3335.812500,438.476115,440.659549
658,-1,213.480003,84.233125,940200.502492,546420.931348,3336.282700,438.476378,440.706809
659,-1,213.119994,84.179150,940198.990028,546423.234165,3336.700000,438.476207,440.748766
660,-1,212.759995,84.072994,940123.745100,546378.092523,3346.625199,526.171469,528.999364
661,-1,212.400000,83.957132,940121.964920,546380.878279,3347.700900,526.171457,529.111512
662,-1,212.039995,83.841375,940120.202128,546383.675189,3348.776100,526.171558,529.225882
663,-1,211.679984,83.725721,940118.457053,546386.483254,3349.850800,526.171497,529.342195
664,-1,211.319982,83.610182,940116.729694,546389.302146,3350.924900,526.171446,529.460607
665,-1,210.960006,83.543999,940115.020052,546392.131537,3351.540400,526.171574,529.529588
666,-1,210.600000,83.498295,940113.328454,546394.972083,3351.965500,526.171262,529.577244
667,-1,210.240004,83.467826,940111.654245,546397.822799,3352.249000,526.171577,529.609734
668,-1,209.879984,83.378580,940414.150359,546575.438257,3312.359800,175.390297,176.568054
669,-1,209.520005,83.221506,940413.604100,546576.395276,3312.847299,175.390631,176.625263
670,-1,209.160056,83.064706,940413.064403,546577.355904,3313.334200,175.390400,176.683164
671,-1,208.799965,82.908150,940412.530284,546578.320141,3313.820700,175.390465,176.742633
672,-1,208.440011,82.751864,940412.002397,546579.287331,3314.306700,175.390570,176.803396
673,-1,208.079989,82.595867,940411.480745,546580.258129,3314.792100,175.390398,176.865123
674,-1,207.720024,82.440154,940410.964998,546581.231881,3315.277000,175.390550,176.928415
675,-1,207.359963,82.284735,940410.455485,546582.209241,3315.761300,175.390430,176.992662
676,-1,206.999980,82.129623,940409.952205,546583.189554,3316.245000,175.390342,177.058160
677,-1,206.640015,81.974834,940409.454830,546584.172820,3316.728099,175.390574,177.125188
678,-1,206.280052,81.820368,940408.964018,546585.159366,3317.210500,175.390393,177.193000
679,-1,205.919982,81.666253,940408.479111,546586.149194,3317.692200,175.390388,177.262172
680,-1,205.560032,81.512460,940408.000437,546587.141646,3318.173299,175.390555,177.332705
681,-1,205.199994,81.359040,940407.527997,546588.137379,3318.653600,175.390606,177.404282
682,-1,204.839946,81.205987,940407.053260,546589.132127,3319.134600,175.400081,177.486548
683,-1,204.480029,81.053242,940406.602146,546590.137375,3319.612100,175.390632,177.550843
684,-1,204.119975,80.900924,940406.148735,546591.141966,3320.090100,175.390468,177.625646
685,-1,203.759971,80.748966,940405.701557,546592.149182,3320.567400,175.390468,177.701752
686,-1,203.400003,80.597434,940405.260613,546593.159022,3321.043800,175.390629,177.779119
687,-1,203.040001,80.446274,940404.826231,546594.171815,3321.519400,175.390519,177.857328
688,-1,202.679979,80.295586,940404.389224,546595.183624,3321.995599,175.400134,177.946461
689,-1,202.320048,80.145257,940403.976495,546596.205276,3322.467800,175.390476,178.017151
690,-1,201.959970,79.995362,940403.561141,546597.226271,3322.940700,175.390420,178.098642
691,-1,201.599998,79.845890,940403.152350,546598.249563,3323.412700,175.390345,178.181174
692,-1,201.239978,79.696914,940402.749791,546599.275480,3323.883600,175.390431,178.264880
693,-1,200.880005,79.548376,940402.344936,546600.300412,3324.355300,175.399939,178.359200
694,-1,200.520056,79.400291,940401.964360,546601.334531,3324.822499,175.390412,178.435179
695,-1,200.159996,79.252686,940401.572300,546602.364712,3325.292200,175.399944,178.531540
696,-1,199.799953,79.105543,940401.204519,546603.403752,3325.757300,175.390558,178.609639
697,-1,199.439975,78.958869,940400.834769,546604.441808,3326.223100,175.390282,178.697990
698,-1,199.079967,78.812704,940400.471253,546605.482160,3326.687800,175.390288,178.787573
699,-1,198.720002,78.667078,940400.105112,546606.521528,3327.153200,175.400019,178.887993
700,-1,198.360012,78.521917,940399.763905,546607.569426,3327.613700,175.390321,178.969551
701,-1,198.000038,78.377265,940399.420074,546608.616340,3328.075000,175.390347,179.061943
702,-1,197.640013,78.233168,940399.082804,546609.665551,3328.535000,175.390348,179.155185
703,-1,197.280024,78.089603,940398.752096,546610.716730,3328.993800,175.390423,179.249384
704,-1,196.919956,77.946562,940398.427950,546611.770205,3329.451400,175.390476,179.344435
705,-1,196.559997,77.804090,940398.101507,546612.822697,3329.909700,175.399937,179.449946
706,-1,196.199967,77.662156,940397.799670,546613.882734,3330.362700,175.390586,179.537055
707,-1,195.840016,77.520791,940397.495537,546614.941787,3330.816400,175.390638,179.634598
708,-1,195.479958,77.379992,940397.198293,546616.003137,3331.268700,175.390360,179.732605
709,-1,195.119972,77.239806,940396.898097,546617.063502,3331.721800,175.400115,179.841658
710,-1,194.760031,77.100155,940396.613977,546618.128132,3332.171500,175.400162,179.941563
711,-1,194.399956,76.961073,940396.345933,546619.197356,3332.617600,175.390417,180.032185
712,-1,194.039960,76.822624,940396.066078,546620.263299,3333.066600,175.399853,180.143205
713,-1,193.679964,76.684797,940395.811157,546621.335475,3333.509700,175.390512,180.235643
714,-1,193.319980,76.547554,940395.553940,546622.406995,3333.953599,175.390482,180.338365
715,-1,192.959969,76.410942,940395.303284,546623.480156,3334.395999,175.390612,180.441923
716,-1,192.599940,76.274969,940395.059518,546624.554957,3334.836800,175.390586,180.545975
717,-1,192.239984,76.139609,940394.822642,546625.631070,3335.276100,175.390473,180.650598
718,-1,191.879970,76.004893,940394.583141,546626.706855,3335.716200,175.399918,180.765697
719,-1,191.519976,75.870794,940394.368903,546627.787890,3336.150100,175.390485,180.861974
720,-1,191.159948,75.737397,940394.142853,546628.866628,3336.587000,175.400009,180.978352
721,-1,190.799960,75.604628,940393.942394,546629.950287,3337.017500,175.390399,181.075585
722,-1,190.440002,75.472520,940393.739311,546631.033290,3337.448800,175.390413,181.183306
723,-1,190.080014,75.341091,940393.533602,546632.115965,3337.880900,175.399991,181.301444
724,-1,189.720015,75.210357,940393.343970,546633.201593,3338.308800,175.400148,181.410355
725,-1,189.359951,75.080269,940393.170742,546634.290174,3338.732500,175.390563,181.509714
726,-1,188.999939,74.950900,940392.994890,546635.378098,3339.156900,175.390601,181.619482
727,-1,188.639962,74.822201,940392.825927,546636.467006,3339.579600,175.390604,181.729695
728,-1,188.279998,74.694186,940392.654667,546637.555587,3340.003100,175.399849,181.849951
729,-1,187.919948,74.566932,940392.508670,546638.648104,3340.419500,175.390453,181.951255
730,-1,187.559988,74.440333,940392.360376,546639.739966,3340.836800,175.390347,182.062645
731,-1,187.199992,74.314519,940392.218644,546640.832811,3341.252100,175.390529,182.174661
732,-1,186.839972,74.189374,940392.084130,546641.926641,3341.665599,175.390352,182.286718
733,-1,186.479995,74.064986,940391.956178,546643.021127,3342.077200,175.390506,182.399440
734,-1,186.119952,73.941279,940391.825929,546644.115613,3342.489700,175.399866,182.522116
735,-1,185.759956,73.818379,940391.711756,546645.211740,3342.897400,175.399992,182.635437
736,-1,185.399973,73.696203,940391.604472,546646.308522,3343.303199,175.400122,182.749066
737,-1,185.039951,73.574747,940391.513921,546647.406945,3343.704199,175.390363,182.852683
738,-1,184.679998,73.454083,940391.410903,546648.504056,3344.108800,175.400063,182.976799
739,-1,184.319997,73.334149,940391.334132,546649.603463,3344.505699,175.390339,183.080910
740,-1,183.960011,73.215005,940391.254407,546650.702542,3344.903400,175.390509,183.195525
741,-1,183.599974,73.096610,940391.181901,546651.802278,3345.299000,175.390357,183.310012
742,-1,183.240003,72.978998,940391.106442,546652.901685,3345.695500,175.400097,183.435004
743,-1,182.879981,72.876710,940391.057229,546654.002733,3346.035200,175.390463,183.525523
744,-1,182.520004,72.781100,940391.005392,546655.103452,3346.355800,175.390392,183.620104
745,-1,182.160018,72.686246,940390.960445,546656.204500,3346.674199,175.390347,183.714566
746,-1,181.800010,72.592146,940390.922387,546657.305876,3346.990400,175.390328,183.808899
747,-1,181.439994,72.498770,940390.881705,546658.407251,3347.307500,175.399858,183.913104
748,-1,181.079977,72.406235,940390.866941,546659.509283,3347.616100,175.390385,183.997114
749,-1,180.719993,72.314401,940390.840038,546660.610987,3347.928700,175.399980,184.100985
750,-1,180.360009,72.223385,940390.839054,546661.713019,3348.232800,175.390578,184.184643
751,-1,180.000000,72.133094,940390.835773,546662.815051,3348.537700,175.390397,184.277787
752,-1,179.639990,72.043609,940390.839054,546663.917083,3348.840300,175.390578,184.371024
753,-1,179.280006,71.954807,940390.840038,546665.019115,3349.143900,175.399980,184.473788
754,-1,178.920022,71.866836,940390.866941,546666.120819,3349.438800,175.390385,184.556233
755,-1,178.560005,71.779614,940390.881705,546667.222850,3349.737700,175.399858,184.658474
756,-1,178.199989,71.693199,940390.922387,546668.324226,3350.027900,175.390328,184.740370
757,-1,177.839981,71.607501,940390.960445,546669.425602,3350.319099,175.390347,184.832062
758,-1,177.479995,71.522625,940391.005392,546670.526650,3350.607800,175.390392,184.923400
759,-1,177.120018,71.438482,940391.057229,546671.627369,3350.894300,175.390463,185.014468
760,-1,176.759996,71.355133,940391.106442,546672.728417,3351.181600,175.400097,185.115250
761,-1,176.400025,71.272529,940391.181901,546673.827824,3351.460100,175.390357,185.195250
762,-1,176.039989,71.190734,940391.244893,546674.928216,3351.742700,175.400046,185.295349
763,-1,175.680002,71.109689,940391.334132,546676.026639,3352.016399,175.390339,185.374592
764,-1,175.320001,71.029437,940391.410903,546677.126046,3352.294299,175.400063,185.473946
765,-1,174.960001,70.949913,940391.504407,546678.224141,3352.566600,175.399927,185.562516
766,-1,174.600054,70.871251,940391.613987,546679.320595,3352.833000,175.390557,185.640786
767,-1,174.240043,70.793282,940391.711756,546680.418362,3353.103800,175.399992,185.738611
768,-1,173.880047,70.716109,940391.825929,546681.514489,3353.368800,175.399866,185.825840
769,-1,173.520036,70.639741,940391.946663,546682.609959,3353.631400,175.400071,185.912921
770,-1,173.160027,70.564112,940392.084130,546683.703461,3353.888200,175.390352,185.989045
771,-1,172.799971,70.489303,940392.209130,546684.798603,3354.149300,175.400133,186.085309
772,-1,172.439994,70.415225,940392.350862,546685.891448,3354.404599,175.399951,186.170559
773,-1,172.080051,70.341988,940392.508670,546686.981997,3354.653900,175.390453,186.245328
774,-1,171.720001,70.269470,940392.654667,546688.074515,3354.907700,175.399849,186.339705
775,-1,171.359958,70.197762,940392.816740,546689.164736,3355.155600,175.399932,186.423620
776,-1,170.999954,70.126845,940392.994890,546690.252332,3355.397600,175.390652,186.497015
777,-1,170.640007,70.056654,940393.161556,546691.341569,3355.644000,175.399894,186.589607
778,-1,170.279984,69.987290,940393.343970,546692.428509,3355.884500,175.400148,186.672015
779,-1,169.919969,69.918655,940393.543117,546693.512496,3356.119000,175.390336,186.743182
780,-1,169.559997,69.850859,940393.739311,546694.596811,3356.354400,175.390413,186.824211
781,-1,169.199990,69.783825,940393.932880,546695.681783,3356.590900,175.400114,186.914912
782,-1,168.840051,69.717539,940394.142853,546696.763474,3356.821400,175.400009,186.994591
783,-1,168.479992,69.652053,940394.359716,546697.844180,3357.049300,175.399880,187.073593
784,-1,168.120029,69.587358,940394.583141,546698.923246,3357.274699,175.399918,187.152124
785,-1,167.760023,69.523425,940394.813455,546700.001000,3357.497600,175.399867,187.229936
786,-1,167.400059,69.460301,940395.059518,546701.075145,3357.714400,175.390586,187.297197
787,-1,167.040030,69.397938,940395.303284,546702.149946,3357.932200,175.390612,187.373749
788,-1,166.680019,69.336353,940395.553940,546703.223107,3358.147400,175.390482,187.449459
789,-1,166.320035,69.275549,940395.811157,546704.294627,3358.360100,175.390512,187.524651
790,-1,165.960039,69.215489,940396.066078,546705.366803,3358.573900,175.399853,187.609149
791,-1,165.600043,69.156268,940396.345933,546706.432746,3358.777800,175.390417,187.672781
792,-1,165.239968,69.097835,940396.613977,546707.501969,3358.986399,175.400162,187.756210
793,-1,164.879969,69.040145,940396.907283,546708.564303,3359.185200,175.390648,187.818344
794,-1,164.520015,68.983209,940397.189107,546709.629590,3359.388700,175.399914,187.899884
795,-1,164.159948,68.927066,940397.486678,546710.690939,3359.586000,175.399876,187.970700
796,-1,163.800032,68.871740,940397.799670,546711.747368,3359.777000,175.390586,188.030793
797,-1,163.439968,68.817166,940398.110693,546712.804780,3359.969000,175.390383,188.099898
798,-1,163.079993,68.763387,940398.418763,546713.862849,3360.162200,175.400124,188.178875
799,-1,162.720047,68.710376,940398.742910,546714.915997,3360.349000,175.399974,188.246479
800,-1,162.359976,68.658131,940399.073618,546715.967504,3360.533300,175.399997,188.313494
801,-1,161.999971,68.606685,940399.410887,546717.016714,3360.714900,175.399997,188.379660
802,-1,161.639987,68.555982,940399.763905,546718.060675,3360.890199,175.390321,188.434669
803,-1,161.279947,68.506109,940400.114298,546719.105621,3361.066500,175.390371,188.499241
804,-1,160.920000,68.457005,940400.462066,546720.151222,3361.244000,175.400042,188.573344
805,-1,160.560024,68.408621,940400.834769,546721.188294,3361.411400,175.390282,188.625803
806,-1,160.200018,68.361089,940401.195661,546722.229630,3361.583600,175.400004,188.698274
807,-1,159.840003,68.314303,940401.572300,546723.265389,3361.749400,175.399944,188.759421
808,-1,159.479943,68.268286,940401.964360,546724.295571,3361.908800,175.390412,188.809525
809,-1,159.119964,68.223066,940402.353795,546725.326409,3362.069300,175.390493,188.869087
810,-1,158.760021,68.178590,940402.749791,546726.354622,3362.227199,175.390431,188.927666
811,-1,158.399970,68.134910,940403.143491,546727.384147,3362.386199,175.399910,188.995623
812,-1,158.040017,68.092025,940403.552283,546728.407439,3362.538700,175.399985,189.052540
813,-1,157.679959,68.049895,940403.967637,546729.428435,3362.688599,175.400041,189.108574
814,-1,157.319992,68.008534,940404.398082,546730.442868,3362.831999,175.390569,189.153440
815,-1,156.960045,67.967975,940404.817372,546731.461895,3362.980300,175.400083,189.217843
816,-1,156.599996,67.928175,940405.260613,546732.471080,3363.118300,175.390629,189.260892
817,-1,156.239973,67.889120,940405.693027,546733.484857,3363.261300,175.399862,189.323227
818,-1,155.879989,67.850858,940406.140204,546734.492073,3363.397800,175.399863,189.374649
819,-1,155.519955,67.813421,940406.593616,546735.496664,3363.531500,175.400026,189.425248
820,-1,155.160004,67.776702,940407.062119,546736.494037,3363.658700,175.390388,189.464396
821,-1,154.800028,67.740776,940407.519467,546737.496660,3363.791000,175.400001,189.523371
822,-1,154.440009,67.705609,940407.991907,546738.492393,3363.916700,175.399949,189.570973
823,-1,154.079982,67.671219,940408.470580,546739.485173,3364.039699,175.399925,189.617647
824,-1,153.719931,67.637631,940408.955488,546740.475001,3364.159900,175.399930,189.663350
825,-1,153.359984,67.610214,940409.454830,546741.457282,3364.254200,175.390574,189.690598
826,-1,152.999947,67.588182,940409.943675,546742.445141,3364.337000,175.400027,189.730891
827,-1,152.639984,67.566951,940410.446954,546743.425454,3364.413100,175.400117,189.760001
828,-1,152.280038,67.546549,940410.956468,546744.402486,3364.486200,175.400085,189.787879
829,-1,151.919998,67.527021,940411.472215,546745.376566,3364.556200,175.400086,189.814627
830,-1,151.559988,67.508268,940412.002397,546746.342771,3364.619500,175.390570,189.830039
831,-1,151.200010,67.490410,940412.522081,546747.314554,3364.687400,175.399865,189.864612
832,-1,150.839990,67.473432,940413.055873,546748.278791,3364.748400,175.400087,189.888178
833,-1,150.480008,67.457262,940413.595898,546749.239419,3364.806400,175.400032,189.910355
834,-1,150.120015,67.441870,940414.150359,546750.191845,3364.857600,175.390297,189.921000
835,-1,149.760017,67.427447,940414.693993,546751.150504,3364.913400,175.399980,189.951354
836,-1,149.399979,67.413829,940415.252063,546752.100962,3364.962300,175.399985,189.970135
837,-1,149.039974,67.401077,940415.816038,546753.047810,3365.008100,175.399996,189.987740
838,-1,148.679988,67.389164,940416.385919,546753.991050,3365.050900,175.400010,190.004204
839,-1,148.320005,67.378087,940416.961705,546754.930680,3365.090700,175.400027,190.019525
840,-1,147.960013,67.367876,940417.543397,546755.866702,3365.127400,175.400048,190.033664
841,-1,147.599997,67.358529,940418.130994,546756.799115,3365.160999,175.400072,190.046619
842,-1,147.240034,67.349998,940418.724497,546757.727591,3365.191600,175.399925,190.058265
843,-1,146.879927,67.342352,940419.323905,546758.652786,3365.219100,175.399962,190.068891
844,-1,146.519991,67.294614,940273.631611,546856.332380,3438.781500,350.799847,380.270090
845,-1,146.159996,67.227379,940274.868813,546858.156524,3439.257600,350.781128,380.436855
846,-1,145.800012,67.161147,940276.086331,546859.993790,3439.742700,350.799917,380.642203
847,-1,145.439984,67.095381,940277.331079,546861.813012,3440.217000,350.799889,380.826524
848,-1,145.080004,67.030081,940278.602730,546863.613206,3440.680300,350.780761,380.989467
849,-1,144.720005,66.965832,940279.854368,546865.427507,3441.152700,350.799966,381.191742
850,-1,144.360026,66.902046,940281.132909,546867.222779,3441.614100,350.800067,381.372607
851,-1,143.999999,66.838910,940282.422932,546869.010177,3442.071200,350.800096,381.552188
852,-1,143.640002,66.776213,940283.739531,546870.777890,3442.517300,350.780905,381.710232
853,-1,143.279967,66.714391,940285.051864,546872.548883,3442.965700,350.780944,381.887304
854,-1,142.919982,66.653400,940286.359932,546874.322830,3443.416700,350.800016,382.083327
855,-1,142.559997,66.592994,940287.694247,546876.077092,3443.855700,350.800128,382.257614
856,-1,142.199981,66.575960,940289.054809,546877.811340,3443.971300,350.781082,382.286076
857,-1,141.839965,66.560227,940290.396341,546879.560352,3444.093900,350.799971,382.352160
858,-1,141.479998,66.546662,940291.763465,546881.289023,3444.192599,350.800019,382.391476
859,-1,141.119986,66.534970,940293.141743,546883.009164,3444.277600,350.799874,382.425181
860,-1,140.759983,66.525183,940294.530520,546884.720775,3444.348900,350.800052,382.453741
861,-1,140.399982,66.517271,940295.930123,546886.423528,3444.406500,350.800091,382.476725
862,-1,140.039968,66.511247,940297.340553,546888.117422,3444.450300,350.799990,382.494088
863,-1,139.680003,66.507114,940298.761482,546889.802130,3444.480300,350.799791,382.505863
864,-1,139.319991,66.504896,940300.192910,546891.478307,3444.496499,350.799915,382.512435
865,-1,138.959998,66.504568,940301.634836,546893.145299,3444.498900,350.799939,382.513413
866,-1,138.600012,66.506143,940303.087261,546894.803104,3444.487400,350.799860,382.508757
867,-1,138.240012,66.509635,940304.549856,546896.452051,3444.462100,350.800143,382.498931
868,-1,137.879994,66.515004,940306.023279,546898.091483,3444.422900,350.799863,382.483051
869,-1,137.520011,66.522306,940307.506543,546899.721729,3444.369800,350.799970,382.461992
870,-1,137.159976,66.531514,940309.000307,546901.342789,3444.302800,350.799981,382.435314
871,-1,136.799988,66.542629,940310.503913,546902.954334,3444.221999,350.800154,382.403302
872,-1,136.440034,66.555652,940312.017689,546904.556037,3444.127200,350.800023,382.365455
873,-1,136.080023,66.570599,940313.541636,546906.148554,3444.018500,350.800038,382.322235
874,-1,135.719979,66.587455,940315.075754,546907.731556,3443.895900,350.799980,382.273449
875,-1,135.360001,66.606239,940316.619386,546909.304715,3443.759400,350.800087,382.219330
876,-1,135.000000,66.626923,940318.173189,546910.868032,3443.609000,350.799890,382.159459
877,-1,134.639978,66.649851,940319.749957,546912.408384,3443.434299,350.781064,382.072902
878,-1,134.280020,66.674081,940321.309665,546913.965467,3443.266500,350.799980,382.023795
879,-1,133.919976,66.700532,940322.892668,546915.499585,3443.074500,350.800038,381.947865
880,-1,133.559965,66.735687,940324.485184,546917.023532,3442.819399,350.800023,381.847021
881,-1,133.200011,66.779697,940326.086887,546918.537308,3442.500300,350.800154,381.721218
882,-1,132.840023,66.824311,940327.698432,546920.040914,3442.176900,350.799981,381.593668
883,-1,132.479988,66.869545,940329.319492,546921.534678,3441.849300,350.799970,381.464850
884,-1,132.120005,66.915412,940330.949738,546923.017943,3441.517300,350.799863,381.334456
885,-1,131.759987,66.961928,940332.589170,546924.491365,3441.181000,350.800143,381.202979
886,-1,131.400018,67.003451,940276.240858,546991.738606,3478.101000,438.499927,476.356765
887,-1,131.040001,66.977924,940278.313360,546993.554219,3478.331600,438.499924,476.446899
888,-1,130.680009,66.952089,940280.397018,546995.356709,3478.565100,438.500009,476.538346
889,-1,130.319998,66.925949,940282.492158,546997.146075,3478.801400,438.499969,476.630870
890,-1,129.959985,66.899525,940284.598453,546998.922318,3479.040400,438.500018,476.724635
891,-1,129.599984,66.872805,940286.715903,547000.685110,3479.282100,438.499904,476.819411
892,-1,129.239986,66.886418,940288.844179,547002.434778,3479.159000,438.500089,476.771244
893,-1,128.879998,66.937944,940290.983611,547004.170667,3478.692899,438.499855,476.588252
894,-1,128.519984,67.023948,940293.133869,547005.893433,3477.915900,438.499921,476.284477
895,-1,128.160012,67.110033,940295.309389,547007.583718,3477.129100,438.476152,475.956006
896,-1,127.799994,67.197287,940297.466537,547009.297954,3476.352799,438.499877,475.676462
897,-1,127.440010,67.284268,940299.663055,547010.961008,3475.560100,438.476341,475.348095
898,-1,127.079996,67.372406,940301.841529,547012.648013,3474.777800,438.500102,475.068483
899,-1,126.719986,67.460601,940304.044936,547014.302209,3473.986000,438.499967,474.764284
900,-1,126.359988,67.549252,940306.258514,547015.942625,3473.191200,438.500018,474.460237
901,-1,126.000013,67.638336,940308.482263,547017.568935,3472.393500,438.499988,474.156149
902,-1,125.639986,67.727848,940310.716511,547019.181464,3471.592999,438.499950,473.852141
903,-1,125.279987,67.817794,940312.960601,547020.779886,3470.789699,438.500025,473.548338
904,-1,124.919955,67.857185,940516.023843,546734.725012,3327.687699,87.700149,94.683304
905,-1,124.559998,67.889927,940516.476598,546735.038988,3327.629300,87.700154,94.661312
906,-1,124.200076,67.923506,940516.931321,546735.350011,3327.569399,87.700071,94.638706
907,-1,123.839876,67.957887,940517.388342,546735.658409,3327.508100,87.699990,94.615609
908,-1,123.480038,67.993135,940517.846674,546735.963855,3327.445400,87.700189,94.592280
909,-1,123.120014,68.029181,940518.307303,546736.266348,3327.381200,87.700118,94.568177
910,-1,122.759965,68.066014,940518.769900,546736.565888,3327.315600,87.699962,94.543508
911,-1,122.400059,68.103730,940519.234138,546736.862475,3327.248500,87.699897,94.518404
912,-1,122.039986,68.142297,940519.700345,546737.156438,3327.179999,87.700024,94.492997
913,-1,121.679959,68.181592,940520.168520,546737.447119,3327.110100,87.699788,94.466777
914,-1,121.319920,68.221780,940520.638335,546737.735177,3327.038799,87.699920,94.440422
915,-1,120.959970,68.262855,940521.109791,546738.020281,3326.966000,87.700138,94.413640
916,-1,120.600038,68.304767,940521.585512,546738.298168,3326.889800,87.695435,94.381075
917,-1,120.240129,68.347301,940522.058280,546738.580975,3326.816200,87.699930,94.358071
918,-1,119.879990,68.390803,940522.535313,546738.857222,3326.739200,87.700072,94.329819
919,-1,119.519991,68.435133,940523.013986,546739.130187,3326.660699,87.700016,94.300885
920,-1,119.160009,68.480245,940523.494300,546739.400200,3326.580900,87.700043,94.271609
921,-1,118.800032,68.526252,940523.976255,546739.667259,3326.499600,87.700155,94.241921
922,-1,118.439960,68.573000,940524.460178,546739.931038,3326.416900,87.699906,94.211446
923,-1,118.080051,68.620625,940524.945413,546740.191865,3326.332800,87.699898,94.180748
924,-1,117.720106,68.669093,940525.432289,546740.449738,3326.247300,87.699974,94.149684
925,-1,117.359920,68.718373,940525.921133,546740.704659,3326.160399,87.699983,94.118117
926,-1,116.999957,68.769434,940526.411289,546740.956299,3326.070400,87.699939,94.085448
927,-1,116.639915,68.827252,940526.903086,546741.204986,3325.968599,87.699982,94.048671
928,-1,116.280068,68.885785,940527.396196,546741.450392,3325.865600,87.699965,94.011503
929,-1,115.919921,68.945034,940527.891273,546741.692846,3325.761400,87.699890,93.973948
930,-1,115.560040,69.005039,940528.387335,546741.932347,3325.656099,87.700193,93.936451
931,-1,115.200017,69.065693,940528.885366,546742.168239,3325.549499,87.699852,93.897992
932,-1,114.839946,69.127195,940529.384709,546742.401506,3325.441700,87.700040,93.859706
933,-1,114.480000,69.189419,940529.885364,546742.631492,3325.332700,87.700162,93.821039
934,-1,114.119967,69.252335,940530.387659,546742.858198,3325.222500,87.700081,93.781867
935,-1,113.760026,69.315918,940530.891267,546743.081623,3325.111200,87.699931,93.742356
936,-1,113.400077,69.380291,940531.396188,546743.302095,3324.998700,87.700010,93.702754
937,-1,113.039995,69.445420,940531.902748,546743.519286,3324.884900,87.699890,93.662625
938,-1,112.680078,69.511255,940532.410293,546743.733524,3324.770099,87.700130,93.622605
939,-1,112.319999,69.577850,940532.919478,546743.944482,3324.654000,87.700172,93.582070
940,-1,111.960022,69.645054,940533.429976,546744.151830,3324.536800,87.699840,93.540929
941,-1,111.599890,69.713122,940533.941786,546744.356554,3324.418400,87.700047,93.500004
942,-1,111.240028,69.781828,940534.454580,546744.557670,3324.298899,87.699997,93.458592
943,-1,110.880067,69.851335,940534.968687,546744.755832,3324.178199,87.700181,93.417120
944,-1,110.519945,69.921491,940535.484434,546744.950385,3324.056300,87.699871,93.374910
945,-1,110.160096,69.992443,940536.000837,546745.141986,3323.933300,87.700028,93.332902
946,-1,109.799981,70.064055,940536.518881,546745.330306,3323.809200,87.700002,93.290490
947,-1,109.439987,70.136435,940537.037909,546745.515345,3323.683900,87.700018,93.247856
948,-1,109.079897,70.209503,940537.558249,546745.697103,3323.557500,87.699967,93.204936
949,-1,108.719900,70.283342,940538.079573,546745.875580,3323.429900,87.699957,93.161800
950,-1,108.359983,70.357894,940538.601882,546746.050777,3323.301200,87.699985,93.118486
951,-1,107.999926,70.433140,940539.125503,546746.222692,3323.171400,87.699947,93.074900
952,-1,107.639920,70.509103,940539.650108,546746.391327,3323.040500,87.699949,93.031143
953,-1,107.279952,70.585842,940540.175698,546746.556681,3322.908400,87.699987,92.987187
954,-1,106.920006,70.663243,940540.702271,546746.718754,3322.775299,87.700062,92.943100
955,-1,106.560069,70.741423,940541.229829,546746.877547,3322.641000,87.700172,92.898822
956,-1,106.199983,70.820244,940541.758700,546747.032730,3322.505600,87.699912,92.854005
957,-1,105.840022,70.899872,940542.288226,546747.184961,3322.369100,87.700096,92.809423
958,-1,105.480087,70.980104,940542.818737,546747.333583,3322.231600,87.700000,92.764431
959,-1,105.120103,71.061122,940543.350232,546747.478924,3322.092900,87.699942,92.719267
960,-1,104.760058,71.142871,940543.882711,546747.620984,3321.953100,87.699922,92.673969
961,-1,104.399937,71.225293,940544.416175,546747.759763,3321.812300,87.699943,92.628576
962,-1,104.039934,71.308524,940544.950294,546747.895261,3321.670300,87.700086,92.583107
963,-1,103.680088,71.392383,940545.485070,546748.027151,3321.527300,87.700029,92.537325
964,-1,103.319915,71.476906,940546.021158,546748.155759,3321.383300,87.699937,92.491390
965,-1,102.960027,71.562256,940546.557575,546748.281087,3321.238100,87.700040,92.445462
966,-1,102.600041,71.648225,940547.094975,546748.402806,3321.091900,87.699866,92.399162
967,-1,102.240058,71.735014,940547.633032,546748.521572,3320.944600,87.700129,92.353140
968,-1,101.879948,71.822425,940548.172073,546748.636730,3320.796300,87.700119,92.306759
969,-1,101.520081,71.910469,940548.712426,546748.743685,3320.645500,87.695275,92.255222
970,-1,101.160074,71.999360,940549.251795,546748.856545,3320.496499,87.699875,92.213441
971,-1,100.800029,72.088875,940549.792804,546748.961532,3320.345100,87.699895,92.166786
972,-1,100.439966,72.179155,940550.334470,546749.063238,3320.192599,87.700033,92.120131
973,-1,100.079908,72.283535,940550.876792,546749.161335,3320.016399,87.699966,92.066295
974,-1,99.720015,72.460092,940551.419441,546749.256151,3319.718900,87.700074,91.976303
975,-1,99.360097,72.637667,940551.962747,546749.347358,3319.420199,87.699973,91.886630
976,-1,99.000105,72.816266,940552.506710,546749.435284,3319.120400,87.699991,91.797628
977,-1,98.640025,72.996009,940553.051328,546749.519930,3318.819300,87.700128,91.709254
978,-1,98.280088,73.176726,940553.596274,546749.600967,3318.517100,87.700110,91.621318
979,-1,97.920066,73.358412,940554.141877,546749.678394,3318.213800,87.699889,91.533785
980,-1,97.560005,73.484124,940543.149773,546836.690359,3344.008700,175.399951,182.948210
981,-1,97.200028,73.576484,940544.242619,546836.832091,3343.701300,175.400133,182.861235
982,-1,96.840028,73.669411,940545.336448,546836.966605,3343.392200,175.399955,182.773911
983,-1,96.479963,73.762964,940546.431262,546837.094558,3343.081400,175.400071,182.686875
984,-1,96.119952,73.857061,940547.526733,546837.215293,3342.769000,175.399866,182.599574
985,-1,95.759956,73.951789,940548.622859,546837.329466,3342.454900,175.399992,182.512614
986,-1,95.399973,74.047060,940549.719642,546837.436749,3342.139300,175.400122,182.425744
987,-1,95.039998,74.145084,940550.817080,546837.536814,3341.814799,175.399927,182.336636
988,-1,94.679998,74.332105,940551.915175,546837.630318,3341.196700,175.400063,182.168870
989,-1,94.319997,74.519915,940553.014583,546837.707090,3340.574400,175.390339,181.992427
990,-1,93.960010,74.708729,940554.113006,546837.796328,3339.955300,175.400046,181.837529
991,-1,93.599993,74.898332,940555.212741,546837.868835,3339.331999,175.399894,181.673996
992,-1,93.240003,75.088761,940556.312804,546837.934779,3338.707200,175.400097,181.512414
993,-1,92.880039,75.280053,940557.413196,546837.993506,3338.080600,175.399999,181.352092
994,-1,92.519974,75.472141,940558.514244,546838.045343,3337.452500,175.399912,181.193429
995,-1,92.160008,75.665058,940559.615291,546838.090291,3336.822799,175.399867,181.036451
996,-1,91.800019,75.858801,940560.716667,546838.128349,3336.191500,175.399848,180.881164
997,-1,91.439994,76.053338,940561.818371,546838.159516,3335.558699,175.399858,180.727614
998,-1,91.080026,76.248669,940562.920075,546838.183795,3334.924400,175.399904,180.575830
999,-1,90.719993,76.444823,940564.022107,546838.201183,3334.288500,175.399980,180.425803
1000,-1,90.359989,76.641736,940565.124138,546838.211682,3333.651199,175.400092,180.277605
1001,-1,90.000000,76.839345,940566.226170,546838.205448,3333.010400,175.390397,180.121193
