"OBJECTID","FEATURE_ID","HORIZ_ANG","ZENITH_ANG","VERTEX_X","VERTEX_Y","VERTEX_Z","DIST_2D","DIST_3D"
1,-1,90.000000,80.663370,940206.321706,554801.611765,4681.583900,4735.543022,4799.120815
2,-1,89.640000,80.638486,940236.626764,554889.211656,4698.153600,4823.238119,4888.342786
3,-1,89.279998,80.590035,940266.930837,554888.926223,4702.343800,4823.238304,4889.026309
4,-1,88.919999,80.550740,940297.232286,554888.450174,4705.742900,4823.238269,4889.583168
5,-1,88.560000,80.530602,940327.530125,554887.783837,4707.485200,4823.238323,4889.869565
6,-1,88.199998,80.511348,940357.823372,554886.926883,4709.151199,4823.238120,4890.143732
7,-1,87.840000,80.500853,940388.110385,554885.879970,4710.059400,4823.238267,4890.293678
8,-1,87.479998,80.501949,940418.390508,554884.642439,4709.964500,4823.238086,4890.277839
9,-1,87.119999,80.503915,940448.662101,554883.214949,4709.794400,4823.238168,4890.249854
10,-1,86.759998,80.509875,940478.924180,554881.597170,4709.278700,4823.238138,4890.164770
11,-1,86.399998,80.519229,940509.175431,554879.789431,4708.469300,4823.238252,4890.031495
12,-1,86.040001,80.529046,940539.414544,554877.791403,4707.619800,4823.238102,4889.891493
13,-1,85.680001,80.531133,940589.458079,555137.941801,4751.317700,5086.323800,5156.581495
14,-1,85.320000,80.511223,940621.317924,555135.434589,4753.134500,5086.324010,5156.880898
15,-1,84.959999,80.499977,940653.161364,555132.726917,4754.160800,5086.323891,5157.050071
16,-1,84.599998,80.484279,940693.240024,555217.125370,4770.293300,5174.019116,5246.205437
17,-1,84.239998,80.453525,940725.595274,555213.964287,4773.148800,5174.019092,5246.678235
18,-1,83.880000,80.450097,940757.929855,555210.600121,4773.467099,5174.019196,5246.731136
19,-1,83.520000,80.433347,940800.139745,555294.167867,4789.802700,5261.714579,5335.921601
20,-1,83.160000,80.425034,940832.976949,555290.333557,4790.587799,5261.714515,5336.052074
21,-1,82.799998,80.427456,940865.789548,555286.292883,4790.359000,5261.714349,5336.013858
22,-1,82.439998,80.431423,940898.575899,555282.046500,4789.984400,5261.714533,5335.951757
23,-1,82.080000,80.448034,940943.418329,555364.452503,4803.172500,5349.409490,5424.619104
24,-1,81.719998,80.460179,940976.694510,555359.716948,4802.006599,5349.409834,5424.426093
25,-1,81.360001,80.495375,941009.939850,555354.772076,4798.628100,5349.409786,5423.867140
26,-1,81.000000,80.546402,941043.153694,555349.618215,4793.731100,5349.409575,5423.060454
27,-1,80.640001,80.600091,941076.334402,555344.256021,4788.580200,5349.409596,5422.216827
28,-1,80.280001,80.609035,941020.645537,554820.067437,4700.700500,4823.238215,4888.757814
29,-1,79.919998,80.597298,941035.151086,554728.515455,4687.193499,4735.542997,4800.034054
30,-1,79.560002,80.583483,941064.429242,554723.215925,4688.366700,4735.543096,4800.225960
31,-1,79.200000,80.578582,941093.673934,554717.732340,4688.782900,4735.543072,4800.294049
32,-1,78.840000,80.560531,941105.910130,554626.028127,4675.736000,4647.847772,4711.646192
33,-1,78.479999,80.531952,941134.543275,554620.285684,4678.118600,4647.847591,4712.037359
34,-1,78.120001,80.501216,941163.139675,554614.363780,4680.681500,4647.847713,4712.459748
35,-1,77.759999,80.507314,941173.106518,554522.560486,4665.509400,4560.152577,4623.463216
36,-1,77.400000,80.450232,941143.697784,554259.648282,4625.919899,4297.066821,4357.452976
37,-1,77.040000,80.387184,941170.028112,554253.675853,4630.783100,4297.066830,4358.262450
38,-1,76.680001,80.344917,941196.320383,554247.538070,4634.044400,4297.066803,4358.808211
39,-1,76.320000,80.298831,941201.833823,554156.027755,4622.609400,4209.371579,4270.438710
40,-1,75.960001,80.243945,941227.511921,554149.692137,4626.760299,4209.371625,4271.140181
41,-1,75.599997,80.188508,941253.149993,554143.195103,4630.954199,4209.371546,4271.852775
42,-1,75.239999,80.154102,941278.746399,554136.537308,4633.557800,4209.371575,4272.297246
43,-1,74.880000,80.116474,941304.300482,554129.718752,4636.405799,4209.371543,4272.785140
44,-1,74.520001,80.075511,941329.811257,554122.739764,4639.507000,4209.371513,4273.318511
45,-1,74.160001,80.045429,941331.341110,554031.235353,4626.393500,4121.676225,4184.675980
46,-1,73.799998,80.019987,941356.232792,554024.088386,4628.280300,4121.676236,4185.002570
47,-1,73.439999,80.003966,941381.078871,554016.785251,4629.468500,4121.676275,4185.208693
48,-1,73.079999,79.992590,941405.878691,554009.326276,4630.312400,4121.676471,4185.355452
49,-1,72.720000,79.983228,941430.630938,554001.711462,4631.006800,4121.676443,4185.476150
50,-1,72.360000,79.984626,941455.334956,553993.941137,4630.903100,4121.676314,4185.457987
51,-1,72.000000,79.984485,941479.989763,553986.015956,4630.913600,4121.676414,4185.459912
52,-1,71.640002,79.982752,941504.594044,553977.935919,4631.042100,4121.676341,4185.482190
53,-1,71.279998,79.979375,941529.147473,553969.701356,4631.292600,4121.676307,4185.525736
54,-1,70.919999,79.974299,941553.648408,553961.312921,4631.669200,4121.676412,4185.591385
55,-1,70.559999,79.967473,941578.096194,553952.770615,4632.175600,4121.676441,4185.679603
56,-1,70.199999,79.958846,941602.489846,553944.074767,4632.815600,4121.676381,4185.791084
57,-1,69.839997,79.948847,941626.828380,553935.225703,4633.557500,4121.676211,4185.920334
58,-1,69.479997,79.942453,941651.110812,553926.224080,4634.031900,4121.676210,4186.003156
59,-1,69.119999,79.936540,941675.336157,553917.070227,4634.470700,4121.676344,4186.079941
60,-1,68.760000,79.935891,941699.503431,553907.764144,4634.518800,4121.676262,4186.088265
61,-1,68.399999,79.948451,941723.611979,553898.306485,4633.586899,4121.676344,4185.925596
62,-1,68.040000,79.958995,941747.660487,553888.697581,4632.804600,4121.676414,4185.789199
63,-1,67.680000,79.944982,941705.038525,553716.687754,4602.744500,3946.285755,4007.844012
64,-1,67.319999,79.918439,941727.946288,553707.198928,4604.630300,3946.285644,4008.173582
65,-1,66.960001,79.891187,941750.794011,553697.566729,4606.566800,3946.285889,4008.513261
66,-1,66.600001,79.863211,941773.580711,553687.790830,4608.555100,3946.285806,4008.862639
67,-1,66.239998,79.842743,941796.305731,553677.871887,4610.009999,3946.285740,4009.118891
68,-1,65.879999,79.829371,941818.967759,553667.810555,4610.960600,3946.285769,4009.286667
69,-1,65.520001,79.843126,941841.566139,553657.607164,4609.982800,3946.285922,4009.114273
70,-1,65.159998,79.852301,941864.100215,553647.261712,4609.330600,3946.285932,4008.999324
71,-1,64.800001,79.871026,941886.568346,553636.774856,4607.999600,3946.285711,4008.764816
72,-1,64.440001,79.887327,941908.970532,553626.147253,4606.841100,3946.285851,4008.561376
73,-1,64.079999,79.899639,941931.305461,553615.378902,4605.966200,3946.285792,4008.407792
74,-1,63.720000,79.907895,941953.572149,553604.470459,4605.379500,3946.285698,4008.304850
75,-1,63.360001,79.922039,941975.769939,553593.422581,4604.374500,3946.285867,4008.129031
76,-1,63.000002,79.933059,941997.897848,553582.235267,4603.591600,3946.285860,4007.992101
77,-1,62.640000,79.959468,942019.955218,553570.909174,4601.715500,3946.285970,4007.664695
78,-1,62.280001,79.988070,942041.940739,553559.444630,4599.683900,3946.285889,4007.310915
79,-1,61.919998,80.065150,942063.954802,553548.030939,4594.248300,3946.499899,4006.580295
80,-1,61.560001,80.140336,942043.929908,553458.990435,4573.633000,3858.590611,3916.435896
81,-1,61.200000,80.225949,942107.459308,553524.225213,4582.801400,3946.285639,4004.410105
82,-1,60.840002,80.309817,942129.149882,553512.212113,4576.855100,3946.285889,4003.405177
83,-1,60.479999,80.400671,942150.764668,553500.062531,4570.416700,3946.285819,4002.326425
84,-1,60.119997,80.509386,942172.302683,553487.777451,4562.717200,3946.285808,4001.049670
85,-1,59.759998,80.645737,942193.762942,553475.357528,4553.067300,3946.285935,3999.469987
86,-1,59.400000,80.771099,942259.785119,553538.285880,4558.450700,4033.981139,4086.883831
87,-1,59.040001,80.896550,942281.560994,553525.315105,4549.388200,4033.981097,4085.440147
88,-1,58.679999,81.028447,942303.255177,553512.207848,4539.866899,4033.981248,4083.944681
89,-1,58.319998,81.174139,942324.866354,553498.964436,4529.357800,4033.981192,4082.318992
90,-1,57.959999,81.339073,942346.393870,553485.585526,4517.470700,4033.981146,4080.511994
91,-1,57.600000,81.511345,942367.836740,553472.071445,4505.065900,4033.980868,4078.662157
92,-1,57.239998,81.678988,942389.194637,553458.423179,4493.005099,4033.981017,4076.899418
93,-1,56.879997,81.825581,942458.382491,553518.088086,4495.064300,4121.676275,4163.983123
94,-1,56.519998,81.965465,942480.027461,553503.869938,4484.797400,4121.676226,4162.535661
95,-1,56.159999,82.171255,942501.582864,553489.516292,4469.706200,4121.676467,4160.453439
96,-1,55.799999,82.359452,942473.755492,553402.496125,4444.153900,4033.981116,4070.116852
97,-1,55.440000,82.570994,942494.673757,553388.183490,4428.999400,4033.980850,4068.129406
98,-1,55.079998,82.800173,942515.502127,553373.739949,4412.597899,4033.981039,4066.041446
99,-1,54.719999,82.931398,942637.539941,553502.344023,4424.962600,4209.371675,4241.609937
100,-1,54.359999,83.042451,942659.082549,553487.000549,4416.680300,4209.371707,4240.598734
101,-1,53.999998,83.181992,942680.528372,553471.521906,4406.279000,4209.371671,4239.351320
102,-1,53.639998,83.320845,942701.876427,553455.908748,4395.935000,4209.371523,4238.135620
103,-1,53.279999,83.458997,942723.126056,553440.162060,4385.649000,4209.371669,4236.951723
104,-1,52.919999,83.542538,942797.150186,553494.244629,4389.357500,4297.066687,4324.502946
105,-1,52.560001,83.674528,942818.638660,553477.898534,4379.334300,4297.066718,4323.387185
106,-1,52.200001,83.807216,942840.024116,553461.417595,4369.263200,4297.066698,4322.289160
107,-1,51.840002,83.941569,942861.305570,553444.802799,4359.071000,4297.066806,4321.201672
108,-1,51.479998,84.075042,942882.482365,553428.054145,4348.950500,4297.066640,4320.145085
109,-1,51.119999,84.207622,942903.553517,553411.173273,4338.902600,4297.066878,4319.119682
110,-1,50.759999,84.358653,942924.518042,553394.160184,4327.462000,4297.066901,4317.980077
111,-1,50.399998,84.521586,942945.375283,553377.015533,4315.126600,4297.066807,4316.784854
112,-1,50.039999,84.680037,942966.124258,553359.740305,4303.136900,4297.066729,4315.656615
113,-1,49.680001,84.833973,942986.764308,553342.335156,4291.494800,4297.066752,4314.592782
114,-1,49.319998,84.986179,943007.294779,553324.800415,4279.989100,4297.066704,4313.571958
115,-1,48.959999,85.216634,943027.714686,553307.137392,4262.578500,4297.066945,4312.085461
116,-1,48.599998,85.455229,943048.023044,553289.346089,4244.565200,4297.066830,4310.620619
117,-1,48.239998,85.622674,942893.001044,553075.181163,4211.792100,4033.981088,4045.782493
118,-1,47.879998,85.683084,942911.854681,553058.240908,4207.514300,4033.981029,4045.458182
119,-1,47.519999,85.819434,942930.601363,553041.182543,4197.861399,4033.980883,4044.742886
120,-1,47.160001,85.965877,942949.240761,553024.007053,4187.497700,4033.981158,4044.000856
121,-1,46.799999,86.106847,942967.771892,553006.714437,4177.524900,4033.981187,4043.311531
122,-1,46.440000,86.196034,943046.625737,553052.854436,4177.048000,4121.676329,4130.776932
123,-1,46.080000,86.346629,943065.336002,553034.949288,4166.168600,4121.676167,4130.069266
124,-1,45.720000,86.496241,943083.933405,553016.927015,4155.363900,4121.676070,4129.394769
125,-1,45.359998,86.553519,943164.036592,553061.186769,4156.509800,4209.371607,4216.998523
126,-1,45.000000,86.646687,943182.796725,553042.543761,4149.640799,4209.371338,4216.590892
127,-1,44.640001,86.763314,943201.439732,553023.783628,4141.044100,4209.371607,4216.097048
128,-1,44.279999,86.841486,943282.915619,553066.295026,4140.135200,4297.300065,4303.837933
129,-1,43.919999,86.913356,943301.537629,553046.743228,4134.716200,4297.066672,4303.309701
130,-1,43.559999,87.024038,943320.204586,553027.236705,4126.392000,4297.066707,4302.869539
131,-1,43.200000,87.131188,943338.748512,553007.613385,4118.335000,4297.066740,4302.458801
132,-1,42.840002,87.234804,943357.168751,552987.873923,4110.545199,4297.066744,4302.075966
133,-1,42.479999,87.348733,943375.464974,552968.018976,4101.981600,4297.066930,4301.671522
134,-1,42.120001,87.482335,943393.635542,552948.049528,4091.941300,4297.066758,4301.218611
135,-1,41.759998,87.615390,943411.680781,552927.966234,4081.944200,4297.066912,4300.791215
136,-1,41.400001,87.747458,943429.599053,552907.770081,4072.023100,4297.066830,4300.389767
137,-1,41.040000,87.882777,943447.390356,552887.461722,4061.859700,4297.066945,4300.002411
138,-1,40.680001,88.053000,943465.053378,552867.041816,4049.077200,4297.066704,4299.548907
139,-1,40.319998,88.217288,943482.588120,552846.511345,4036.742900,4297.066752,4299.147570
140,-1,39.960000,88.339893,943567.210982,552882.193688,4030.081100,4384.761844,4386.603017
141,-1,39.600000,88.368687,947233.637376,555879.569911,4162.741500,9120.304893,9124.002794
142,-1,39.240000,88.358767,947270.025755,555835.301627,4164.321800,9120.304981,9124.048007
143,-1,38.879999,88.345190,947306.135263,555790.805325,4166.484800,9120.304899,9124.110132
144,-1,38.519999,88.354496,947342.351726,555746.391372,4165.016500,9120.799833,9124.562578
145,-1,38.159999,88.370415,947377.512088,555701.136869,4162.466200,9120.305054,9123.995122
146,-1,37.799999,88.385452,947412.776454,555655.967996,4160.070700,9120.305021,9123.927281
147,-1,37.439999,88.402259,947447.756371,555610.578323,4157.393300,9120.304955,9123.852170
148,-1,37.080000,88.452413,947482.450199,555564.970147,4149.403800,9120.304955,9123.632901
149,-1,36.720000,88.522981,947516.856954,555519.144451,4138.162900,9120.304835,9123.336115
150,-1,36.360000,88.621054,947550.975324,555473.103861,4122.542000,9120.305122,9122.947123
151,-1,35.999999,88.750839,947584.803341,555426.849360,4101.872000,9120.304822,9122.472807
152,-1,35.639999,88.904178,947618.340347,555380.383574,4077.453400,9120.304953,9121.973275
153,-1,35.279999,89.028927,947651.584703,555333.707814,4057.589500,9120.304954,9121.615009
154,-1,34.919999,89.108571,947756.440793,555337.023752,4046.273000,9208.000050,9209.114619
155,-1,34.559999,89.210045,1079164.929944,645784.081375,6229.545100,168734.800042,168750.838686
156,-1,34.200000,89.246543,1079683.491899,644854.655740,6120.767900,168637.947181,168652.529551
157,-1,33.840000,89.428534,1079766.433990,643634.582393,5578.919299,168024.080676,168032.438513
158,-1,33.479999,89.466299,1078888.689682,641788.324603,5451.822499,166270.175940,166277.389498
159,-1,33.119999,89.457009,1079462.256121,640915.152793,5478.785099,166270.175744,166277.642636
160,-1,32.760000,89.479692,1080546.553165,640370.570876,5418.529200,166884.042590,166890.923959
161,-1,32.400000,89.471990,1081259.266306,639580.989450,5442.580300,167059.433165,167066.527218
162,-1,32.040000,89.480054,1081967.591661,638786.013022,5420.658899,167234.823442,167241.709691
163,-1,31.679999,89.561054,1081402.811295,637202.725506,5174.141699,165919.394959,165924.264123
164,-1,31.320000,89.631924,1081498.019766,636040.334786,4965.521900,165393.223446,165396.636346
165,-1,30.960000,89.699320,1082185.821540,635241.109351,4771.887200,165568.613919,165570.893819
166,-1,30.599999,89.730572,1083171.084005,634615.193280,4684.050399,166094.785345,166096.621755
167,-1,30.239999,89.731377,1083547.972359,633626.925571,4680.893000,165919.394904,165921.218423
168,-1,29.879999,89.819995,1083461.863935,632375.132143,4422.062800,165217.832866,165218.648230
169,-1,29.520000,89.876210,1113661.164757,648282.041274,4333.664000,199331.281633,199331.746867
170,-1,29.159999,89.807452,1112972.969611,646463.858887,4567.861999,197840.462425,197841.579588
171,-1,28.800000,89.730748,1111893.903856,644452.115863,4823.706600,195921.800101,195923.963454
172,-1,28.440000,89.795130,1112088.646904,643157.631903,4601.945500,195472.690796,195473.940390
173,-1,28.080000,89.872419,1112902.280120,642199.668596,4338.844400,195735.776684,195736.261930
174,-1,27.719999,89.901259,1113555.390362,641153.567670,4240.471600,195823.471689,195823.762479
175,-1,27.360000,89.940114,1113812.743194,639901.380870,4107.307300,195472.690897,195472.797667
176,-1,27.000000,90.063645,1077024.263621,619778.292179,3732.428000,153554.366027,153554.460765
177,-1,26.640000,90.094218,1076597.332717,618484.737352,3652.078400,152589.718193,152589.924504
178,-1,26.279999,90.089453,950428.371472,555113.681351,3885.201100,11400.381329,11400.395223
179,-1,25.919999,90.048133,950459.884533,555049.355036,3893.422700,11400.381261,11400.385284
180,-1,25.560000,90.038373,950411.880035,554946.995661,3895.423299,11312.686170,11312.688707
181,-1,25.200000,89.953875,950283.648008,554808.098629,3911.965800,11137.295580,11137.299188
182,-1,24.840000,89.878386,950233.661888,554707.848173,3926.453500,11049.600327,11049.625218
183,-1,24.479999,89.850373,950262.629022,554644.753155,3931.855800,11049.600344,11049.638022
184,-1,24.120000,89.860389,950211.160293,554545.641149,3929.710500,10961.905129,10961.937671
185,-1,23.759999,89.876148,950078.584114,554412.024946,3926.316400,10786.514745,10786.539946
186,-1,23.400000,89.873889,950105.695280,554349.910241,3926.741700,10786.514503,10786.540631
187,-1,23.040000,89.929627,950132.416027,554287.626573,3916.248300,10786.514681,10786.522817
188,-1,22.680000,90.036013,950077.830507,554191.362330,3896.275200,10698.819241,10698.821355
189,-1,22.320000,90.090510,950103.555521,554129.256811,3886.099000,10698.819301,10698.832651
190,-1,21.959999,90.176189,1134753.723293,628510.375109,3257.945800,209767.015198,209768.006998
191,-1,21.600000,90.163559,1134590.464105,627028.195330,3306.188599,209065.453255,209066.305101
192,-1,21.239999,90.124414,1133844.118157,625328.785015,3451.880900,207750.024488,207750.514279
193,-1,20.879999,90.123119,1052383.069137,592857.342084,3645.007500,120061.299919,120061.577111
194,-1,20.520000,90.049426,1053054.270879,592303.091880,3799.054999,120493.260209,120493.305044
195,-1,20.160000,89.990435,1026315.647519,581679.895935,3918.312000,91729.221416,91729.222694
196,-1,19.799999,89.964864,1026925.136129,581286.762863,3959.519600,92167.697791,92167.715121
197,-1,19.440000,90.024657,1027119.588496,580741.280030,3863.335100,92167.697875,92167.706410
198,-1,19.080000,90.038897,1027393.486899,580223.252523,3840.368500,92255.392838,92255.414098
199,-1,18.719999,90.005826,1031401.824683,580969.527933,3893.209000,96289.374039,96289.374537
200,-1,18.359999,89.962877,1028098.484504,579235.764997,3962.999700,92606.173988,92606.193425
201,-1,17.999999,89.845451,1043042.380798,583479.529803,4194.663900,108128.231417,108128.624782
202,-1,17.639999,89.825282,1042832.433711,582699.862727,4231.389500,107689.755199,107690.255894
203,-1,17.279999,89.752207,1042533.028470,581898.109081,4366.463500,107163.583876,107164.586070
204,-1,16.919999,89.602480,1041892.022862,580999.322493,4640.430200,106286.631365,106289.189527
205,-1,16.560000,89.684343,1041501.466557,580186.477006,4485.215300,105678.500009,105680.103798
206,-1,16.199999,89.750851,1043451.687394,580061.620300,4370.524600,107514.364850,107515.381357
207,-1,15.839999,89.761085,1043975.576766,579508.068914,4352.784400,107865.145759,107866.083528
208,-1,15.480000,89.799870,1032073.017566,575508.427963,4235.963200,95324.726334,95325.307842
209,-1,15.119999,89.770392,1032231.062197,574930.713896,4285.006200,95324.726283,95325.491709
210,-1,14.760000,89.833582,1031881.640652,574219.276342,4178.361999,94803.700039,94804.099939
211,-1,14.400000,89.778236,1031432.024753,573488.848341,4267.544200,94184.688248,94185.393734
212,-1,14.039999,89.921888,1031156.951157,572810.061969,4030.810900,93751.299858,93751.386980
213,-1,13.680000,90.031266,1031122.701225,572195.474287,3851.938200,93570.821597,93570.835530
214,-1,13.319999,90.079713,1031430.620885,571664.204681,3772.574900,93746.211851,93746.302579
215,-1,12.960000,90.035236,1031735.447375,571129.938033,3845.238100,93921.602600,93921.620362
216,-1,12.599999,89.998177,1032037.154449,570592.691732,3905.992700,94096.993009,94096.993057
217,-1,12.240000,90.292982,1031821.506258,569940.932208,3423.624100,93746.211860,93747.437508
218,-1,11.879999,90.420604,1141543.667062,592421.106408,2392.617100,205744.200041,205749.743881
219,-1,11.520000,90.470140,1138615.515438,590505.005253,2241.445800,202488.310140,202495.127116
220,-1,11.160000,90.460371,1138177.387050,589121.786563,2281.607200,201786.748344,201793.262330
221,-1,10.799999,90.357565,1133853.350094,587006.215007,2672.701600,197138.900294,197142.739261
222,-1,10.440000,90.186536,1134599.088760,585884.119154,3259.464100,197665.071820,197666.119394
223,-1,10.079999,90.303879,1135424.693080,584769.455045,2851.380099,198278.938726,198281.727466
224,-1,9.719999,90.189169,1030104.993943,565465.029415,3601.864200,91207.999976,91208.497095
225,-1,9.359999,90.152698,1030195.089235,564899.074182,3659.935600,91203.050013,91203.373906
226,-1,8.999999,90.246921,1030979.435435,564443.117417,3506.925300,91904.611987,91905.465451
227,-1,8.640000,90.157085,1032368.477605,564070.104383,3647.422300,93220.040731,93220.391084
228,-1,8.280000,90.156261,1032020.742080,563427.614526,3649.957700,92781.564409,92781.909468
229,-1,7.920000,90.212419,1032016.023585,562838.384078,3559.344000,92693.869258,92694.506296
230,-1,7.560000,90.285397,1065476.718475,566691.704455,3273.535999,126368.841370,126370.409092
231,-1,7.199999,90.239921,1003458.038707,558056.618707,3636.032000,63754.439784,63754.998738
232,-1,6.840000,90.138848,1003245.782570,557627.708803,3749.137400,63491.353949,63491.540381
233,-1,6.479999,90.119058,1003292.049209,557231.473375,3771.066700,63491.354042,63491.491118
234,-1,6.119999,90.119060,1004207.779661,556928.448063,3769.243000,64368.306411,64368.445384
235,-1,5.759999,90.174850,1004602.138453,556561.739807,3705.484800,64722.600048,64722.901427
236,-1,5.399999,90.204663,1004725.489584,556164.925640,3671.505900,64806.782662,64807.196117
237,-1,5.039999,90.351051,1004849.892222,555767.126239,3505.385899,64894.477928,64895.696024
238,-1,4.679999,90.343074,1103134.091651,563403.914443,2924.149999,163472.800021,163475.730597
239,-1,4.319999,90.277139,1103118.386302,562372.678316,3112.743700,163376.232756,163378.143993
240,-1,3.960000,90.299512,1103717.410038,561385.173073,3046.196100,163902.404284,163904.643750
241,-1,3.599999,90.357934,1103960.346560,560368.598663,2877.969500,164077.794897,164080.996663
242,-1,3.239999,90.290417,1080206.869133,557991.362604,3192.232000,140224.689560,140226.490912
243,-1,2.880000,90.239026,1010886.994977,553621.862156,3607.760200,70770.058929,70770.674769
244,-1,2.520000,90.279536,1010995.551847,553181.551029,3557.294599,70857.754224,70858.597544
245,-1,2.159999,90.259994,1011188.995358,552743.320934,3580.667000,71033.144643,71033.875978
246,-1,1.799999,90.288922,1028910.113459,552853.697682,3455.472899,88747.583326,88748.711691
247,-1,1.440000,90.210972,1028930.692814,552296.425175,3576.198200,88752.400070,88753.001738
248,-1,1.079999,90.233949,1033672.840810,551828.079655,3521.288900,93483.126155,93483.905454
249,-1,0.720000,90.120130,1033511.754190,551238.641201,3707.353700,93312.800070,93313.005173
250,-1,0.359999,90.083752,1033687.602591,550653.436663,3766.350700,93483.126161,93483.226035
251,-1,0.000000,90.012026,1022990.628578,550066.068743,3885.623500,82784.306871,82784.308695
252,-1,359.639999,89.930646,1022901.301001,549546.473982,4003.099200,82696.611655,82696.672237
253,-1,359.280000,89.842403,1022725.505749,549029.047523,4129.994100,82525.699924,82526.012107
254,-1,358.920000,89.801181,1019293.376459,548575.136357,4177.485100,79101.106874,79101.583111
255,-1,358.560000,89.780986,1019111.394867,548082.550400,4204.711400,78930.000098,78930.576744
256,-1,358.199999,89.755639,1018742.485172,547597.970333,4238.115600,78574.935454,78575.650071
257,-1,357.839999,89.755205,1018374.895684,547117.785926,4237.212000,78224.154384,78224.868340
258,-1,357.480000,89.900364,1017829.165804,546649.834762,4038.114300,77697.983117,77698.100596
259,-1,357.119999,90.020929,1017718.584333,546166.592618,3874.650100,77610.287793,77610.292971
260,-1,356.759999,90.101748,1017604.998274,545684.605393,3765.331500,77522.592548,77522.714787
261,-1,356.399999,90.192852,1017663.463380,545192.878358,3641.769900,77610.287853,77610.727492
262,-1,356.039999,90.331511,1017810.498847,544693.896088,3452.905499,77789.900042,77791.202161
263,-1,355.679999,90.440585,1041643.785498,542403.338006,3120.742000,101726.478867,101729.486533
264,-1,355.319999,90.281712,1041424.324651,541780.003622,3403.661300,101556.599958,101557.827538
265,-1,354.960000,90.216531,1041190.061668,541160.092461,3519.880900,101375.698025,101376.421964
266,-1,354.600000,90.271319,1042179.783113,540426.738612,3417.955900,102428.040675,102429.189123
267,-1,354.239999,90.256484,1042471.765141,539750.449939,3442.883200,102784.400140,102785.429996
268,-1,353.880000,90.219425,1046933.548540,538622.536840,3491.923100,107338.974142,107339.761292
269,-1,353.519999,90.180016,1043635.546278,538318.367829,3575.947000,104094.250428,104094.764209
270,-1,353.159999,90.065406,1043385.550059,537689.627617,3784.369700,103918.859974,103918.927686
271,-1,352.799999,89.882641,1043131.742824,537063.564236,4115.497600,103743.469363,103743.686992
272,-1,352.440000,89.948716,1043749.097560,536324.079495,3996.490100,104450.699853,104450.741693
273,-1,352.079999,89.998715,1044002.531436,535626.223279,3905.349400,104795.812375,104795.812401
274,-1,351.719999,90.026342,1044083.317036,534949.083557,3854.737200,104971.202716,104971.213811
275,-1,351.360000,89.962561,1043899.584464,534309.882080,3971.533200,104883.507566,104883.529957
276,-1,351.000000,89.928823,1043885.154703,533644.954932,4033.402100,104971.202671,104971.283668
277,-1,350.639999,89.946820,1059441.438551,530412.336397,4015.163000,120844.041160,120844.093213
278,-1,350.279999,89.909684,1043503.353629,532372.070338,4068.198500,104801.499910,104801.630111
279,-1,349.920000,90.054243,1043557.224256,531693.687837,3803.620500,104971.202898,104971.249941
280,-1,349.560000,90.054566,1045423.347492,530679.191506,3801.108300,106988.193387,106988.241906
281,-1,349.199999,90.011998,1045127.176169,530051.345321,3880.631200,106812.802859,106812.805202
282,-1,348.840000,90.100546,1045085.386554,529375.534337,3715.403400,106900.497928,106900.662532
283,-1,348.479999,90.088338,1048052.598139,528085.289214,3733.303799,110063.499895,110063.630714
284,-1,348.119999,89.956016,1013240.456806,534701.986282,3960.291700,74632.700068,74632.722058
285,-1,347.759999,89.969047,1013056.774102,534261.998645,3943.271400,74545.000140,74545.011018
286,-1,347.399999,90.011775,1052405.969026,524986.476186,3879.372000,114968.460115,114968.462543
287,-1,347.039999,89.968686,1052417.098269,524242.669603,3965.928600,115143.850551,115143.867747
288,-1,346.679999,89.954100,1052423.303637,523497.734741,3995.382000,115319.241261,115319.278265
289,-1,346.319999,89.954621,1052935.815735,522627.265025,3994.889200,116020.803192,116020.839581
290,-1,345.959999,90.043605,1013460.290028,531747.473491,3845.532100,75509.700084,75509.721952
291,-1,345.600000,90.110332,1013339.776489,531288.589238,3757.601899,75505.602077,75505.742070
292,-1,345.240000,90.251770,1049182.070946,521354.809237,3407.792400,112694.500064,112695.588091
293,-1,344.879999,90.351449,1049332.256013,520580.762556,3209.613800,113039.164979,113041.291587
294,-1,344.519999,90.378125,1012723.251804,529982.601364,3406.400400,75246.600007,75248.238675
295,-1,344.160000,90.362394,1012422.973861,529576.351520,3428.196000,75067.125695,75068.627262
296,-1,343.799999,90.313733,1012208.595353,529147.474425,3492.432800,74979.430502,74980.554571
297,-1,343.439999,90.285263,1011991.681744,528720.481513,3530.127200,74891.735258,74892.663486
298,-1,343.080000,90.291715,1012191.743680,528167.775269,3519.907200,75242.516131,75243.491372
299,-1,342.720000,90.353083,1012056.632074,527714.699732,3439.288600,75246.599900,75248.028710
300,-1,342.360000,90.389308,1011914.777043,527263.695057,3391.713099,75246.600005,75248.337036
301,-1,341.999999,90.421044,1011849.610178,526787.753095,3349.417200,75330.211485,75332.245528
302,-1,341.640000,90.412191,1035422.831076,518465.564359,3181.250700,100323.354877,100325.951059
303,-1,341.279999,90.466774,1011800.605355,525804.883014,3287.146800,75593.297216,75595.805831
304,-1,340.920000,90.437986,1033531.489386,517785.810469,3148.108600,98750.199983,98753.085307
305,-1,340.559999,90.408790,1033404.467659,517172.668979,3197.843800,98832.535923,98835.051486
306,-1,340.200000,90.523157,1032700.889670,516765.975238,3005.357800,98306.364647,98310.462778
307,-1,339.839999,90.551835,1043109.435782,512286.638725,2847.187699,109619.050437,109624.134927
308,-1,339.479999,90.515387,1042711.332247,511700.227496,2918.452000,109449.600093,109454.028227
309,-1,339.120000,90.490511,1032302.611923,514934.745961,3059.122399,98569.450196,98573.062453
310,-1,338.759999,90.404848,1032407.011649,514229.705705,3204.024500,98920.231204,98922.700672
311,-1,338.399999,90.330515,1032180.026538,513651.102859,3332.364500,98920.231099,98921.876982
312,-1,338.040000,90.257252,1031868.078015,513106.732229,3459.249300,98832.535762,98833.531960
313,-1,337.679999,90.202120,1031557.880801,512562.807136,3554.640799,98750.199899,98750.814347
314,-1,337.320000,90.156206,1030830.010537,512194.522111,3635.223600,98218.669414,98219.034437
315,-1,336.960000,90.070908,1030106.069400,511831.797771,3782.097700,97692.497727,97692.572540
316,-1,336.600000,89.987108,1029944.546101,511232.871475,3925.000000,97780.192920,97780.195395
317,-1,336.239999,90.012830,1029302.304275,510844.335835,3881.201300,97347.000170,97347.002611
318,-1,335.879999,89.970675,1028729.132849,510430.812384,3952.640100,96990.935861,96990.948564
319,-1,335.519999,90.035392,1028159.103806,510020.748243,3843.304099,96640.155075,96640.173512
320,-1,335.159999,90.140242,1027746.592820,509542.597953,3666.883500,96464.764300,96465.053270
321,-1,334.800000,90.192723,1027336.280648,509065.822332,3579.095800,96294.599801,96295.144555
322,-1,334.439999,90.255197,1026439.332967,508824.129245,3477.246400,95587.812008,95588.760169
323,-1,334.079999,90.276690,1025863.007676,508436.460729,3443.081800,95237.031215,95238.141726
324,-1,333.720000,90.301287,1025521.120893,507937.917107,3402.656300,95149.335890,95150.651412
325,-1,333.360000,90.326737,1025176.353866,507442.024726,3360.891399,95061.640494,95063.186224
326,-1,332.999999,90.247470,1025063.137885,506829.361253,3491.652800,95237.031277,95237.919617
327,-1,332.640000,90.254890,1024638.611831,506375.282109,3480.074900,95066.799948,95067.740680
328,-1,332.279999,90.319752,1024129.525251,505968.025378,3373.920800,94803.699937,94805.176264
329,-1,331.920000,90.347737,1023618.663740,505565.436616,3329.210500,94540.600078,94542.341295
330,-1,331.560000,90.429092,1023178.678071,505128.194380,3196.317500,94360.078809,94362.725019
331,-1,331.200000,90.645367,1022899.176990,504605.286961,2840.045800,94365.200127,94371.186634
332,-1,330.839999,90.650169,1148134.915035,434049.133783,1200.960100,238105.499980,238120.830967
333,-1,330.479999,90.650880,1084815.616477,468183.416892,2015.083100,166182.480448,166193.203947
334,-1,330.120000,90.658047,1077759.016089,471033.639866,2080.915100,158640.690070,158651.153602
335,-1,329.759999,90.642105,1076956.680751,470347.597931,2128.992700,158289.908988,158299.849618
336,-1,329.399999,90.637649,1097059.952224,457303.090227,1874.856600,182230.709787,182241.995586
337,-1,329.039999,90.578112,1077079.581424,467954.316956,2292.444699,159614.000034,159622.125332
338,-1,328.680000,90.523126,1079325.453901,465413.782667,2416.092500,162850.061345,162856.849331
339,-1,328.320000,90.442921,1077977.392620,465043.342135,2651.463200,161894.200083,161899.037566
340,-1,327.960000,90.465500,1077135.665957,464370.139413,2590.581100,161534.632883,161539.964293
341,-1,327.599999,90.442767,1077186.871564,463135.568392,2649.254500,162236.194884,162241.039223
342,-1,327.239999,90.387069,1088224.257297,454821.206740,2713.895500,176013.900003,176017.916599
343,-1,326.880000,90.316519,1087908.686734,453706.623667,2928.750100,176355.128335,176357.819370
344,-1,326.519999,90.332387,1088104.922890,452248.346400,2874.311800,177319.776213,177322.760061
345,-1,326.159999,90.361074,1088361.472246,450734.984925,2778.893400,178372.119020,178375.661062
346,-1,325.800000,90.488895,1083092.450304,452960.756064,2428.835000,172759.623453,172765.912894
347,-1,325.439999,90.475958,1074101.996172,457835.525842,2552.352000,162586.975752,162592.585729
348,-1,325.080000,90.534305,1074390.008391,456388.581886,2376.871100,163648.199856,163655.315787
349,-1,324.719999,90.584140,1074371.514334,455142.110297,2227.365600,164349.800120,164358.341894
350,-1,324.359999,90.560422,1082325.238584,448168.770241,2192.466000,174873.800142,174882.165765
351,-1,324.000000,90.581333,1177891.469695,377377.700538,922.000000,293795.000106,293810.123121
352,-1,323.640000,90.600977,1178342.588543,374753.356377,801.192899,295708.350744,295724.618365
353,-1,323.280000,90.582427,1178571.951273,372264.337405,880.000000,297374.560152,297389.925106
354,-1,322.920000,90.550486,1177729.943443,370558.665291,1042.427200,297725.341173,297739.083181
355,-1,322.559999,90.584360,1176679.846790,369006.674629,865.329100,297829.199814,297844.690580
356,-1,322.199999,90.603188,1177672.863177,365868.137927,739.000000,300531.589079,300548.243932
357,-1,321.840000,90.626131,1165490.459392,373039.465776,771.812200,286515.899821,286533.008897
358,-1,321.480000,90.617242,1160325.404105,374849.958218,872.013200,281341.599881,281357.926322
359,-1,321.120000,90.613599,1175319.380679,360489.212333,668.420199,302022.408085,302039.728334
360,-1,320.760000,90.598460,1174802.803300,358460.971311,739.067400,302899.360412,302915.884376
361,-1,320.400000,90.606251,1175013.267446,355816.869972,678.387700,304740.960474,304758.020592
362,-1,320.039999,90.606507,1150878.304233,373541.770874,993.433399,274851.799993,274867.199821
363,-1,319.680000,90.562682,1144415.721686,376761.317584,1272.590800,267835.800098,267848.716380
364,-1,319.320000,90.485559,1143721.842168,375138.666630,1628.681000,268362.000064,268371.637111
365,-1,318.959999,90.498812,1140954.139042,375312.451059,1585.818700,266155.054542,266165.141195
366,-1,318.600000,90.481938,1140191.933874,373755.034883,1660.396299,266608.000132,266617.431924
367,-1,318.239999,90.476744,1138611.497074,372920.455843,1689.794700,265979.664226,265988.872060
368,-1,317.879999,90.464090,1131195.333757,377373.117542,1817.330100,257487.199911,257495.646831
369,-1,317.519999,90.501579,1129966.850321,376304.398879,1650.501999,257297.835463,257307.694951
370,-1,317.159999,90.502426,1134669.159158,369739.168899,1577.359500,265204.800026,265214.996862
371,-1,316.800000,90.541382,1130527.565079,371342.525272,1435.976500,261082.899994,261094.555428
372,-1,316.439999,90.551216,1129083.102089,370452.413535,1395.383300,260644.400102,260656.462505
373,-1,316.079999,90.571099,1162505.427960,335993.351876,826.742299,308616.300198,308631.631738
374,-1,315.720000,90.545408,1132336.468285,362705.000553,1348.338200,268362.000100,268374.159327
375,-1,315.359999,90.561835,1135024.363172,357680.928580,1218.069000,273799.399992,273812.564157
376,-1,315.000000,90.545052,1133935.760690,356336.629759,1296.608500,273974.800041,273987.197391
377,-1,314.640000,90.551195,1214780.844407,272019.278381,143.608200,390769.991358,390788.074502
378,-1,314.280000,90.526792,1214818.867625,268463.550256,286.478099,393334.499877,393351.125617
379,-1,313.919999,90.546306,1215827.474859,263853.341957,114.238800,397347.134178,397365.196954
380,-1,313.559999,90.538821,1214628.038610,261491.737756,157.906499,398224.086680,398241.696634
381,-1,313.199999,90.535775,1213964.923794,258542.766948,163.292799,399911.999953,399929.485180
382,-1,312.840000,90.534685,1213022.316100,255863.859248,158.625599,401227.500139,401244.971567
383,-1,312.480000,90.544958,1214470.224949,250549.706163,40.176500,406116.658209,406135.028630
384,-1,312.120000,90.487648,1242301.348093,215965.399019,69.286699,450427.199974,450443.514588
385,-1,311.760000,90.484801,1245861.878701,207728.240625,19.687600,458934.099934,458950.529139
386,-1,311.399999,90.481463,1247358.701495,201670.081481,0.000000,464459.199876,464475.598668
387,-1,311.039999,90.480220,1245953.178387,198840.068441,0.000000,465661.726641,465678.083087
388,-1,310.679999,90.479588,1244140.478601,196460.416704,0.000000,466275.593271,466291.928184
389,-1,310.320000,90.478302,1242723.554269,193602.312840,0.000000,467528.699942,467544.991074
390,-1,309.960000,90.477586,1240928.474198,191170.818359,0.000000,468230.299903,468246.566625
391,-1,309.600000,90.476273,1239489.835671,188294.446487,0.000000,469520.317345,469536.539376
392,-1,309.239999,90.475031,1237987.492219,185470.262831,0.000000,470748.050660,470764.230384
393,-1,308.880000,90.473594,1236587.620019,182494.230397,0.000000,472176.799868,472192.930636
394,-1,308.519999,90.472541,1234927.684690,179815.891266,0.000000,473229.199987,473245.294884
395,-1,308.160000,90.471257,1233392.414139,176957.310697,0.000000,474518.946014,474534.997166
396,-1,307.800000,90.471318,1231004.363797,175171.492090,0.000000,474457.000040,474473.053287
397,-1,307.440000,90.468547,1230349.202706,171123.511669,0.000000,477263.399975,477279.358830
398,-1,307.080000,90.466771,1229057.263032,167859.427974,0.000000,479079.098430,479094.996803
399,-1,306.719999,90.465748,1227279.303006,165208.556964,0.000000,480131.441341,480147.304870
400,-1,306.360000,90.465068,1225271.447113,162847.459652,0.000000,480833.003182,480848.843566
401,-1,306.000000,90.463185,1223982.282041,159481.967695,0.000000,482788.499920,482804.276145
402,-1,305.640000,90.461341,1222646.827362,156138.660077,0.000000,484717.899951,484733.613382
403,-1,305.280000,90.457451,1222546.846591,151006.952821,0.000000,488839.799927,488855.380866
404,-1,304.920000,90.456878,1220385.343696,148737.475076,0.000000,489453.700014,489469.261411
405,-1,304.559999,90.425408,1063336.301496,371312.141803,2291.366899,217057.500030,217063.483066
406,-1,304.200000,90.452179,1218179.204080,141041.393356,0.000000,494540.300087,494555.701432
407,-1,303.839999,90.448939,1217591.058931,136338.804664,0.000000,498108.965475,498124.256482
408,-1,303.480000,90.447207,1216050.363521,132994.939304,0.000000,500038.260952,500053.492963
409,-1,303.120000,90.447497,1213247.554166,131541.079351,0.000000,499714.599915,499729.841792
410,-1,302.760000,90.447582,1210422.686456,130128.786572,2.000000,499363.799985,499379.036941
411,-1,302.400000,90.447660,1207731.834227,128513.315065,2.000000,499276.099951,499291.339583
412,-1,302.040000,90.447668,1202425.904550,131078.192154,40.986600,494277.199914,494292.287521
413,-1,301.680000,90.448315,1198867.011077,130931.543497,49.129400,492523.199939,492538.277494
414,-1,301.320000,90.444069,1192079.916383,136132.346415,147.494500,484542.499865,484557.053397
415,-1,300.959999,90.449796,1180225.288190,149975.001801,240.195000,466564.000024,466578.377402
416,-1,300.600000,90.446830,1183006.051985,139514.146082,183.163400,476974.412546,476988.917490
417,-1,300.239999,90.440703,1177873.010086,142368.772263,273.094200,471913.700079,471927.660281
418,-1,299.880000,90.428015,1179269.588986,133986.277217,318.184800,479868.355571,479881.745411
419,-1,299.520000,90.443206,1176965.899039,131935.551987,186.000000,480508.300137,480522.676457
420,-1,299.159999,90.450452,1173864.001044,131298.647421,132.805200,479543.599971,479558.420468
421,-1,298.799999,90.449077,1171312.712511,129685.104389,142.940900,479719.000105,479733.735635
422,-1,298.439999,90.451061,1162515.155631,139599.663300,228.021299,466801.764819,466816.230552
423,-1,298.080000,90.451280,1161925.148609,134474.520991,192.882899,471036.700020,471051.311148
424,-1,297.720000,90.440460,1161797.969402,128353.911185,240.716000,476386.400058,476400.476998
425,-1,297.360000,90.442405,1157612.321277,129929.746616,250.275200,473053.800132,473067.902333
426,-1,296.999999,90.433595,1156202.516682,126149.667234,302.438800,475772.499953,475786.123960
427,-1,296.639999,90.446477,1149641.727638,132561.499226,263.121599,467090.199881,467104.381846
428,-1,296.279999,90.453151,1148955.847120,127322.056621,174.028300,471475.199925,471489.946207
429,-1,295.919999,90.445952,1148288.987889,121917.150108,197.775999,476035.600027,476050.019618
430,-1,295.560000,90.427368,1149340.790248,112785.590287,287.429799,484717.900196,484731.384499
431,-1,295.199999,90.438816,1148194.822067,108068.006547,161.691200,488489.000150,488503.327173
432,-1,294.840000,90.424425,1144382.016701,108998.328505,302.579199,486033.399989,486046.735340
433,-1,294.480000,90.436372,1141315.968371,108362.699855,206.573799,485331.799976,485345.876293
434,-1,294.119999,90.451893,1137246.525722,109989.367533,100.000000,482174.600063,482189.597311
435,-1,293.760000,90.449672,1122428.372288,136130.950421,353.399900,452268.899990,452282.829167
436,-1,293.399999,90.439521,1123724.906768,125979.640671,358.184200,462091.300002,462104.896378
437,-1,293.039999,90.439901,1122360.980034,121768.173372,329.528200,465423.900041,465437.618194
438,-1,292.680000,90.439254,1120410.272978,118851.919034,319.991999,467353.299938,467367.034470
439,-1,292.319999,90.442205,1117697.335162,117728.183421,295.921600,467353.299916,467367.219600
440,-1,291.959999,90.437455,1114911.798082,116784.189574,336.008400,467177.900046,467191.517176
441,-1,291.599999,90.432267,1115672.705681,106888.571570,306.856400,476649.500058,476663.065649
442,-1,291.239999,90.414557,1118412.943639,91571.620248,343.778699,491909.299974,491922.176220
443,-1,290.879999,90.423346,1118154.254524,83577.958086,213.890100,499276.100147,499289.729225
444,-1,290.520000,90.429125,1114666.376657,83947.531494,175.346000,497697.500034,497711.459527
445,-1,290.159999,90.433853,1112036.494778,82037.304999,127.632800,498574.500019,498588.793964
446,-1,289.799999,90.436526,1108230.898714,83359.851895,123.748099,496031.199949,496045.596763
447,-1,289.439999,90.430015,1104156.856994,85538.652327,205.795599,492610.899821,492624.773984
448,-1,289.080000,90.431740,1098654.801069,91977.079411,250.435299,484717.900184,484731.661838
449,-1,288.719999,90.428613,1098559.963004,82767.575520,211.946299,493400.200121,493414.006041
450,-1,288.360000,90.413581,1094156.644711,86193.334745,374.948399,488752.100046,488764.833481
451,-1,288.000000,90.423036,1090751.212545,86736.537071,305.946200,487173.499974,487186.779247
452,-1,287.640000,90.415121,1087438.431769,87053.431778,382.783200,485858.000060,485870.752514
453,-1,287.279999,90.415332,1089137.297138,71315.224081,268.470400,501380.899822,501394.073072
454,-1,286.919999,90.412931,1086407.059488,69465.979092,282.523400,502345.600060,502358.646537
455,-1,286.559999,90.413166,1083484.478719,68220.616097,277.934500,502696.399939,502709.470382
456,-1,286.200000,90.423846,1080185.003691,68256.285317,191.364000,501731.700029,501745.428535
457,-1,285.840000,90.419033,1076676.202638,69073.686242,246.342300,499977.699928,499991.071491
458,-1,285.480000,90.403541,1067471.836204,90538.622314,544.606000,476824.899938,476836.726785
459,-1,285.120000,90.413140,1063689.890684,93049.960139,489.380600,473404.600031,473416.907311
460,-1,284.760000,90.408224,1064703.705585,77526.866842,421.272200,488664.400101,488676.803577
461,-1,284.400000,90.414885,1062168.418333,75055.064699,351.761899,490418.399916,490431.257434
462,-1,284.040000,90.417867,1060160.142166,70384.450680,296.815700,494452.600104,494465.750396
463,-1,283.679999,90.421020,1057185.347590,69469.807825,268.312900,494628.000122,494641.354372
464,-1,283.320000,90.435819,1053981.536741,69512.365154,146.551999,493838.699971,493852.986718
465,-1,282.960000,90.439669,1051156.588323,67952.324639,106.632899,494715.700090,494730.266225
466,-1,282.600000,90.431366,1047914.765410,68206.191585,185.597800,493751.000059,493764.993836
467,-1,282.240000,90.428259,1041724.230219,82109.045998,323.813899,478841.999918,478855.376349
468,-1,281.880000,90.417220,1038890.310034,80965.502025,412.244300,479368.200079,479380.909739
469,-1,281.520000,90.416931,1036921.751307,75542.451847,378.916899,484279.400051,484292.222192
470,-1,281.159999,90.420572,1035143.516346,68835.185406,302.433799,490506.099863,490519.314686
471,-1,280.800016,90.256816,940255.621805,549807.628971,3901.820700,263.100010,263.102653
472,-1,280.439966,90.038610,940253.996808,549807.324182,3902.822700,263.100101,263.100160
473,-1,280.079978,89.820469,940252.370171,549807.029891,3903.824400,263.099958,263.101249
474,-1,279.720027,89.602420,940250.741893,549806.745771,3904.825700,263.099899,263.106233
475,-1,279.360027,89.384447,940249.111647,549806.471821,3905.826700,263.099868,263.115052
476,-1,279.000034,89.166558,940247.479761,549806.208042,3906.827399,263.099922,263.127760
477,-1,278.639965,88.948737,940245.845906,549805.954434,3907.827900,263.100011,263.144304
478,-1,278.280028,88.731011,940244.211066,549805.711324,3908.828100,263.099960,263.164503
479,-1,277.919985,88.513387,940242.574259,549805.478385,3909.827999,263.099947,263.188532
480,-1,277.559964,88.295828,940240.936139,549805.255616,3910.827800,263.100068,263.216489
481,-1,277.200032,88.078361,940239.297034,549805.043346,3911.827399,263.100037,263.248082
482,-1,276.840023,87.860972,940237.656289,549804.841247,3912.826900,263.100096,263.283551
483,-1,276.479963,87.623394,940226.116614,549891.789236,3910.279700,175.400071,175.551072
484,-1,276.119952,87.368628,940225.021144,549891.668501,3911.061100,175.399866,175.585006
485,-1,275.759956,87.114167,940223.925018,549891.554328,3911.841900,175.399992,175.622711
486,-1,275.399973,86.859982,940222.828235,549891.447045,3912.622200,175.400122,175.663854
487,-1,275.039998,86.606111,940221.730796,549891.346980,3913.401900,175.399927,175.708093
488,-1,274.679998,86.352608,940220.632701,549891.253476,3914.180900,175.400063,175.756066
489,-1,274.319977,86.099370,940219.533950,549891.167190,3914.959500,175.399876,175.807128
490,-1,273.960010,85.846520,940218.434871,549891.087466,3915.737400,175.400046,175.861927
491,-1,273.599993,85.594020,940217.335136,549891.014959,3916.514700,175.399894,175.919782
492,-1,273.240003,85.341895,940216.235072,549890.949015,3917.291400,175.400097,175.981357
493,-1,272.880039,85.090137,940215.134681,549890.890288,3918.067500,175.399999,176.045986
494,-1,272.519974,84.838795,940214.033633,549890.838450,3918.842900,175.399912,176.113959
495,-1,272.160008,84.587816,940212.932586,549890.793503,3919.617800,175.399867,176.185313
496,-1,271.800019,84.337272,940211.831210,549890.755445,3920.392000,175.399848,176.260002
497,-1,271.439994,84.087172,940210.729506,549890.724277,3921.165500,175.399858,176.338015
498,-1,271.080026,83.837494,940209.627802,549890.699999,3921.938400,175.399904,176.419357
499,-1,270.719993,83.588244,940208.525770,549890.682611,3922.710700,175.399980,176.504008
500,-1,270.359989,83.339466,940207.423738,549890.672112,3923.482300,175.400092,176.591951
501,-1,270.000000,83.091153,940206.321706,549890.668831,3924.253200,175.399911,176.682844
502,-1,269.640010,82.843340,940205.219675,549890.672112,3925.023400,175.400092,176.777325
503,-1,269.280006,82.596010,940204.117643,549890.682611,3925.792900,175.399980,176.874728
504,-1,268.919973,82.349150,940203.015611,549890.699999,3926.561800,175.399904,176.975379
505,-1,268.560005,82.102801,940201.913907,549890.724277,3927.330000,175.399858,177.079245
506,-1,268.199980,81.857003,940200.812203,549890.755445,3928.097400,175.399848,177.186304
507,-1,267.839991,81.593414,940199.710827,549890.793503,3928.921400,175.399867,177.304913
508,-1,267.480025,81.276879,940198.609780,549890.838450,3929.912400,175.399912,177.452547
509,-1,267.119960,80.961136,940197.508732,549890.890288,3930.902600,175.399999,177.605503
510,-1,266.759996,80.646202,940196.408340,549890.949015,3931.892000,175.400097,177.763724
511,-1,266.400006,80.332043,940195.308277,549891.014959,3932.880699,175.399894,177.926892
512,-1,266.039989,80.018775,940194.208542,549891.087466,3933.868500,175.400046,178.095593
513,-1,265.680022,79.706343,940193.109463,549891.167190,3934.855500,175.399876,178.269149
514,-1,265.320001,79.394801,940192.010711,549891.253476,3935.841700,175.400063,178.448198
515,-1,264.960001,79.084126,940190.912617,549891.346980,3936.827100,175.399927,178.632044
516,-1,264.600026,78.774402,940189.815178,549891.447045,3937.811600,175.400122,178.821280
517,-1,264.240043,78.465604,940188.718395,549891.554328,3938.795199,175.399992,179.015233
518,-1,263.880047,78.157764,940187.622269,549891.668501,3939.777900,175.399866,179.214193
519,-1,263.520036,77.850888,940186.526799,549891.789236,3940.759800,175.400071,179.418470
520,-1,263.159971,77.545009,940185.431984,549891.917188,3941.740699,175.399955,179.627353
521,-1,262.799971,77.240149,940184.338155,549892.051703,3942.720700,175.400133,179.841432
522,-1,262.439994,76.936275,940183.245309,549892.193435,3943.699800,175.399951,180.060036
523,-1,262.080054,76.633477,940182.153448,549892.341728,3944.677900,175.400058,180.283742
524,-1,261.720001,76.331693,940181.062243,549892.497240,3945.655100,175.399849,180.511951
525,-1,261.359958,76.031008,940179.972022,549892.659313,3946.631299,175.399932,180.745198
526,-1,261.000000,75.731407,940178.883113,549892.828276,3947.606499,175.399931,180.983081
527,-1,260.640007,75.432904,940177.795189,549893.004129,3948.580700,175.399894,181.225614
528,-1,260.279984,75.135505,940176.708249,549893.186543,3949.554000,175.400148,181.473102
529,-1,259.919985,74.839256,940175.622621,549893.376175,3950.526100,175.399991,181.724756
530,-1,259.560033,74.544126,940174.538305,549893.572369,3951.497300,175.400067,181.981240
531,-1,259.199990,74.250165,940173.454974,549893.775452,3952.467399,175.400114,182.242211
532,-1,258.840051,73.957372,940172.373284,549893.985426,3953.436400,175.400009,182.507517
533,-1,258.479992,73.665734,940171.292577,549894.202289,3954.404400,175.399880,182.777269
534,-1,258.120029,73.375309,940170.213511,549894.425714,3955.371300,175.399918,183.051589
535,-1,257.760023,73.086111,940169.135757,549894.656028,3956.337000,175.399867,183.330164
536,-1,257.399981,72.798117,940168.059316,549894.892904,3957.301700,175.400052,183.613324
537,-1,257.039972,72.511360,940166.984515,549895.136670,3958.265199,175.400080,183.900599
538,-1,256.679980,72.225815,940165.911354,549895.387326,3959.227600,175.399950,184.191980
539,-1,256.320015,71.941549,940164.839834,549895.644543,3960.188800,175.399981,184.487702
540,-1,255.960039,71.658508,940163.769954,549895.908650,3961.148900,175.399853,184.787454
541,-1,255.599959,71.376796,940162.701387,549896.179319,3962.107699,175.399967,185.091514
542,-1,255.239968,71.096344,940161.634788,549896.456549,3963.065400,175.400162,185.399755
543,-1,254.880027,70.817185,940160.570158,549896.740670,3964.021800,175.400115,185.711767
544,-1,254.520015,70.539301,940159.507168,549897.031680,3964.977000,175.399914,186.027628
545,-1,254.159948,70.262730,940158.445818,549897.329251,3965.931000,175.399876,186.347598
546,-1,253.800016,69.987486,940157.386765,549897.633384,3966.883700,175.399824,186.671437
547,-1,253.440002,69.713594,940156.329352,549897.944079,3967.835100,175.399937,186.999273
548,-1,253.079993,69.445629,940155.273908,549898.261336,3968.769200,175.400124,187.325362
549,-1,252.720047,69.184986,940154.220761,549898.585482,3969.680800,175.399974,187.647222
550,-1,252.359976,68.925856,940153.169254,549898.916190,3970.590300,175.399997,187.972359
551,-1,251.999971,68.668305,940152.120043,549899.253460,3971.497399,175.399997,188.300432
552,-1,251.640016,68.412274,940151.073129,549899.597291,3972.402300,175.399970,188.631462
553,-1,251.279997,68.157828,940150.028184,549899.947684,3973.304800,175.400019,188.965424
554,-1,250.920000,67.904927,940148.985535,549900.304639,3974.205000,175.400042,189.302210
555,-1,250.560012,67.653569,940147.945183,549900.668155,3975.102900,175.400036,189.641770
556,-1,250.200018,67.403779,940146.907127,549901.038233,3975.998400,175.400004,189.984019
557,-1,249.840003,67.155555,940145.871368,549901.414873,3976.891500,175.399944,190.328910
558,-1,249.479991,66.908930,940144.837906,549901.797746,3977.782200,175.400165,190.676678
559,-1,249.119994,66.663815,940143.807068,549902.187509,3978.670499,175.399939,191.026604
560,-1,248.759971,66.420321,940142.778526,549902.583506,3979.556300,175.399995,191.379271
561,-1,248.399970,66.178394,940141.752610,549902.986064,3980.439600,175.399910,191.734243
562,-1,248.040017,65.938038,940140.729318,549903.394856,3981.320500,175.399985,192.091789
563,-1,247.679959,65.699255,940139.708323,549903.810209,3982.198900,175.400041,192.451657
564,-1,247.320020,65.462075,940138.690280,549904.231796,3983.074700,175.400134,192.813808
565,-1,246.960045,65.226444,940137.674862,549904.659945,3983.948000,175.400083,193.178073
566,-1,246.600021,64.992383,940136.662069,549905.094656,3984.818700,175.399891,193.544366
567,-1,246.239973,64.759926,940135.651900,549905.535600,3985.686800,175.399862,193.912914
568,-1,245.879989,64.529025,940134.644684,549905.982777,3986.552400,175.399863,194.283595
569,-1,245.519955,64.299743,940133.640093,549906.436188,3987.415299,175.400026,194.656395
570,-1,245.160053,64.072041,940132.638783,549906.895833,3988.275500,175.400081,195.031021
571,-1,244.800028,63.845882,940131.640097,549907.362039,3989.133100,175.400001,195.407449
572,-1,244.440009,63.621308,940130.644364,549907.834479,3989.988000,175.399949,195.785735
573,-1,244.079982,63.398312,940129.651584,549908.313153,3990.840200,175.399925,196.165834
574,-1,243.719931,63.176889,940128.661757,549908.798060,3991.689700,175.399930,196.547699
575,-1,243.359988,62.957076,940127.675210,549909.288873,3992.536400,175.400111,196.931373
576,-1,242.999947,62.738783,940126.691616,549909.786247,3993.380399,175.400027,197.316462
577,-1,242.639984,62.522112,940125.711303,549910.289527,3994.221500,175.400117,197.703220
578,-1,242.280038,62.306966,940124.734271,549910.799040,3995.059899,175.400085,198.091431
579,-1,241.919998,62.093409,940123.760192,549911.314787,3995.895399,175.400086,198.481096
580,-1,241.559945,61.881412,940122.789393,549911.836768,3996.728000,175.399969,198.872037
581,-1,241.200010,61.670960,940121.822204,549912.364654,3997.557800,175.399865,199.264373
582,-1,240.839990,61.462114,940120.857967,549912.898446,3998.384700,175.400087,199.658287
583,-1,240.480008,61.254809,940119.897339,549913.438471,3999.208600,175.400032,200.053158
584,-1,240.120009,61.049046,940118.939991,549913.984402,4000.029700,175.400145,200.449429
585,-1,239.760017,60.844832,940117.986253,549914.536566,4000.847700,175.399980,200.846522
586,-1,239.399979,60.642170,940117.035796,549915.094636,4001.662800,175.399985,201.244883
587,-1,239.039974,60.441053,940116.088947,549915.658611,4002.474900,175.399996,201.644276
588,-1,238.679988,60.241497,940115.145708,549916.228492,4003.283899,175.400010,202.044609
589,-1,238.320005,60.043469,940114.206077,549916.804278,4004.089900,175.400027,202.445888
590,-1,237.960013,59.846984,940113.270055,549917.385970,4004.892800,175.400048,202.848020
591,-1,237.599997,59.652034,940112.337642,549917.973567,4005.692599,175.400072,203.250967
592,-1,237.240034,59.541305,940111.409167,549918.567070,4006.148200,175.399925,203.481412
593,-1,236.880016,59.435793,940110.484300,549919.166478,4006.583300,175.399783,203.702194
594,-1,236.519991,59.331081,940109.563042,549919.771463,4007.016200,175.399923,203.922787
595,-1,236.159975,59.227150,940108.645721,549920.382355,4007.446700,175.399891,204.142683
596,-1,235.800012,59.123987,940107.732337,549920.998823,4007.875000,175.399958,204.362205
597,-1,235.440028,59.021596,940106.822890,549921.621197,4008.300900,175.399851,204.581004
598,-1,235.079982,58.920017,940105.917052,549922.249149,4008.724500,175.400029,204.799512
599,-1,234.720036,58.819216,940105.015479,549922.882678,4009.145699,175.400117,205.017342
600,-1,234.360026,58.719152,940104.117843,549923.522112,4009.564600,175.400033,205.234465
601,-1,233.999999,58.619887,940103.224144,549924.167124,4009.981100,175.400048,205.451047
602,-1,233.640028,58.521387,940102.334710,549924.817713,4010.395200,175.399968,205.666910
603,-1,233.280013,58.423677,940101.449213,549925.473880,4010.806900,175.399987,205.882207
604,-1,232.920025,58.326725,940100.567981,549926.135624,4011.216200,175.399909,206.096759
605,-1,232.559964,58.230557,940099.690686,549926.802945,4011.623100,175.399934,206.310723
606,-1,232.199968,58.135202,940098.817656,549927.475516,4012.027500,175.400123,206.524088
607,-1,231.840040,58.040588,940097.949220,549928.153665,4012.429399,175.400013,206.736446
608,-1,231.480082,57.878413,940151.703377,549997.453067,3958.060100,87.699902,103.551376
609,-1,231.120062,57.689651,940151.273260,549997.797554,3958.463800,87.699981,103.766660
610,-1,230.760134,57.502688,940150.845439,549998.144666,3958.865300,87.700036,103.981864
611,-1,230.399982,57.317590,940150.419587,549998.494731,3959.264400,87.700022,104.196817
612,-1,230.039893,57.134263,940149.996032,549998.847421,3959.661300,87.699987,104.411640
613,-1,229.679991,56.952769,940149.574773,549999.202407,3960.056000,87.700178,104.626519
614,-1,229.319985,56.773035,940149.155810,549999.560346,3960.448300,87.700094,104.840897
615,-1,228.959998,56.595121,940148.739144,549999.920909,3960.838200,87.699984,105.054960
616,-1,228.600017,56.418922,940148.324775,550000.284098,3961.225900,87.699849,105.268794
617,-1,228.240008,56.244656,940147.912374,550000.649583,3961.611200,87.700151,105.482649
618,-1,227.879994,56.072028,940147.502598,550001.018020,3961.994100,87.699965,105.695732
619,-1,227.520087,55.901192,940147.095119,550001.388754,3962.374700,87.699997,105.908661
620,-1,227.160127,55.732151,940146.689936,550001.762113,3962.752800,87.700004,106.121099
621,-1,226.800102,55.564847,940146.287050,550002.138097,3963.128500,87.699986,106.333080
622,-1,226.439997,55.399221,940145.886460,550002.516705,3963.501900,87.699946,106.544640
623,-1,226.079946,55.235465,940145.488167,550002.897610,3963.872700,87.700123,106.755783
624,-1,225.719941,55.073291,940145.092498,550003.281139,3964.241200,87.700052,106.966273
625,-1,225.360115,54.912888,940144.699454,550003.666965,3964.607099,87.699964,107.176110
626,-1,225.000000,54.754224,940144.308379,550004.055416,3964.970600,87.700088,107.385570
627,-1,224.639884,54.597231,940143.919928,550004.446491,3965.331500,87.699964,107.594143
628,-1,224.280058,54.441949,940143.534102,550004.839535,3965.690000,87.700052,107.802297
629,-1,223.920053,54.288382,940143.150573,550005.235203,3966.045900,87.700123,108.009708
630,-1,223.560002,54.136400,940142.769668,550005.633496,3966.399300,87.699946,108.216227
631,-1,223.199897,53.986135,940142.391060,550006.034086,3966.750199,87.699986,108.422209
632,-1,222.839872,53.837583,940142.015077,550006.436973,3967.098400,87.700004,108.627324
633,-1,222.479912,53.690645,940141.641718,550006.842155,3967.444099,87.699997,108.831666
634,-1,222.120005,53.545350,940141.270984,550007.249635,3967.787200,87.699965,109.035156
635,-1,221.759991,53.401760,940140.902546,550007.659411,3968.127700,87.700151,109.237969
636,-1,221.399982,53.259641,940140.537061,550008.071812,3968.465600,87.699849,109.439519
637,-1,221.040001,53.119311,940140.173873,550008.486181,3968.800800,87.699984,109.640469
638,-1,220.680014,52.980612,940139.813309,550008.902847,3969.133300,87.700094,109.840429
639,-1,220.320008,52.843489,940139.455370,550009.321809,3969.463200,87.700178,110.039439
640,-1,219.960106,52.707850,940139.100384,550009.743068,3969.790500,87.699987,110.237283
641,-1,219.600017,52.573922,940138.747695,550010.166624,3970.115000,87.700022,110.434221
642,-1,219.239865,52.441574,940138.397630,550010.592476,3970.436800,87.700036,110.630097
643,-1,218.879937,52.310737,940138.050518,550011.020297,3970.755999,87.699981,110.824916
644,-1,218.519917,52.181534,940137.706030,550011.450414,3971.072300,87.699902,111.018516
645,-1,218.159959,52.053895,940137.364167,550011.882500,3971.386000,87.700006,111.211223
646,-1,217.800012,51.927745,940137.025257,550012.316882,3971.696900,87.699831,111.402533
647,-1,217.439970,51.803297,940136.688644,550012.753233,3972.005000,87.700097,111.592997
648,-1,217.079910,51.680311,940136.354983,550013.191880,3972.310300,87.700085,111.782032
649,-1,216.719986,51.558798,940136.024275,550013.632496,3972.612899,87.699993,111.969838
650,-1,216.360057,51.438908,940135.696192,550014.075081,3972.912600,87.700081,112.156479
651,-1,216.000063,51.320443,940135.371061,550014.519962,3973.209500,87.699891,112.341643
652,-1,215.640035,51.203538,940135.048555,550014.966811,3973.503600,87.699883,112.525673
653,-1,215.279963,51.088220,940134.728674,550015.415629,3973.794800,87.700058,112.708491
654,-1,214.919955,50.974354,940134.411745,550015.866416,3974.083199,87.700149,112.889935
655,-1,214.559998,50.861966,940134.097770,550016.319171,3974.368700,87.700154,113.069926
656,-1,214.200076,50.751004,940133.786747,550016.773894,3974.651400,87.700071,113.248512
657,-1,213.839876,50.641564,940133.478348,550017.230914,3974.931100,87.699990,113.425621
658,-1,213.480038,50.533646,940133.172903,550017.689247,3975.208000,87.700189,113.601577
659,-1,213.120014,50.427141,940132.870410,550018.149876,3975.481900,87.700118,113.775817
660,-1,212.759966,50.322056,940132.570870,550018.612473,3975.752900,87.699962,113.948531
661,-1,212.400059,50.218476,940132.274282,550019.076711,3976.020900,87.699897,114.119778
662,-1,212.039986,50.116384,940131.980320,550019.542917,3976.285999,87.700024,114.289684
663,-1,211.680141,50.015647,940131.689638,550020.010764,3976.548200,87.699960,114.457943
664,-1,211.319920,49.916399,940131.401581,550020.480908,3976.807300,87.699920,114.624576
665,-1,210.959970,49.818628,940131.116476,550020.952363,3977.063500,87.700138,114.789879
666,-1,210.600020,49.722162,940130.834653,550021.425788,3977.316700,87.699992,114.953297
667,-1,210.240129,49.627135,940130.555782,550021.900852,3977.566900,87.699930,115.115161
668,-1,209.879990,49.533613,940130.279536,550022.377886,3977.814000,87.700072,115.275484
669,-1,209.519991,49.441381,940130.006570,550022.856559,3978.058200,87.700016,115.434077
670,-1,209.160009,49.350595,940129.736558,550023.336873,3978.299300,87.700043,115.591012
671,-1,208.800032,49.261245,940129.469498,550023.818828,3978.537300,87.700155,115.746278
672,-1,208.439960,49.173141,940129.205719,550024.302750,3978.772300,87.699906,115.899590
673,-1,208.080051,49.086504,940128.944893,550024.787986,3979.004200,87.699898,116.051327
674,-1,207.720106,49.001274,940128.687019,550025.274861,3979.232999,87.699974,116.201358
675,-1,207.360058,48.917471,940128.436364,550025.765674,3979.454400,87.695290,116.343196
676,-1,206.999957,48.834819,940128.180459,550026.253862,3979.681400,87.699939,116.495993
677,-1,206.639915,48.753663,940127.931771,550026.745659,3979.900899,87.699982,116.640624
678,-1,206.280068,48.673831,940127.686365,550027.238768,3980.117300,87.699965,116.783397
679,-1,205.919921,48.595315,940127.443911,550027.733846,3980.330600,87.699890,116.924302
680,-1,205.560040,48.518283,940127.204411,550028.229908,3980.540700,87.700193,117.063589
681,-1,205.200017,48.442360,940126.968519,550028.727938,3980.747700,87.699852,117.200550
682,-1,204.839946,48.367953,940126.735251,550029.227281,3980.951500,87.700040,117.335985
683,-1,204.480000,48.294863,940126.505265,550029.727936,3981.152100,87.700162,117.469439
684,-1,204.119967,48.222998,940126.278559,550030.230232,3981.349600,87.700081,117.600867
685,-1,203.760026,48.152432,940126.055135,550030.733840,3981.543900,87.699931,117.730294
686,-1,203.400077,48.083289,940125.834663,550031.238760,3981.734900,87.700010,117.857865
687,-1,203.039995,48.015350,940125.617472,550031.745321,3981.922800,87.699890,117.983385
688,-1,202.680078,47.948862,940125.403233,550032.252866,3982.107399,87.700130,118.107127
689,-1,202.319999,47.883562,940125.192276,550032.762051,3982.288900,87.700172,118.228803
690,-1,201.960022,47.819459,940124.984927,550033.272549,3982.467099,87.699840,118.348139
691,-1,201.599890,47.756842,940124.780203,550033.784359,3982.642000,87.700047,118.465802
692,-1,201.240028,47.695410,940124.579088,550034.297153,3982.813700,87.699997,118.581264
693,-1,200.880067,47.635350,940124.380925,550034.811260,3982.982099,87.700181,118.694811
694,-1,200.519945,47.576384,940124.186372,550035.327007,3983.147300,87.699871,118.805964
695,-1,200.160096,47.518852,940123.994771,550035.843410,3983.309200,87.700028,118.915359
696,-1,199.799981,47.462537,940123.806452,550036.361453,3983.467800,87.700002,119.022507
697,-1,199.439987,47.407505,940123.621413,550036.880481,3983.623100,87.700018,119.127568
698,-1,199.079897,47.353716,940123.439654,550037.400821,3983.775100,87.699967,119.230453
699,-1,198.719900,47.301196,940123.261177,550037.922146,3983.923800,87.699957,119.331236
700,-1,198.359983,47.249940,940123.085981,550038.444454,3984.069200,87.699985,119.429906
701,-1,197.999926,47.199909,940122.914065,550038.968075,3984.211300,87.699947,119.526382
702,-1,197.639920,47.151164,940122.745430,550039.492681,3984.350000,87.699949,119.620665
703,-1,197.279952,47.103666,940122.580076,550040.018270,3984.485400,87.699987,119.712815
704,-1,196.920006,47.057443,940122.418003,550040.544844,3984.617400,87.700062,119.802758
705,-1,196.560069,47.012454,940122.259211,550041.072402,3984.746100,87.700172,119.890554
706,-1,196.199983,46.968563,940122.104027,550041.601272,3984.871499,87.699912,119.975902
707,-1,195.840022,46.926063,940121.951796,550042.130799,3984.993500,87.700096,120.059322
708,-1,195.480087,46.884716,940121.803175,550042.661310,3985.112100,87.700000,120.140281
709,-1,195.120103,46.844618,940121.657834,550043.192805,3985.227300,87.699942,120.219003
710,-1,194.760058,46.805766,940121.515774,550043.725284,3985.339100,87.699922,120.295485
711,-1,194.399937,46.768121,940121.376994,550044.258747,3985.447600,87.699943,120.369791
712,-1,194.039934,46.731775,940121.241496,550044.792867,3985.552600,87.700086,120.441840
713,-1,193.680088,46.696583,940121.109607,550045.327643,3985.654200,87.700029,120.511459
714,-1,193.319915,46.662561,940120.980998,550045.863731,3985.752500,87.699937,120.578834
715,-1,192.960027,46.629849,940120.855670,550046.400147,3985.847299,87.700040,120.643989
716,-1,192.600041,46.598255,940120.733951,550046.937548,3985.938700,87.699866,120.706646
717,-1,192.240058,46.568041,940120.615185,550047.475604,3986.026600,87.700129,120.767251
718,-1,191.879948,46.538905,940120.500028,550048.014645,3986.111200,87.700119,120.825421
719,-1,191.520112,46.510956,940120.388479,550048.554014,3986.192300,87.699972,120.881115
720,-1,191.160074,46.484251,940120.280212,550049.094368,3986.269900,87.699875,120.934463
721,-1,190.800029,46.458775,940120.175225,550049.635377,3986.344100,87.699895,120.985580
722,-1,190.439966,46.434525,940120.073519,550050.177043,3986.414900,87.700033,121.034463
723,-1,190.079908,46.411428,940119.975422,550050.719364,3986.482200,87.699966,121.080807
724,-1,189.720015,46.389604,940119.880606,550051.262014,3986.546000,87.700074,121.124882
725,-1,189.360097,46.368925,940119.789399,550051.805320,3986.606300,87.699973,121.166409
726,-1,189.000105,46.349463,940119.701473,550052.349282,3986.663200,87.699991,121.205690
727,-1,188.640025,46.331248,940119.616827,550052.893901,3986.716600,87.700128,121.242656
728,-1,188.280088,46.314156,940119.535791,550053.438847,3986.766600,87.700110,121.277173
729,-1,187.920066,46.298236,940119.458363,550053.984450,3986.812999,87.699889,121.309066
730,-1,187.559884,46.283631,940119.383888,550054.530708,3986.856000,87.700116,121.338943
731,-1,187.200041,46.270118,940119.313350,550055.076967,3986.895399,87.699904,121.366022
732,-1,186.840015,46.257917,940119.245765,550055.623882,3986.931400,87.700140,121.391081
733,-1,186.480082,46.246789,940119.182117,550056.171125,3986.963800,87.699891,121.413304
734,-1,186.119941,46.236972,940119.121422,550056.719024,3986.992800,87.700096,121.433510
735,-1,185.760073,46.228204,940119.064663,550057.266923,3987.018300,87.699849,121.450971
736,-1,185.399973,46.220813,940119.010857,550057.815479,3987.040200,87.700061,121.466274
737,-1,185.040096,46.214574,940118.960661,550058.364034,3987.058600,87.700141,121.479064
738,-1,184.679998,46.209465,940118.914073,550058.913246,3987.073500,87.700031,121.489295
739,-1,184.320104,46.205635,940118.875687,550059.462785,3987.080100,87.695182,121.490362
740,-1,183.959903,46.202888,940118.831068,550060.012325,3987.092800,87.700011,121.502638
741,-1,183.600093,46.201460,940118.794651,550060.561864,3987.097100,87.700121,121.505693
742,-1,183.240003,46.201130,940118.761842,550061.112060,3987.098000,87.700048,121.506263
743,-1,182.880034,46.202087,940118.732315,550061.662256,3987.095300,87.700163,121.504477
744,-1,182.519970,46.204217,940118.706396,550062.212780,3987.089000,87.700120,121.500086
745,-1,182.160008,46.207492,940118.684086,550062.763303,3987.079199,87.699933,121.493169
746,-1,181.799912,46.212015,940118.665058,550063.314155,3987.065900,87.699919,121.483955
747,-1,181.440099,46.217794,940118.649310,550063.864679,3987.049100,87.700097,121.472458
748,-1,181.079977,46.224810,940118.642092,550064.415859,3987.023800,87.695192,121.451413
749,-1,180.719993,46.232849,940118.628640,550064.966711,3987.004800,87.699990,121.441733
750,-1,180.360096,46.242238,940118.623391,550065.517563,3986.977300,87.700047,121.422754
751,-1,180.000000,46.252947,940118.626344,550066.068743,3986.941400,87.695362,121.394543
752,-1,179.639903,46.264570,940118.623391,550066.619923,3986.911800,87.700047,121.377462
753,-1,179.280006,46.277549,940118.628640,550067.170775,3986.873700,87.699990,121.351085
754,-1,178.920022,46.291855,940118.642092,550067.721627,3986.827200,87.695192,121.315482
755,-1,178.559900,46.307217,940118.649310,550068.272807,3986.786900,87.700097,121.291185
756,-1,178.200087,46.323831,940118.665058,550068.823331,3986.738100,87.699919,121.257351
757,-1,177.839991,46.341681,940118.684086,550069.374183,3986.685900,87.699933,121.221319
758,-1,177.480029,46.360863,940118.706396,550069.924706,3986.630000,87.700120,121.182869
759,-1,177.119965,46.381174,940118.732315,550070.475230,3986.570700,87.700163,121.141985
760,-1,176.759996,46.402681,940118.761842,550071.025426,3986.507800,87.700048,121.098518
761,-1,176.399906,46.425500,940118.794651,550071.575622,3986.441300,87.700121,121.052723
762,-1,176.040087,46.449549,940118.835989,550072.124833,3986.366400,87.695079,120.997452
763,-1,175.679895,46.474819,940118.875687,550072.674701,3986.292900,87.695182,120.946898
764,-1,175.320001,46.501210,940118.914073,550073.224241,3986.220700,87.700031,120.900704
765,-1,174.960048,46.532923,940118.965582,550073.772796,3986.123900,87.695181,120.830574
766,-1,174.600026,46.570293,940119.010857,550074.322007,3986.020000,87.700061,120.762664
767,-1,174.239926,46.608908,940119.064663,550074.870563,3985.907800,87.699849,120.685404
768,-1,173.880058,46.648965,940119.121422,550075.418462,3985.792000,87.700096,120.606062
769,-1,173.519917,46.690138,940119.182117,550075.966361,3985.672700,87.699891,120.524048
770,-1,173.160027,46.732772,940119.250686,550076.512948,3985.545100,87.695176,120.433124
771,-1,172.800007,46.776551,940119.317943,550077.059863,3985.418900,87.695264,120.346726
772,-1,172.439904,46.821592,940119.388809,550077.606450,3985.289099,87.695195,120.257819
773,-1,172.079933,46.867800,940119.458363,550078.153036,3985.160600,87.699889,120.173352
774,-1,171.719911,46.915507,940119.535791,550078.698639,3985.023800,87.700110,120.080028
775,-1,171.359915,46.964467,940119.621749,550079.242929,3984.878800,87.695164,119.977413
776,-1,170.999894,47.014597,940119.701473,550079.788204,3984.739800,87.699991,119.886126
777,-1,170.640048,47.066250,940119.793992,550080.331182,3984.587799,87.695281,119.779094
778,-1,170.279984,47.118985,940119.880606,550080.875472,3984.441800,87.700074,119.683205
779,-1,169.920091,47.173091,940119.975422,550081.418122,3984.287600,87.699966,119.578250
780,-1,169.560033,47.228580,940120.073519,550081.960444,3984.129900,87.700033,119.471153
781,-1,169.200039,47.285430,940120.179818,550082.501125,3983.964100,87.695199,119.355073
782,-1,168.839925,47.343402,940120.280212,550083.043119,3983.804200,87.699875,119.250102
783,-1,168.479918,47.402987,940120.393073,550083.582488,3983.631500,87.695275,119.129761
784,-1,168.120051,47.463675,940120.500028,550084.122841,3983.464700,87.700119,119.020497
785,-1,167.759888,47.525817,940120.620106,550084.660897,3983.285099,87.695110,118.895457
786,-1,167.399958,47.589165,940120.733951,550085.199938,3983.111399,87.699866,118.781744
787,-1,167.039972,47.654035,940120.855670,550085.737339,3982.929600,87.700040,118.659335
788,-1,166.680084,47.720200,940120.980998,550086.273755,3982.744300,87.699937,118.534520
789,-1,166.319911,47.787751,940121.109607,550086.809843,3982.555700,87.700029,118.407789
790,-1,165.960065,47.856692,940121.241496,550087.344619,3982.363600,87.700086,118.278848
791,-1,165.600062,47.926943,940121.376994,550087.878739,3982.168100,87.699943,118.147653
792,-1,165.239941,47.998580,940121.515774,550088.412202,3981.969300,87.699922,118.014519
793,-1,164.879896,48.071657,940121.657834,550088.944682,3981.767000,87.699942,117.879261
794,-1,164.519938,48.146264,940121.807768,550089.474864,3981.556700,87.695224,117.735327
795,-1,164.159977,48.222022,940121.951796,550090.006687,3981.352300,87.700096,117.602677
796,-1,163.800003,48.299350,940122.108620,550090.534901,3981.135299,87.695135,117.454509
797,-1,163.439930,48.377998,940122.259211,550091.065084,3980.924100,87.700172,117.317882
798,-1,163.079940,48.458187,940122.422596,550091.591330,3980.700400,87.695285,117.165760
799,-1,162.719975,48.539703,940122.584669,550092.117904,3980.477900,87.695211,117.018268
800,-1,162.360079,48.622543,940122.745430,550092.644805,3980.256599,87.699949,116.875417
801,-1,161.999961,48.707078,940122.918658,550093.168098,3980.022900,87.695173,116.717482
802,-1,161.639885,48.792956,940123.090574,550093.691719,3979.790400,87.695212,116.564213
803,-1,161.280099,48.880139,940123.261177,550094.215340,3979.559100,87.699957,116.415541
804,-1,160.919931,48.969042,940123.444248,550094.735352,3979.315500,87.695197,116.251895
805,-1,160.560012,49.059206,940123.621413,550095.257005,3979.077500,87.700018,116.099436
806,-1,160.200018,49.150922,940123.806452,550095.776033,3978.831800,87.700002,115.938570
807,-1,159.839903,49.244181,940123.994771,550096.294076,3978.582700,87.700028,115.775815
808,-1,159.480081,49.339024,940124.190637,550096.808839,3978.326000,87.695302,115.604811
809,-1,159.119932,49.435175,940124.380925,550097.326226,3978.074800,87.700181,115.444997
810,-1,158.759971,49.532833,940124.579088,550097.840333,3977.816000,87.699997,115.276725
811,-1,158.400109,49.632103,940124.780203,550098.353127,3977.553900,87.700047,115.106829
812,-1,158.039929,49.733002,940124.989192,550098.863297,3977.284199,87.695271,114.928686
813,-1,157.680050,49.835301,940125.196869,550099.373466,3977.015600,87.695176,114.755187
814,-1,157.319921,49.939076,940125.403233,550099.884620,3976.748200,87.700130,114.586691
815,-1,156.960096,50.044582,940125.621737,550100.390197,3976.468800,87.695195,114.403286
816,-1,156.599922,50.151404,940125.834663,550100.898726,3976.195000,87.700010,114.231343
817,-1,156.240028,50.260103,940126.059400,550101.401678,3975.909199,87.695234,114.044752
818,-1,155.880032,50.370114,940126.278559,550101.907254,3975.628900,87.700081,113.869492
819,-1,155.519999,50.481813,940126.505265,550102.409550,3975.341200,87.700162,113.686269
820,-1,155.160053,50.595094,940126.735251,550102.910205,3975.050200,87.700040,113.501226
821,-1,154.799982,50.709937,940126.968519,550103.409548,3974.756100,87.699852,113.314615
822,-1,154.439959,50.826544,940127.204411,550103.907578,3974.458900,87.700193,113.126912
823,-1,154.080078,50.944594,940127.443911,550104.403640,3974.158500,87.699890,112.937163
824,-1,153.719931,51.064386,940127.686365,550104.898718,3973.855000,87.699965,112.746241
825,-1,153.360084,51.185795,940127.931771,550105.391827,3973.548400,87.699982,112.553825
826,-1,153.000042,51.308834,940128.180459,550105.883624,3973.238700,87.699939,112.359932
827,-1,152.639941,51.433707,940128.436364,550106.371812,3972.921800,87.695290,112.158468
828,-1,152.279925,51.560016,940128.691284,550106.860328,3972.606000,87.695130,111.961739
829,-1,151.920061,51.688135,940128.948830,550107.347204,3972.287100,87.695344,111.763928
830,-1,151.560032,51.817802,940129.209984,550107.832439,3971.965100,87.695062,111.564371
831,-1,151.199967,51.949191,940129.469498,550108.318659,3971.644200,87.700155,111.370299
832,-1,150.839990,52.082317,940129.736558,550108.800613,3971.316100,87.700043,111.168283
833,-1,150.479941,52.217278,940130.010835,550109.278630,3970.981000,87.695173,110.958820
834,-1,150.119922,52.353856,940130.283801,550109.757304,3970.647000,87.695230,110.754548
835,-1,149.759870,52.492033,940130.555782,550110.236634,3970.313899,87.699930,110.555140
836,-1,149.399961,52.632308,940130.838590,550110.709402,3969.969900,87.695435,110.342452
837,-1,149.040066,52.774029,940131.120741,550111.182498,3969.626900,87.695131,110.134371
838,-1,148.680024,52.917702,940131.405518,550111.654282,3969.280900,87.695362,109.925585
839,-1,148.319966,53.062975,940131.693575,550112.124097,3968.932100,87.695231,109.715520
840,-1,147.960102,53.210164,940131.984257,550112.591944,3968.580200,87.695294,109.504462
841,-1,147.600010,53.359040,940132.278219,550113.058150,3968.225500,87.695167,109.292306
842,-1,147.240084,53.509778,940132.574807,550113.522388,3967.867900,87.695231,109.079320
843,-1,146.880016,53.662362,940132.874347,550113.984986,3967.507400,87.695387,108.865447
844,-1,146.519972,53.816754,940133.176840,550114.445615,3967.144000,87.695457,108.650568
845,-1,146.160115,53.972913,940133.482285,550114.903947,3966.777700,87.695259,108.434558
846,-1,145.800073,54.130924,940133.790684,550115.360639,3966.408600,87.695155,108.217793
847,-1,145.440001,54.290717,940134.097770,550115.818315,3966.040500,87.700154,108.006581
848,-1,145.080044,54.452487,940134.411745,550116.271070,3965.665700,87.700149,107.788246
849,-1,144.719951,54.616250,940134.732611,550116.719232,3965.284400,87.695328,107.563084
850,-1,144.359983,54.781818,940135.052164,550117.168050,3964.904000,87.695421,107.343337
851,-1,143.999936,54.948971,940135.371061,550117.617524,3964.524600,87.699891,107.128648
852,-1,143.639971,55.118458,940135.700129,550118.059453,3964.134999,87.695160,106.901493
853,-1,143.280021,55.289644,940136.028212,550118.502037,3963.746400,87.695072,106.679664
854,-1,142.920078,55.462838,940136.358920,550118.942653,3963.355000,87.695164,106.457352
855,-1,142.559997,55.637888,940136.692581,550119.381300,3962.961000,87.695176,106.234483
856,-1,142.200066,55.814919,940137.028866,550119.817651,3962.564199,87.695170,106.011022
857,-1,141.839968,55.993885,940137.368104,550120.252034,3962.164699,87.695086,105.787002
858,-1,141.480082,56.174638,940137.706030,550120.687072,3961.766200,87.699902,105.568646
859,-1,141.120062,56.357564,940138.050518,550121.117189,3961.361399,87.699981,105.343911
860,-1,140.760001,56.542605,940138.401567,550121.542057,3960.950400,87.695119,105.112714
861,-1,140.399965,56.729532,940138.751304,550121.967909,3960.540400,87.695359,104.887433
862,-1,140.040021,56.918355,940139.103993,550122.391137,3960.127700,87.695114,104.661392
863,-1,139.679991,57.109161,940139.455370,550122.815677,3959.715900,87.700178,104.441441
864,-1,139.320074,57.302142,940139.816918,550123.231358,3959.294700,87.695219,104.209139
865,-1,138.960067,57.497047,940140.177482,550123.648024,3958.874300,87.695108,103.982544
866,-1,138.599905,57.694024,940140.540670,550124.062722,3958.451400,87.695189,103.755983
867,-1,138.240008,57.892921,940140.902546,550124.478075,3958.029299,87.700151,103.535213
868,-1,137.879994,58.093935,940141.270984,550124.887851,3957.601299,87.699965,103.308208
869,-1,137.519917,58.297279,940141.645327,550125.292378,3957.167500,87.695342,103.075657
870,-1,137.159939,58.502460,940142.018685,550125.697561,3956.734600,87.695350,102.848829
871,-1,136.800051,58.709666,940142.394669,550126.100119,3956.299199,87.695109,102.621815
872,-1,136.440073,58.919065,940142.772949,550126.500709,3955.861399,87.695308,102.395286
873,-1,136.080009,59.130405,940143.154182,550126.898674,3955.421200,87.695020,102.168482
874,-1,135.719941,59.343869,940143.534102,550127.297951,3954.981700,87.700052,101.948007
875,-1,135.359983,59.559628,940143.923537,550127.687714,3954.533500,87.695091,101.715931
876,-1,135.000000,59.777298,940144.308379,550128.082070,3954.089200,87.700088,101.495871
877,-1,134.639884,59.997157,940144.699454,550128.470521,3953.639400,87.699964,101.270097
878,-1,134.280058,60.219186,940145.092498,550128.856347,3953.187300,87.700052,101.044862
879,-1,133.919990,60.443439,940145.491776,550129.236268,3952.729800,87.695020,100.814035
880,-1,133.559926,60.669854,940145.889741,550129.617500,3952.273000,87.695308,100.589738
881,-1,133.199897,60.898097,940146.287050,550129.999389,3951.817000,87.699986,100.371246
882,-1,132.840060,61.128868,940146.692889,550130.371764,3951.352799,87.695350,100.142237
883,-1,132.480082,61.361663,940147.098072,550130.745123,3950.889200,87.695342,99.919209
884,-1,132.119996,61.596490,940147.505879,550131.115857,3950.423500,87.695088,99.696624
885,-1,131.759962,61.833651,940147.915655,550131.484295,3949.955500,87.695274,99.475022
886,-1,131.400094,62.072865,940148.327728,550131.849779,3949.485400,87.695189,99.253910
887,-1,131.040094,62.314329,940148.742097,550132.212968,3949.013100,87.695324,99.033707
888,-1,130.679925,62.557933,940149.159091,550132.573531,3948.538600,87.695219,98.814045
889,-1,130.319900,62.803754,940149.578054,550132.931470,3948.062000,87.695304,98.595386
890,-1,129.959978,63.051681,940149.999313,550133.286456,3947.583300,87.695114,98.377353
891,-1,129.600034,63.301914,940150.422540,550133.639146,3947.102499,87.695359,98.160616
892,-1,129.239998,63.554223,940150.848392,550133.988883,3946.619600,87.695119,97.944389
893,-1,128.879915,63.808861,940151.276213,550134.336323,3946.134600,87.695318,97.729537
894,-1,128.519917,64.065374,940151.703377,550134.684419,3945.650299,87.699902,97.520874
895,-1,128.160031,64.324457,940152.138416,550135.022345,3945.158700,87.695086,97.302539
896,-1,127.799933,64.585621,940152.572798,550135.361583,3944.667700,87.695170,97.090885
897,-1,127.440002,64.848973,940153.009149,550135.697869,3944.174700,87.695176,96.880337
898,-1,127.079921,65.114536,940153.447796,550136.031530,3943.679699,87.695164,96.670987
899,-1,126.719978,65.382199,940153.888412,550136.362238,3943.182900,87.695072,96.462900
900,-1,126.360028,65.652141,940154.330997,550136.690321,3942.684100,87.695160,96.256267
901,-1,125.999888,65.924271,940154.775878,550137.015780,3942.183399,87.695236,96.050993
902,-1,125.640016,66.198626,940155.222399,550137.338286,3941.680800,87.695421,95.847228
903,-1,125.279963,66.474879,940155.668593,550137.661776,3941.178799,87.700058,95.649992
904,-1,124.920022,66.753764,940156.122004,550137.974767,3940.670100,87.695418,95.443820
905,-1,124.560045,67.034608,940156.574759,550138.288743,3940.162000,87.695422,95.244429
906,-1,124.199926,67.317561,940157.029810,550138.599766,3939.652100,87.695155,95.046392
907,-1,123.839884,67.602723,940157.486502,550138.908164,3939.140499,87.695259,94.850377
908,-1,123.479996,67.813392,940109.568291,550212.358149,3974.527700,175.390460,189.414955
909,-1,123.120042,68.002488,940110.489221,550212.963134,3973.853500,175.390499,189.161428
910,-1,122.760005,68.192495,940111.414088,550213.562543,3973.177900,175.390641,188.909540
911,-1,122.399989,68.390157,940112.342892,550214.155717,3972.476800,175.390334,188.649927
912,-1,122.040044,68.704790,940113.274977,550214.743314,3971.365000,175.390484,188.243447
913,-1,121.680033,69.021525,940114.210998,550215.325006,3970.250499,175.390463,187.841540
914,-1,121.320031,69.340410,940115.150629,550215.900792,3969.133200,175.390445,187.444414
915,-1,120.960025,69.661428,940116.088947,550216.478875,3968.016699,175.399996,187.062369
916,-1,120.600000,69.984451,940117.040717,550217.034648,3966.890799,175.390420,186.665031
917,-1,120.240035,70.309619,940117.990846,550217.592718,3965.765700,175.390580,186.283088
918,-1,119.879984,70.636794,940118.944913,550218.144554,3964.638100,175.390297,185.905922
919,-1,119.520005,70.966081,940119.901932,550218.690813,3963.508000,175.390631,185.534610
920,-1,119.160056,71.297354,940120.862560,550219.230510,3962.375400,175.390400,185.168114
921,-1,118.799965,71.630636,940121.826797,550219.764630,3961.240500,175.390465,184.807389
922,-1,118.440011,71.965893,940122.793986,550220.292516,3960.103300,175.390570,184.452267
923,-1,118.080001,72.303144,940123.760192,550220.822699,3958.966700,175.400086,184.112633
924,-1,117.720024,72.642269,940124.738536,550221.329915,3957.822000,175.390550,183.758801
925,-1,117.359963,72.983312,940125.715897,550221.839429,3956.678100,175.390430,183.420668
926,-1,116.999980,73.326294,940126.696210,550222.342709,3955.531900,175.390342,183.088428
927,-1,116.640015,73.671141,940127.679475,550222.840083,3954.383700,175.390574,182.762518
928,-1,116.280052,74.017776,940128.666022,550223.330896,3953.233500,175.390393,182.442304
929,-1,115.919982,74.366268,940129.655849,550223.815803,3952.081200,175.390388,182.128396
930,-1,115.560032,74.716573,940130.648301,550224.294476,3950.926900,175.390555,181.820886
931,-1,115.199994,75.068591,940131.644034,550224.766916,3949.770800,175.390606,181.519620
932,-1,114.839950,75.405583,940169.482213,550145.650933,3925.833799,87.695343,90.619289
933,-1,114.480073,75.742779,940169.982868,550145.880591,3925.283500,87.695166,90.482023
934,-1,114.120019,76.081740,940170.485164,550146.107297,3924.732000,87.695084,90.347704
935,-1,113.759971,76.422475,940170.988772,550146.331050,3924.179300,87.695234,90.216500
936,-1,113.400003,76.764861,940171.493692,550146.551522,3923.625499,87.695314,90.088176
937,-1,113.039903,77.108865,940172.000253,550146.768713,3923.070600,87.695195,89.962638
938,-1,112.680048,77.454512,940172.507798,550146.982623,3922.514600,87.695133,89.840169
939,-1,112.319999,77.801653,940173.015015,550147.198174,3921.958799,87.700172,89.726007
940,-1,111.960070,78.150675,940173.527153,550147.401258,3921.399300,87.695271,89.604659
941,-1,111.599998,78.501056,940174.038963,550147.605653,3920.840100,87.695172,89.491410
942,-1,111.240039,78.852985,940174.551757,550147.807097,3920.279899,87.695428,89.381670
943,-1,110.879935,79.206273,940175.066192,550148.004931,3919.718800,87.695188,89.274656
944,-1,110.520001,79.314125,938976.713929,553351.307579,4564.911900,3507.809786,3569.713834
945,-1,110.160001,79.364650,938997.379899,553358.968325,4561.709000,3507.809566,3569.121110
946,-1,109.800001,79.403878,939018.093440,553366.499478,4559.223000,3507.809779,3568.663345
947,-1,109.439997,79.432055,939038.854225,553373.900054,4557.437699,3507.809615,3568.335326
948,-1,109.079997,79.449237,939059.598606,553381.350170,4556.384700,3508.000115,3568.329633
949,-1,108.720001,79.532577,939080.512606,553388.309146,4551.071300,3507.809490,3567.173087
950,-1,108.359998,79.561278,939073.786242,553478.548467,4565.410699,3595.504754,3656.014548
951,-1,108.000002,79.600552,939095.249454,553485.597009,4562.862800,3595.504848,3655.553860
952,-1,107.639998,79.630046,939116.756956,553492.510709,4560.949800,3595.504956,3655.209136
953,-1,107.279998,79.662232,939138.249368,553499.475262,4558.898200,3595.700049,3655.032324
954,-1,106.919997,79.724562,939159.899915,553505.931614,4554.821800,3595.504851,3654.110944
955,-1,106.559999,79.786451,939156.538701,553596.496393,4566.611500,3683.200205,3742.505040
956,-1,106.199998,79.832796,939178.741741,553603.022627,4563.535999,3683.200152,3741.960872
957,-1,105.839999,79.871485,939200.985134,553609.409097,4560.969200,3683.200033,3741.508513
958,-1,105.479998,79.902788,939223.215077,553615.848389,4558.928499,3683.399812,3741.346866
959,-1,105.119998,79.975828,939245.590360,553621.762419,4554.049799,3683.199999,3740.297859
960,-1,104.759998,80.086492,939245.555911,553712.728116,4562.078500,3771.100038,3828.260697
961,-1,104.400000,80.215097,939268.538149,553718.494509,4553.323500,3770.895381,3826.561463
962,-1,104.040001,80.343731,939291.505295,553724.314707,4544.609100,3770.895464,3825.090174
963,-1,103.680002,80.446454,939293.768742,553815.197728,4552.414200,3858.590553,3912.858272
964,-1,103.320000,80.513819,939297.139142,553906.193609,4562.403300,3946.285838,4000.997954
965,-1,102.960001,80.512060,939321.285091,553911.830408,4562.527900,3946.285924,4001.018576
966,-1,102.599999,80.564625,939345.466145,553917.315306,4558.806900,3946.285897,4000.406863
967,-1,102.240001,80.616682,939369.680991,553922.647972,4555.122900,3946.285726,3999.804409
968,-1,101.879998,80.663301,939393.885011,553928.038381,4551.860000,3946.500078,3999.485238
969,-1,101.520000,80.648372,939400.695365,554018.785575,4567.322700,4033.981179,4088.316133
970,-1,101.160002,80.676258,939425.546693,554023.769161,4565.306200,4033.980939,4087.988713
971,-1,100.799997,80.731080,939450.429189,554028.596907,4561.342999,4033.981029,4087.348584
972,-1,100.439998,80.777625,939475.341213,554033.268158,4557.979100,4033.981120,4086.808204
973,-1,100.079998,80.820352,939500.282108,554037.782584,4554.891900,4033.981005,4086.314452
974,-1,99.720000,80.843796,939510.407088,554128.797166,4567.369100,4121.899974,4175.098285
975,-1,99.360002,80.873697,939535.983808,554132.868680,4565.126399,4121.676191,4174.521050
976,-1,99.000001,80.898492,939561.549374,554137.000234,4563.296800,4121.676183,4174.231237
977,-1,98.639998,80.919780,939587.140530,554140.971354,4561.726200,4121.676433,4173.983328
978,-1,98.279999,80.976313,939612.755964,554144.781058,4557.556200,4121.676168,4173.327001
979,-1,97.920001,81.016983,939626.311055,554235.288751,4568.420000,4209.371429,4261.641890
980,-1,97.559998,81.023421,939652.488497,554239.077457,4567.971300,4209.600094,4261.797717
981,-1,97.199999,81.035243,939678.747630,554242.248055,4567.045000,4209.371455,4261.427438
982,-1,96.839998,81.081551,939704.997578,554245.480660,4563.558699,4209.371669,4260.885782
983,-1,96.480000,81.123701,939731.267210,554248.547911,4560.386100,4209.371540,4260.394963
984,-1,96.119998,81.162049,939757.555872,554251.450136,4557.500400,4209.371470,4259.950581
985,-1,95.760000,81.187993,939783.861921,554254.187335,4555.548400,4209.371641,4259.651279
986,-1,95.400001,81.163699,939785.426223,554518.676964,4598.274699,4472.457151,4526.177182
987,-1,95.039998,81.127714,939813.411075,554521.233717,4601.151900,4472.457234,4526.620128
988,-1,94.679998,81.078422,939834.256178,554611.017330,4618.860400,4560.152455,4615.998974
989,-1,94.319998,81.020280,939862.820097,554613.265357,4623.602700,4560.152454,4616.736797
990,-1,93.959999,80.979589,939891.380407,554615.580969,4626.961800,4560.400149,4617.506925
991,-1,93.600000,80.938717,939919.987305,554617.222698,4630.257800,4560.152378,4617.780161
992,-1,93.239999,80.906080,939948.588626,554618.932013,4632.921700,4560.152441,4618.200513
993,-1,92.880002,80.886193,939977.199789,554620.461537,4634.545199,4560.152472,4618.457421
994,-1,92.519998,80.866710,940005.820467,554621.811272,4636.135800,4560.152490,4618.709650
995,-1,92.159998,80.838427,940031.143579,554710.613916,4652.588399,4647.847592,4707.905055
996,-1,91.800000,80.817837,940060.329216,554711.623100,4654.302200,4647.847791,4708.178425
997,-1,91.440000,80.789544,940087.317023,554800.116033,4670.877400,4735.542826,4797.395289
998,-1,91.080001,80.754453,940117.064011,554800.770560,4673.854300,4735.543076,4797.872922
999,-1,90.720000,80.722924,940146.814608,554801.237750,4676.529500,4735.542906,4798.303294
1000,-1,90.360001,80.691702,940176.567501,554801.518262,4679.179099,4735.542994,4798.731233
1001,-1,90.000000,80.663370,940206.321706,554801.611765,4681.583900,4735.543022,4799.120815
