"OBJECTID","FEATURE_ID","HORIZ_ANG","ZENITH_ANG","VERTEX_X","VERTEX_Y","VERTEX_Z","DIST_2D","DIST_3D"
1,-1,90.000000,90.698256,935378.604984,550341.247983,3258.523800,3157.028790,3157.263246
2,-1,89.639998,90.591106,935398.442215,550341.356906,3264.426800,3157.200035,3157.368061
3,-1,89.280000,90.483908,935418.278461,550341.169899,3270.334300,3157.199986,3157.312593
4,-1,88.920000,90.369165,935439.766279,550428.542756,3276.092300,3244.900012,3244.967368
5,-1,88.559997,90.253878,935460.149768,550428.094266,3282.621700,3244.899851,3244.931706
6,-1,88.200000,90.111076,935486.039152,550602.831449,3290.369200,3420.299967,3420.306394
7,-1,87.840000,89.854547,935695.908811,555596.980581,3318.372099,8418.743131,8418.770259
8,-1,87.480000,89.577373,935744.905432,555507.210420,3358.452800,8331.047893,8331.274539
9,-1,87.120001,89.363817,935797.215367,555505.195988,3389.512500,8331.499834,8332.013445
10,-1,86.759999,89.172029,935849.489213,555502.401702,3417.405300,8331.499999,8332.369991
11,-1,86.399999,88.991545,935901.715814,555498.827563,3443.648700,8331.047791,8332.338395
12,-1,86.039999,88.838297,935947.922087,555408.337258,3464.170300,8243.800090,8245.494881
13,-1,85.679999,88.681471,935992.944635,555316.705551,3484.716600,8155.657398,8157.817423
14,-1,85.319999,88.496533,936036.910754,555225.718529,3508.767000,8068.399969,8071.178559
15,-1,84.959999,88.286623,936095.128157,555308.784636,3540.973199,8156.100116,8159.748282
16,-1,84.599999,88.001232,936137.908583,555216.811394,3578.580900,8068.400055,8073.312037
17,-1,84.240000,87.754249,936179.561715,555124.624899,3609.969800,7980.700124,7986.834452
18,-1,83.879999,87.577604,936220.086897,555032.235320,3630.905400,7892.999997,7900.059605
19,-1,83.520000,87.405654,936259.482815,554939.653484,3650.664699,7805.299918,7813.308232
20,-1,83.160000,87.247005,936308.143479,554933.545229,3672.304000,7804.876414,7813.894607
21,-1,82.800000,87.099266,936356.868447,554927.972077,3692.499600,7805.300003,7815.313690
22,-1,82.439999,86.958894,936417.042540,555008.610367,3716.333000,7893.000052,7904.131197
23,-1,82.080000,86.823563,936478.267811,555088.794590,3739.898000,7980.699878,7992.979994
24,-1,81.719998,86.593844,936603.690460,555602.444153,3803.320100,8506.899900,8521.954351
25,-1,81.360000,86.466056,936630.209436,555421.171222,3811.530799,8331.500011,8347.372903
26,-1,80.999999,86.349491,936681.868125,555412.698142,3828.518800,8331.047991,8347.986157
27,-1,80.640001,86.236958,936733.616382,555404.793302,3844.980000,8331.500140,8349.501581
28,-1,80.279999,86.128255,936785.240950,555396.117138,3860.857000,8331.500022,8350.558504
29,-1,79.919998,86.035386,936836.809745,555387.116828,3874.424600,8331.499910,8351.485491
30,-1,79.559999,85.946882,936872.429096,555291.544841,3881.143200,8243.800073,8264.469912
31,-1,79.199999,85.868054,936939.772465,555368.145409,3898.878600,8331.499999,8353.211962
32,-1,78.839999,85.779497,936991.162454,555358.174957,3911.824600,8331.500131,8354.154878
33,-1,78.480000,85.632515,937130.061455,555777.548134,3966.808500,8770.000118,8795.541228
34,-1,78.120000,85.519182,937202.074106,555852.195294,3991.132300,8857.700003,8884.856160
35,-1,77.759999,85.397039,937256.500506,555840.567037,4010.134300,8857.700017,8886.360904
36,-1,77.399999,85.275470,937310.852432,555828.597244,4029.053400,8857.700159,8887.899318
37,-1,77.040000,85.155774,937384.796510,555901.751954,4055.120100,8945.400040,8977.467793
38,-1,76.679999,85.014013,937439.530652,555888.974748,4077.416500,8945.400153,8979.378253
39,-1,76.320000,84.871314,937494.183102,555875.853711,4099.870200,8945.400013,8981.357467
40,-1,75.959999,84.729655,937570.028095,555947.469710,4130.259900,9033.099960,9071.450653
41,-1,75.600000,84.640950,937603.114643,555848.112625,4136.093599,8944.914345,8984.184476
42,-1,75.239998,84.539081,936294.684189,550661.266372,3640.751300,3595.699959,3612.094012
43,-1,74.879998,84.396751,936316.512885,550655.441908,3649.767300,3595.699984,3612.963208
44,-1,74.520001,84.213125,936361.711614,550733.998838,3670.293600,3683.399812,3702.267182
45,-1,74.160001,84.021663,936383.996018,550727.751803,3682.732900,3683.399855,3703.542137
46,-1,73.800001,83.831196,936406.240724,550721.365005,3695.116200,3683.400021,3704.852523
47,-1,73.440000,83.627918,936453.441089,550798.900611,3718.136100,3771.099894,3794.542136
48,-1,73.080002,83.405720,936476.131332,550792.076149,3732.949600,3771.100092,3796.214952
49,-1,72.719998,83.180065,936498.778597,550785.108972,3748.007199,3771.100121,3797.973620
50,-1,72.360001,82.969248,936521.381242,550777.999734,3762.087499,3771.100125,3799.671372
51,-1,71.999998,82.772865,936516.838272,550687.340794,3764.094000,3683.400057,3712.898165
52,-1,71.640001,82.638973,936511.140449,550596.698915,3761.487800,3595.504754,3625.383201
53,-1,71.279998,82.487712,936532.622033,550589.700570,3771.167400,3595.700038,3626.829674
54,-1,70.920002,82.344425,936525.328084,550499.500619,3768.530799,3508.000115,3539.548856
55,-1,70.560002,82.223023,936546.135785,550492.229964,3776.100200,3507.999920,3540.564989
56,-1,70.199998,82.101950,936596.538900,550567.160589,3795.792800,3595.504904,3629.937985
57,-1,69.839999,81.981723,936587.612408,550477.297579,3791.158400,3508.000031,3542.634153
58,-1,69.479998,81.866324,936608.212761,550469.458028,3798.338900,3507.809786,3543.454555
59,-1,69.120001,81.768745,936628.897759,550461.845182,3804.464000,3508.000022,3544.514616
60,-1,68.759999,81.667741,936681.238534,550535.667213,3823.623600,3595.699932,3634.059771
61,-1,68.400002,81.566912,936702.270316,550527.416574,3830.088699,3595.700021,3635.002366
62,-1,68.039997,81.469712,936723.250261,550519.033716,3836.324299,3595.700047,3635.922102
63,-1,67.679999,81.375009,936744.176728,550510.519298,3842.402800,3595.700012,3636.828672
64,-1,67.319999,81.284787,936765.049390,550501.873646,3848.196500,3595.700093,3637.702124
65,-1,66.959999,81.195190,936785.867261,550493.096760,3853.952800,3595.699915,3638.578610
66,-1,66.599999,81.092431,936911.119307,550725.650757,3901.794200,3858.800031,3905.907539
67,-1,66.239997,80.953019,936933.256074,550715.760029,3911.384400,3858.590506,3907.197062
68,-1,65.879998,80.783541,936991.338635,550786.156542,3937.357000,3946.500031,3998.114504
69,-1,65.519999,80.612358,937013.938327,550775.952494,3949.464300,3946.500127,4000.071614
70,-1,65.159998,80.448855,937036.473387,550765.606386,3961.039600,3946.499952,4001.975820
71,-1,64.800000,80.322647,937021.602026,550675.765686,3955.027000,3858.799839,3914.503255
72,-1,64.440000,80.164693,937043.507494,550665.373647,3965.979500,3858.799905,3916.359314
73,-1,64.079999,80.064596,937065.347345,550654.844140,3972.925700,3858.799985,3917.551898
74,-1,63.719998,79.939706,937048.290621,550565.542154,3966.039200,3771.099985,3829.988061
75,-1,63.360000,79.839963,937069.502849,550554.984432,3972.812800,3771.099825,3831.176951
76,-1,63.000000,79.740654,937090.648476,550544.293836,3979.561200,3771.099910,3832.373197
77,-1,62.639999,79.641747,937111.632686,550533.288937,3986.249100,3770.895540,3833.368948
78,-1,62.280001,79.528560,937173.432431,550599.964329,4010.158200,3858.590468,3923.941261
79,-1,61.919999,79.417755,937194.957322,550588.804574,4017.917200,3858.800000,3925.564806
80,-1,61.560000,79.308530,937216.312923,550577.324938,4025.532800,3858.799952,3926.970475
81,-1,61.199999,79.111164,937406.595351,550873.119950,4106.790599,4209.600186,4286.781374
82,-1,60.839999,78.889508,937429.733100,550860.304687,4123.691200,4209.599876,4290.005764
83,-1,60.479998,78.679712,937452.790140,550847.344740,4139.711300,4209.600080,4293.121844
84,-1,60.119998,78.470766,937475.765160,550834.240107,4155.689799,4209.600157,4296.286961
85,-1,59.759999,78.318303,937498.657174,550820.991118,4167.363900,4209.599901,4298.635207
86,-1,59.399998,78.166096,937476.822900,550732.111702,4160.655600,4121.900009,4211.408396
87,-1,59.040002,78.031241,937499.073184,550718.858448,4170.788100,4121.900054,4213.498036
88,-1,58.680000,77.909203,937521.240134,550705.465430,4179.966300,4121.900102,4215.411005
89,-1,58.320001,77.772091,937589.260011,550766.371148,4209.244800,4209.371483,4307.087050
90,-1,57.959998,77.638887,937611.844940,550752.604115,4219.545800,4209.599941,4309.503732
91,-1,57.599999,77.506411,937634.221536,550738.502109,4229.751699,4209.600110,4311.700223
92,-1,57.239998,77.374662,937656.385533,550724.067427,4239.860700,4209.371658,4313.675469
93,-1,56.879998,77.257279,937678.706683,550709.877167,4248.973000,4209.599978,4315.899045
94,-1,56.519999,77.139588,937700.813594,550695.355870,4258.066400,4209.600171,4317.914106
95,-1,56.160000,77.018201,937771.666471,550753.538825,4287.672000,4297.299840,4410.013257
96,-1,55.799998,76.872218,937794.046019,550738.432556,4299.209800,4297.300086,4412.619688
97,-1,55.440001,76.713471,937816.329767,550723.185867,4311.771900,4297.299995,4415.489696
98,-1,55.079998,76.538141,937838.517715,550707.799415,4325.665400,4297.300109,4418.703513
99,-1,54.719999,76.347312,937860.608222,550692.273855,4340.810200,4297.300035,4422.253648
100,-1,54.360001,76.184662,937882.600632,550676.609845,4353.737899,4297.299928,4425.322775
101,-1,54.000001,76.038672,937904.357478,550660.619391,4365.299000,4297.066907,4427.871583
102,-1,53.640000,75.914251,937926.150414,550644.681103,4375.212400,4297.066947,4430.273844
103,-1,53.280000,75.834461,937947.982063,550628.793011,4381.634300,4297.300009,4432.067117
104,-1,52.919997,75.751850,937969.574211,550612.581101,4388.227400,4297.299957,4433.685166
105,-1,52.559997,75.673868,937991.063998,550596.234021,4394.455500,4297.300000,4435.222189
106,-1,52.200000,75.621297,938066.202299,550649.048876,4421.139400,4384.999894,4526.799472
107,-1,51.839998,75.546926,938087.919447,550632.093858,4427.207299,4384.999951,4528.310183
108,-1,51.480001,75.471911,938109.529312,550615.003013,4433.331900,4385.000035,4529.842767
109,-1,51.120000,75.402278,938131.031566,550597.776341,4439.020699,4384.999942,4531.273085
110,-1,50.759999,75.338437,938207.901491,550648.338904,4467.184299,4472.699867,4623.242952
111,-1,50.399998,75.272616,938229.611421,550630.493795,4472.676000,4472.700118,4624.636245
112,-1,50.039999,75.208582,938251.208491,550612.512532,4478.021599,4472.700094,4625.998071
113,-1,49.680001,75.160636,938272.692044,550594.395770,4482.026199,4472.699878,4627.021860
114,-1,49.319998,75.117195,938351.227648,550642.652892,4508.963200,4560.400109,4718.697273
115,-1,48.960001,75.100385,938372.898536,550623.907194,4510.395699,4560.399920,4719.065220
116,-1,48.599999,75.100095,938394.287929,550604.839975,4510.354600,4560.152428,4718.815482
117,-1,48.239999,75.090543,938357.476323,550520.590144,4487.884000,4472.700032,4628.525713
118,-1,47.879999,75.113273,938378.380480,550501.807701,4485.984000,4472.700140,4628.037326
119,-1,47.519997,75.133330,938399.166200,550482.894025,4484.307800,4472.700047,4627.606889
120,-1,47.160000,75.141830,938419.832497,550463.850428,4483.597500,4472.700060,4627.424711
121,-1,46.799998,75.138899,938440.212706,550444.500073,4483.778000,4472.457184,4627.236247
122,-1,46.439999,75.170524,938460.804200,550425.375111,4481.200200,4472.699822,4626.810328
123,-1,46.080001,75.221082,938481.107965,550405.945360,4476.977799,4472.699883,4625.731494
124,-1,45.719999,75.222077,938440.060475,550323.600708,4453.759600,4385.000117,4535.010342
125,-1,45.360001,75.246048,938459.557812,550304.133884,4451.734900,4384.762024,4534.264074
126,-1,45.000000,75.283181,938479.268074,550284.882282,4448.759000,4384.999794,4533.737088
127,-1,44.639999,75.310127,938436.287189,550203.716762,4423.563700,4297.299854,4442.514131
128,-1,44.279999,75.306971,938455.198896,550184.445475,4423.816700,4297.300065,4442.578499
129,-1,43.919999,75.329891,938473.988885,550165.055422,4421.979600,4297.299864,4442.112698
130,-1,43.560000,75.292243,938429.104788,550085.112668,4401.977000,4209.599983,4352.207048
131,-1,43.199998,75.246002,938447.271419,550065.888625,4405.609300,4209.600029,4353.130711
132,-1,42.839997,75.224229,938401.010356,549986.918967,4384.188400,4121.900079,4262.867448
133,-1,42.480000,75.196281,938418.560190,549967.873401,4386.339100,4121.899854,4263.416246
134,-1,42.119999,75.173400,938435.990273,549948.717928,4388.100300,4121.899813,4263.866547
135,-1,41.759998,75.178148,938453.299950,549929.453531,4387.734900,4121.900133,4263.773367
136,-1,41.400000,75.219798,938470.319929,549909.932572,4384.470300,4121.676204,4262.722884
137,-1,41.039998,75.272748,938487.553819,549890.599934,4380.455900,4121.899996,4261.916970
138,-1,40.679999,75.318713,938437.988629,549813.846807,4353.944399,4034.200004,4170.359833
139,-1,40.319998,75.361089,938454.450538,549794.572239,4350.756500,4034.199908,4169.552933
140,-1,39.959999,75.423388,938403.569735,549718.869306,4323.266200,3946.500088,4077.754928
141,-1,39.599998,75.456406,938351.861505,549643.910795,4298.086500,3858.799958,3986.541270
142,-1,39.239998,75.491397,938367.257471,549625.180845,4295.571700,3858.800005,3985.910551
143,-1,38.880000,75.525129,938245.992950,549496.257547,4247.868600,3683.399937,3804.153808
144,-1,38.519997,75.508693,938260.463393,549478.195575,4248.995800,3683.399997,3804.435771
145,-1,38.160002,75.504323,938274.819664,549460.043380,4249.295499,3683.399952,3804.510734
146,-1,37.799997,75.557375,938289.062090,549441.800963,4245.657800,3683.400061,3803.601929
147,-1,37.439999,75.602023,938233.556295,549370.154124,4220.083499,3595.700003,3712.296010
148,-1,37.079997,75.675007,938317.201141,549405.049724,4237.598199,3683.400008,3801.599742
149,-1,36.720002,75.738869,938331.096782,549386.542543,4233.226200,3683.400054,3800.520419
150,-1,36.360000,75.822273,938344.715193,549367.829654,4227.469600,3683.200296,3798.912752
151,-1,35.999998,75.971575,938358.376583,549349.149901,4217.266000,3683.200206,3796.426381
152,-1,35.640000,76.153423,938372.082593,549330.501317,4204.905400,3683.399944,3793.643020
153,-1,35.279998,76.273956,938242.323010,549210.344077,4153.847700,3507.999854,3611.128765
154,-1,34.919999,76.400095,938254.996869,549192.310976,4145.668300,3507.999841,3609.196693
155,-1,34.560000,76.426514,937689.767028,548776.202884,3974.565100,2806.400198,2887.035943
156,-1,34.200000,76.422980,937699.724029,548761.650092,3974.748300,2806.400161,2887.078908
157,-1,33.839996,76.456471,937636.746137,548698.196807,3951.887000,2718.699999,2796.463242
158,-1,33.479997,76.474869,937646.213966,548683.978659,3950.963399,2718.699864,2796.246964
159,-1,33.119998,76.501616,937655.592556,548669.701457,3949.621000,2718.700050,2795.933499
160,-1,32.759999,76.569158,937591.010008,548607.831830,3925.255300,2630.857072,2704.831539
161,-1,32.399999,76.623591,937525.984219,548546.987464,3901.793000,2543.300010,2614.220632
162,-1,32.039997,76.669197,937534.504215,548533.468134,3899.654500,2543.299865,2613.726582
163,-1,31.680002,76.723573,937542.821784,548519.823476,3897.073300,2543.162040,2612.998493
164,-1,31.319998,76.772838,937476.368505,548460.682518,3874.183999,2455.599807,2522.520918
165,-1,30.959997,76.825966,937484.347492,548447.476836,3871.781800,2455.600004,2521.972541
166,-1,30.599999,76.929103,937492.243145,548434.221285,3867.121300,2455.600030,2520.914478
167,-1,30.239995,77.040426,937500.055465,548420.916193,3862.095300,2455.600052,2519.782593
168,-1,29.879990,77.025902,935530.689325,547271.600907,3337.410800,175.400145,179.995121
169,-1,29.519991,76.921372,935531.235256,547270.643560,3337.747900,175.400032,180.070993
170,-1,29.160056,76.817727,935531.766751,547269.678338,3338.080200,175.390400,180.137101
171,-1,28.799989,76.714779,935532.309073,547268.718695,3338.414999,175.399865,180.222959
172,-1,28.440054,76.612725,935532.836959,547267.751505,3338.745000,175.399969,180.299180
173,-1,28.080001,76.513446,935533.358940,547266.780706,3339.066300,175.400086,180.373956
174,-1,27.720024,76.418653,935533.866156,547265.802362,3339.371000,175.390550,180.435991
175,-1,27.359963,76.324448,935534.375670,547264.825002,3339.676300,175.390430,180.507810
176,-1,27.000052,76.230866,935534.887480,547263.849282,3339.982200,175.400027,180.589698
177,-1,26.640011,76.138093,935535.384854,547262.865688,3340.283400,175.400111,180.661705
178,-1,26.280068,76.046052,935535.875667,547261.879141,3340.582400,175.399930,180.733397
179,-1,25.920017,75.954712,935536.360574,547260.889314,3340.879400,175.399925,180.805242
180,-1,25.559990,75.864123,935536.839248,547259.896534,3341.174199,175.399949,180.877036
181,-1,25.199994,75.774350,935537.303157,547258.896864,3341.464200,175.390606,180.939023
182,-1,24.839946,75.685100,935537.777894,547257.902115,3341.757500,175.400081,181.020502
183,-1,24.480044,75.596651,935538.237539,547256.900805,3342.046000,175.400026,181.091997
184,-1,24.120010,75.508937,935538.690950,547255.896214,3342.332299,175.399863,181.163267
185,-1,23.759971,75.422088,935539.129597,547254.885061,3342.613600,175.390468,181.224769
186,-1,23.400003,75.335848,935539.570541,547253.875220,3342.895600,175.390629,181.296108
187,-1,23.039954,75.250240,935540.013782,547252.866036,3343.178199,175.400083,181.376998
188,-1,22.679979,75.165475,935540.441931,547251.850618,3343.455800,175.400134,181.447922
189,-1,22.320040,75.081436,935540.863518,547250.832576,3343.731199,175.400041,181.518538
190,-1,21.959982,74.998136,935541.278871,547249.811580,3344.004400,175.399985,181.589010
191,-1,21.600029,74.915569,935541.687663,547248.788288,3344.275400,175.399910,181.659274
192,-1,21.240028,74.833748,935542.090221,547247.762372,3344.544200,175.399995,181.729495
193,-1,20.880005,74.752649,935542.486218,547246.733831,3344.810800,175.399939,181.799371
194,-1,20.520056,74.672433,935542.866795,547245.699712,3345.072100,175.390412,181.859076
195,-1,20.159987,74.592831,935543.249996,547244.666249,3345.334200,175.390497,181.928616
196,-1,19.799953,74.513987,935543.626636,547243.630490,3345.594000,175.390558,181.997870
197,-1,19.439987,74.435785,935544.005572,547242.595715,3345.854500,175.400036,182.076728
198,-1,19.079999,74.358423,935544.369088,547241.555363,3346.109800,175.400042,182.145401
199,-1,18.720002,74.281813,935544.726043,547240.512714,3346.362800,175.400019,182.213756
200,-1,18.359979,74.206063,935545.067578,547239.464816,3346.610500,175.390632,182.271983
201,-1,18.000028,74.130854,935545.420267,547238.420855,3346.861900,175.399997,182.349576
202,-1,17.640013,74.056575,935545.748350,547237.368692,3347.105000,175.390348,182.406922
203,-1,17.279952,73.982897,935546.088245,547236.320137,3347.351800,175.399974,182.484122
204,-1,16.920006,73.910055,935546.412391,547235.266990,3347.593299,175.400124,182.551049
205,-1,16.559997,73.837930,935546.729648,547234.211546,3347.832500,175.399937,182.617307
206,-1,16.199983,73.766586,935547.040343,547233.154133,3348.069300,175.399824,182.683255
207,-1,15.840051,73.695971,935547.344476,547232.095080,3348.303900,175.399876,182.749027
208,-1,15.479984,73.626157,935547.642047,547231.033731,3348.535999,175.399914,182.814357
209,-1,15.120030,73.557191,935547.923871,547229.968444,3348.762700,175.390648,182.869507
210,-1,14.760031,73.488767,935548.217178,547228.906110,3348.993300,175.400162,182.944035
211,-1,14.399956,73.421259,935548.485222,547227.836887,3349.215300,175.390417,182.997912
212,-1,14.039960,73.354371,935548.765077,547226.770944,3349.441100,175.399853,183.071509
213,-1,13.679964,73.288424,935549.019997,547225.698768,3349.658300,175.390512,183.124898
214,-1,13.319980,73.223117,935549.277215,547224.627247,3349.876300,175.390482,183.187675
215,-1,12.959969,73.158588,935549.527870,547223.554087,3350.091900,175.390612,183.250148
216,-1,12.600018,73.094710,935549.780823,547222.481582,3350.308300,175.400052,183.321993
217,-1,12.239976,73.031677,935550.017699,547221.405141,3350.519100,175.399867,183.383226
218,-1,11.879970,72.969455,935550.248013,547220.327387,3350.727400,175.399918,183.444173
219,-1,11.520007,72.907952,935550.471438,547219.248321,3350.933399,175.399880,183.504576
220,-1,11.159948,72.847222,935550.688301,547218.167615,3351.137000,175.400009,183.564643
221,-1,10.800009,72.787244,935550.898275,547217.085924,3351.338200,175.400114,183.624181
222,-1,10.439966,72.728035,935551.101358,547216.002593,3351.536900,175.400067,183.683034
223,-1,10.080014,72.669576,935551.297552,547214.918277,3351.733200,175.399991,183.741340
224,-1,9.720015,72.611920,935551.487184,547213.832650,3351.927000,175.400148,183.799312
225,-1,9.359992,72.554946,935551.669598,547212.745710,3352.118500,175.399894,183.856389
226,-1,9.000045,72.498918,935551.836265,547211.656473,3352.304099,175.390652,183.903302
227,-1,8.640041,72.450924,935552.014414,547210.568877,3352.468599,175.399932,183.961686
228,-1,8.279998,72.406146,935552.176487,547209.478656,3352.619400,175.399849,184.007132
229,-1,7.919945,72.361744,935552.331999,547208.387451,3352.769100,175.400058,184.052636
230,-1,7.560005,72.317630,935552.480292,547207.295589,3352.917800,175.399951,184.097646
231,-1,7.200028,72.273892,935552.622024,547206.202744,3353.065400,175.400133,184.142705
232,-1,6.839972,72.229940,935552.747024,547205.107601,3353.210600,175.390352,184.177651
233,-1,6.479963,72.187356,935552.884491,547204.014100,3353.357500,175.400071,184.231790
234,-1,6.119952,72.144592,935553.005226,547202.918629,3353.501900,175.399866,184.275820
235,-1,5.759956,72.102175,935553.119399,547201.822503,3353.645300,175.399992,184.319959
236,-1,5.399973,72.060104,935553.226682,547200.725720,3353.787600,175.400122,184.363864
237,-1,5.039998,72.018347,935553.326747,547199.628282,3353.928799,175.399927,184.407220
238,-1,4.679998,71.976937,935553.420251,547198.530187,3354.069000,175.400063,184.450678
239,-1,4.319997,71.935365,935553.497023,547197.430780,3354.206600,175.390339,184.484054
240,-1,3.960010,71.895151,935553.586261,547196.332357,3354.346000,175.400046,184.536554
241,-1,3.599974,71.854265,935553.649253,547195.231965,3354.481400,175.390357,184.569468
242,-1,3.240003,71.814716,935553.724712,547194.132558,3354.618700,175.400097,184.621528
243,-1,2.880039,71.775001,935553.783439,547193.032166,3354.753400,175.399999,184.663518
244,-1,2.520004,71.735115,935553.825762,547191.930791,3354.885599,175.390392,184.695783
245,-1,2.160018,71.696087,935553.870710,547190.829743,3355.018100,175.390347,184.737310
246,-1,1.800019,71.657889,935553.918282,547189.728695,3355.151000,175.399848,184.788110
247,-1,1.439994,71.619521,935553.949450,547188.626991,3355.281400,175.399858,184.829196
248,-1,1.080026,71.581526,935553.973728,547187.525288,3355.410600,175.399904,184.870021
249,-1,0.719993,71.543874,935553.991116,547186.423256,3355.538700,175.399980,184.910607
250,-1,0.360009,71.506071,935553.992100,547185.321224,3355.664200,175.390578,184.941459
251,-1,0.000000,71.469071,935553.995381,547184.219192,3355.790100,175.390397,184.981262
252,-1,359.639990,71.432446,935553.992100,547183.117160,3355.914900,175.390578,185.021135
253,-1,359.280006,71.396600,935553.991116,547182.015128,3356.040200,175.399980,185.069982
254,-1,358.919973,71.360657,935553.973728,547180.913096,3356.162700,175.399904,185.109026
255,-1,358.560005,71.325025,935553.949450,547179.811392,3356.284199,175.399858,185.147850
256,-1,358.199980,71.301574,935553.918282,547178.709688,3356.364200,175.399848,185.173473
257,-1,357.839981,71.284454,935553.870710,547177.608641,3356.419400,175.390347,185.182177
258,-1,357.479995,71.268167,935553.825762,547176.507593,3356.475000,175.390392,185.200068
259,-1,357.119960,71.252717,935553.783439,547175.406217,3356.531000,175.399999,185.227157
260,-1,356.759996,71.237116,935553.724712,547174.305826,3356.584300,175.400097,185.244387
261,-1,356.400025,71.221299,935553.649253,547173.206419,3356.634999,175.390357,185.251479
262,-1,356.039988,71.206352,935553.576747,547172.106683,3356.686100,175.390509,185.268079
263,-1,355.680002,71.191698,935553.497023,547171.007604,3356.736099,175.390339,185.284032
264,-1,355.320001,71.177916,935553.420251,547169.908197,3356.786500,175.400063,185.309491
265,-1,354.960001,71.163944,935553.326747,547168.810102,3356.834200,175.399927,185.324758
266,-1,354.600026,71.150359,935553.226682,547167.712663,3356.880699,175.400122,185.339960
267,-1,354.240043,71.137035,935553.119399,547166.615881,3356.926200,175.399992,185.354543
268,-1,353.880047,71.124095,935553.005226,547165.519754,3356.970400,175.399866,185.368719
269,-1,353.520036,71.111481,935552.884491,547164.424284,3357.013600,175.400071,185.382893
270,-1,353.160027,71.098695,935552.747024,547163.330782,3357.054000,175.390352,185.386781
271,-1,352.799971,71.087249,935552.622024,547162.235640,3357.096500,175.400133,185.409806
272,-1,352.440011,71.075131,935552.470778,547161.144107,3357.134600,175.390347,185.412901
273,-1,352.080054,71.064384,935552.331999,547160.050933,3357.174700,175.400058,185.435096
274,-1,351.720001,71.053404,935552.176487,547158.959728,3357.212199,175.399849,185.447071
275,-1,351.359958,71.042834,935552.014414,547157.869507,3357.248400,175.399932,185.458906
276,-1,351.000060,71.035294,935551.836265,547156.782239,3357.270999,175.390601,185.457425
277,-1,350.640007,71.035497,935551.669598,547155.692674,3357.273500,175.399894,185.467026
278,-1,350.279984,71.036545,935551.487184,547154.605734,3357.270000,175.400148,185.466128
279,-1,349.919985,71.038224,935551.297552,547153.520106,3357.264200,175.399991,185.464095
280,-1,349.560033,71.040657,935551.101358,547152.435791,3357.255900,175.400067,185.461470
281,-1,349.199990,71.043758,935550.898275,547151.352460,3357.245300,175.400114,185.458071
282,-1,348.840051,71.047576,935550.688301,547150.270769,3357.232200,175.400009,185.453717
283,-1,348.480023,71.052114,935550.462252,547149.192031,3357.213399,175.390485,185.438604
284,-1,348.120029,71.057268,935550.248013,547148.110996,3357.198999,175.399918,185.442850
285,-1,347.760015,71.063218,935550.008513,547147.035211,3357.175399,175.390473,185.426257
286,-1,347.399981,71.069761,935549.780823,547145.956801,3357.156300,175.400052,185.429120
287,-1,347.040030,71.077087,935549.527870,547144.884297,3357.128000,175.390612,185.411012
288,-1,346.680019,71.085055,935549.277215,547143.811136,3357.100700,175.390482,185.402037
289,-1,346.320035,71.093712,935549.019997,547142.739616,3357.071100,175.390512,185.392473
290,-1,345.960039,71.102980,935548.765077,547141.667440,3357.042600,175.399853,185.392078
291,-1,345.600043,71.113060,935548.485222,547140.601497,3357.004900,175.390417,185.370942
292,-1,345.239968,71.123744,935548.217178,547139.532273,3356.971699,175.400162,185.369419
293,-1,344.879969,71.135165,935547.923871,547138.469939,3356.929399,175.390648,185.346736
294,-1,344.520041,71.147189,935547.632861,547137.407278,3356.888200,175.390360,185.333146
295,-1,344.159948,71.159872,935547.344476,547136.343303,3356.848100,175.399876,185.329198
296,-1,343.800016,71.173298,935547.040343,547135.284250,3356.802200,175.399824,185.314332
297,-1,343.440002,71.187386,935546.729648,547134.226838,3356.754100,175.399937,185.298921
298,-1,343.079993,71.202158,935546.412391,547133.171394,3356.703700,175.400124,185.282852
299,-1,342.719975,71.217616,935546.079058,547132.120871,3356.647600,175.390423,185.255598
300,-1,342.359986,71.233715,935545.748350,547131.069692,3356.592600,175.390348,185.237826
301,-1,341.999971,71.250461,935545.420267,547130.017529,3356.538700,175.399997,185.229629
302,-1,341.640020,71.267927,935545.067578,547128.973567,3356.475900,175.390632,185.200585
303,-1,341.279997,71.285971,935544.726043,547127.925669,3356.417500,175.400019,185.190729
304,-1,340.920032,71.304729,935544.359902,547126.886301,3356.350200,175.390288,185.159929
305,-1,340.560012,71.324134,935544.005572,547125.842668,3356.287300,175.400036,185.149012
306,-1,340.200046,71.344248,935543.626636,547124.807893,3356.215500,175.390558,185.117053
307,-1,339.840012,71.364977,935543.249996,547123.772134,3356.144799,175.390497,185.094392
308,-1,339.479943,71.386354,935542.866795,547122.738672,3356.071900,175.390412,185.071029
309,-1,339.119994,71.408334,935542.486218,547121.704553,3356.000199,175.399939,185.057187
310,-1,338.760021,71.431081,935542.081363,547120.679621,3355.919500,175.390431,185.022461
311,-1,338.399970,71.454357,935541.687663,547119.650095,3355.843400,175.399910,185.007227
312,-1,338.040017,71.478356,935541.278871,547118.626803,3355.761700,175.399985,184.981329
313,-1,337.679951,71.503035,935540.854659,547117.609417,3355.674499,175.390476,184.944630
314,-1,337.320020,71.528284,935540.441931,547116.587765,3355.591799,175.400134,184.927570
315,-1,336.960045,71.554201,935540.013782,547115.572347,3355.503600,175.400083,184.899595
316,-1,336.599996,71.580794,935539.570541,547114.563163,3355.410000,175.390629,184.861031
317,-1,336.240028,71.607984,935539.129597,547113.553323,3355.317500,175.390468,184.831673
318,-1,335.879989,71.635791,935538.690950,547112.542170,3355.226100,175.399863,184.811770
319,-1,335.519955,71.664264,935538.237539,547111.537579,3355.129400,175.400026,184.781483
320,-1,335.160053,71.693384,935537.777894,547110.536268,3355.030499,175.400081,184.750446
321,-1,334.800005,71.723147,935537.303157,547109.541520,3354.926300,175.390606,184.708746
322,-1,334.440009,71.753485,935536.839248,547108.541850,3354.826400,175.399949,184.686314
323,-1,334.079982,71.784483,935536.360574,547107.549070,3354.721200,175.399925,184.653380
324,-1,333.719931,71.816115,935535.875667,547106.559242,3354.613900,175.399930,184.619871
325,-1,333.359988,71.848395,935535.384854,547105.572696,3354.504500,175.400111,184.585932
326,-1,332.999947,71.881280,935534.887480,547104.589102,3354.393000,175.400027,184.551147
327,-1,332.640036,71.914796,935534.375670,547103.613382,3354.276300,175.390430,184.505766
328,-1,332.279975,71.948939,935533.866156,547102.636022,3354.160699,175.390550,184.470027
329,-1,331.920010,71.983659,935533.350409,547101.662270,3354.043100,175.390398,184.433476
330,-1,331.559988,72.019046,935532.828757,547100.691472,3353.923400,175.390570,184.396652
331,-1,331.200010,72.054994,935532.309073,547099.719689,3353.804800,175.399865,184.368918
332,-1,330.839943,72.091615,935531.766751,547098.760045,3353.677900,175.390400,184.320853
333,-1,330.480008,72.128805,935531.235256,547097.794824,3353.555300,175.400032,184.292358
334,-1,330.120015,72.166619,935530.680795,547096.842398,3353.424400,175.390297,184.242962
335,-1,329.760017,72.205055,935530.137161,547095.883739,3353.297700,175.399980,184.213419
336,-1,329.399999,72.244108,935529.570889,547094.938202,3353.162800,175.390420,184.163133
337,-1,329.039974,72.283762,935529.006914,547093.991354,3353.029000,175.390431,184.122383
338,-1,328.679988,72.323982,935528.445235,547093.043193,3352.896400,175.400010,184.091203
339,-1,328.319966,72.364844,935527.861247,547092.108484,3352.755600,175.390463,184.039402
340,-1,327.960013,72.411923,935527.287757,547091.167541,3352.600000,175.400048,184.001459
341,-1,327.599997,72.463440,935526.700160,547090.235128,3352.426500,175.400072,183.949129
342,-1,327.239994,72.515528,935526.098783,547089.311573,3352.248200,175.390641,183.886488
343,-1,326.880016,72.568196,935525.507249,547088.381785,3352.073900,175.399783,183.842918
344,-1,326.519991,72.621419,935524.902264,547087.460527,3351.895000,175.399923,183.789537
345,-1,326.159967,72.675208,935524.283498,547086.548455,3351.711300,175.390428,183.725688
346,-1,325.800012,72.729604,935523.674904,547085.629822,3351.531600,175.399958,183.681356
347,-1,325.439981,72.784468,935523.044656,547084.725624,3351.344500,175.390389,183.616756
348,-1,325.079982,72.840006,935522.424578,547083.814537,3351.161200,175.400029,183.571800
349,-1,324.720038,72.896017,935521.783175,547082.918541,3350.970500,175.390467,183.506487
350,-1,324.360008,72.952576,935521.143741,547082.020905,3350.781000,175.390384,183.450764
351,-1,323.999961,73.009747,935520.498729,547081.127206,3350.589600,175.390399,183.394758
352,-1,323.640034,73.067447,935519.848468,547080.237772,3350.396599,175.390585,183.338632
353,-1,323.279999,73.125705,935519.192301,547079.352276,3350.201800,175.390603,183.282010
354,-1,322.920025,73.184510,935518.538103,547078.465466,3350.008100,175.399909,183.234786
355,-1,322.559997,73.243801,935517.863236,547077.594077,3349.807200,175.390352,183.167617
356,-1,322.199987,73.302463,935447.901433,547130.467331,3323.307100,87.699831,91.560493
357,-1,321.839968,73.336742,935447.558586,547130.035901,3323.248500,87.695086,91.539128
358,-1,321.480123,73.371674,935447.217051,547129.603815,3323.190300,87.695240,91.522603
359,-1,321.120084,73.407026,935446.872564,547129.173698,3323.131400,87.695318,91.505840
360,-1,320.760001,73.442881,935446.525124,547128.745878,3323.071600,87.695119,91.488591
361,-1,320.399982,73.479299,935446.178996,547128.317073,3323.012400,87.700022,91.476439
362,-1,320.040021,73.516024,935445.822697,547127.896798,3322.949800,87.695114,91.453951
363,-1,319.680099,73.553371,935445.467711,547127.475539,3322.887700,87.695304,91.436532
364,-1,319.320074,73.591165,935445.109772,547127.056576,3322.824800,87.695219,91.418661
365,-1,318.960067,73.629451,935444.749209,547126.639911,3322.761100,87.695108,91.400581
366,-1,318.599905,73.668266,935444.386020,547126.225213,3322.696600,87.695189,91.382501
367,-1,318.240037,73.707519,935444.020536,547125.813141,3322.631400,87.695274,91.364270
368,-1,317.879994,73.747355,935443.655707,547125.400084,3322.566600,87.699965,91.350616
369,-1,317.520087,73.787592,935443.284973,547124.992604,3322.499800,87.699997,91.331973
370,-1,317.160127,73.828263,935442.911614,547124.587421,3322.432300,87.700004,91.313156
371,-1,316.800051,73.869362,935442.532021,547124.187816,3322.362700,87.695109,91.289094
372,-1,316.440073,73.911067,935442.153741,547123.787226,3322.293600,87.695308,91.270111
373,-1,316.080009,73.953188,935441.772509,547123.389261,3322.223700,87.695020,91.250488
374,-1,315.719979,73.995867,935441.389307,547122.993264,3322.153100,87.695412,91.231375
375,-1,315.359983,74.038864,935441.003153,547122.600221,3322.081800,87.695091,91.211434
376,-1,315.000000,74.082479,935440.615031,547122.209145,3322.009700,87.695448,91.191977
377,-1,314.640016,74.126474,935440.223955,547121.821023,3321.936800,87.695091,91.171668
378,-1,314.280020,74.171029,935439.830911,547121.434869,3321.863200,87.695412,91.151874
379,-1,313.920053,74.216050,935439.438524,547121.048058,3321.790100,87.700123,91.136495
380,-1,313.560002,74.261464,935439.040231,547120.667154,3321.715000,87.699946,91.115925
381,-1,313.199948,74.307256,935438.636360,547120.292154,3321.638000,87.695109,91.090412
382,-1,312.839872,74.353755,935438.236754,547119.912562,3321.562600,87.700004,91.074760
383,-1,312.480082,74.400533,935437.828619,547119.542812,3321.484100,87.695342,91.049130
384,-1,312.119996,74.447777,935437.420811,547119.172078,3321.406099,87.695088,91.027942
385,-1,311.759962,74.495542,935437.011035,547118.803640,3321.327399,87.695274,91.007052
386,-1,311.400094,74.543769,935436.598962,547118.438155,3321.247900,87.695189,90.985751
387,-1,311.040094,74.592480,935436.184593,547118.074967,3321.167700,87.695324,90.964540
388,-1,310.680014,74.641683,935435.770880,547117.710795,3321.088000,87.700094,90.947997
389,-1,310.319900,74.691198,935435.348637,547117.356465,3321.005200,87.695304,90.921482
390,-1,309.959978,74.741201,935434.927378,547117.001478,3320.922900,87.695114,90.899604
391,-1,309.600034,74.791787,935434.504150,547116.648789,3320.839800,87.695359,90.878007
392,-1,309.239865,74.842762,935434.081251,547116.295115,3320.757300,87.700036,90.860914
393,-1,308.879915,74.894161,935433.650478,547115.951612,3320.671600,87.695318,90.833988
394,-1,308.519876,74.945985,935433.220360,547115.607124,3320.586500,87.695240,90.811773
395,-1,308.160031,74.998310,935432.788275,547115.265590,3320.500600,87.695086,90.789352
396,-1,307.799933,75.051064,935432.353892,547114.926351,3320.414099,87.695170,90.767080
397,-1,307.440002,75.104260,935431.917541,547114.590066,3320.326900,87.695176,90.744631
398,-1,307.079921,75.157967,935431.478894,547114.256405,3320.238900,87.695164,90.722038
399,-1,306.719978,75.212054,935431.038278,547113.925697,3320.150299,87.695072,90.699294
400,-1,306.360028,75.266625,935430.595694,547113.597614,3320.061000,87.695160,90.676628
401,-1,305.999888,75.321589,935430.150813,547113.272155,3319.971100,87.695236,90.653879
402,-1,305.640016,75.377086,935429.704291,547112.949649,3319.880399,87.695421,90.631118
403,-1,305.280048,75.432935,935429.255473,547112.630096,3319.789099,87.695328,90.608022
404,-1,304.920022,75.489331,935428.804687,547112.313168,3319.697000,87.695418,90.584989
405,-1,304.560045,75.546048,935428.351932,547111.999192,3319.604400,87.695422,90.561835
406,-1,304.199926,75.603241,935427.896880,547111.688169,3319.511000,87.695155,90.538309
407,-1,303.839884,75.660891,935427.440188,547111.379771,3319.417000,87.695259,90.515083
408,-1,303.480027,75.719014,935426.981856,547111.074325,3319.322300,87.695457,90.491868
409,-1,303.119983,75.777494,935426.521227,547110.771832,3319.227000,87.695387,90.468339
410,-1,302.759915,75.836421,935426.058629,547110.472292,3319.130999,87.695231,90.444650
411,-1,302.399989,75.895823,935425.594391,547110.175705,3319.034300,87.695167,90.420975
412,-1,302.039897,75.955654,935425.128185,547109.881742,3318.937000,87.695294,90.397437
413,-1,301.680033,76.015856,935424.660338,547109.591060,3318.839100,87.695231,90.373668
414,-1,301.319975,76.076612,935424.190523,547109.303003,3318.740400,87.695362,90.349995
415,-1,300.959933,76.137653,935423.718739,547109.018227,3318.641200,87.695131,90.325951
416,-1,300.600020,76.199250,935423.247939,547108.732138,3318.542400,87.699992,90.307052
417,-1,300.239943,76.261146,935422.770250,547108.457204,3318.440800,87.695207,90.278222
418,-1,299.880077,76.323555,935422.293545,547108.181286,3318.339600,87.695230,90.254262
419,-1,299.520058,76.386357,935421.814871,547107.908321,3318.237800,87.695173,90.230191
420,-1,299.160056,76.449636,935421.334557,547107.638308,3318.135299,87.695200,90.206147
421,-1,298.800059,76.513332,935420.852603,547107.371248,3318.032200,87.695311,90.182155
422,-1,298.439967,76.577380,935420.368680,547107.107469,3317.928499,87.695062,90.157784
423,-1,298.079938,76.641911,935419.883445,547106.846315,3317.824200,87.695344,90.133904
424,-1,297.720074,76.706775,935419.396569,547106.588770,3317.719300,87.695130,90.109518
425,-1,297.360058,76.772163,935418.908053,547106.333849,3317.613700,87.695290,90.085451
426,-1,297.000076,76.837927,935418.417896,547106.082209,3317.507500,87.695245,90.061166
427,-1,296.640015,76.904110,935417.926100,547105.833522,3317.400700,87.695287,90.036947
428,-1,296.279956,76.970672,935417.432662,547105.588115,3317.293300,87.695123,90.012514
429,-1,295.919921,77.037788,935416.939881,547105.341397,3317.186200,87.699890,89.993075
430,-1,295.559981,77.105121,935416.441522,547105.106489,3317.076600,87.695058,89.963844
431,-1,295.200039,77.173008,935415.943820,547104.870269,3316.967300,87.695154,89.939609
432,-1,294.839950,77.241255,935415.444477,547104.637002,3316.857500,87.695343,89.915479
433,-1,294.480073,77.309923,935414.943822,547104.407344,3316.747000,87.695166,89.890968
434,-1,294.120019,77.378953,935414.441526,547104.180638,3316.636000,87.695084,89.866569
435,-1,293.759971,77.448487,935413.937919,547103.956885,3316.524300,87.695234,89.842375
436,-1,293.400003,77.518361,935413.432998,547103.736413,3316.412100,87.695314,89.818137
437,-1,293.039903,77.588619,935412.926438,547103.519222,3316.299300,87.695195,89.793709
438,-1,292.680048,77.659360,935412.418893,547103.305312,3316.185800,87.695133,89.769322
439,-1,292.319949,77.730465,935411.909707,547103.094354,3316.071800,87.695176,89.745069
440,-1,291.960070,77.801990,935411.399538,547102.886677,3315.957200,87.695271,89.720878
441,-1,291.599998,77.873840,935410.887728,547102.682281,3315.842099,87.695172,89.696533
442,-1,291.240039,77.946213,935410.374934,547102.480838,3315.726299,87.695428,89.672528
443,-1,290.879935,78.018871,935409.860499,547102.283004,3315.610000,87.695188,89.648079
444,-1,290.519918,78.091992,935409.345080,547102.088122,3315.493100,87.695302,89.623996
445,-1,290.160124,78.165492,935408.828677,547101.896850,3315.375600,87.695151,89.599677
446,-1,289.799989,78.239424,935408.310633,547101.708530,3315.257500,87.695124,89.575505
447,-1,289.439975,78.313714,935407.791605,547101.523491,3315.138900,87.695141,89.551423
448,-1,289.080068,78.388426,935407.271593,547101.341733,3315.019700,87.695197,89.527410
449,-1,288.720052,78.463483,935406.750269,547101.163256,3314.899999,87.695185,89.503383
450,-1,288.360114,78.538961,935406.227960,547100.988059,3314.779700,87.695212,89.479427
451,-1,288.000038,78.614848,935405.704339,547100.816143,3314.658800,87.695173,89.455445
452,-1,287.640013,78.691094,935405.179734,547100.647509,3314.537400,87.695174,89.431560
453,-1,287.280024,78.767763,935404.654144,547100.482155,3314.415400,87.695211,89.407753
454,-1,286.920059,78.844791,935404.127571,547100.320081,3314.292900,87.695285,89.384045
455,-1,286.559897,78.922231,935403.599685,547100.161289,3314.169800,87.695302,89.360327
456,-1,286.199996,79.000004,935403.071142,547100.006106,3314.046200,87.695135,89.336497
457,-1,285.840016,79.078176,935402.541616,547099.853875,3313.922100,87.695319,89.313081
458,-1,285.480061,79.156734,935402.011105,547099.705253,3313.797400,87.695224,89.289444
459,-1,285.120058,79.235715,935401.479610,547099.559912,3313.672100,87.695165,89.265900
460,-1,284.759993,79.315058,935400.947131,547099.417852,3313.546300,87.695146,89.242471
461,-1,284.400060,79.394773,935400.413995,547099.279073,3313.420000,87.695249,89.219242
462,-1,284.040038,79.474849,935399.879876,547099.143575,3313.293200,87.695391,89.196132
463,-1,283.679964,79.555314,935399.344772,547099.011685,3313.165800,87.695256,89.172815
464,-1,283.319980,79.636150,935398.809012,547098.883076,3313.037900,87.695241,89.149703
465,-1,282.960073,79.717358,935398.272596,547098.757749,3312.909499,87.695343,89.126794
466,-1,282.600068,79.798956,935397.735195,547098.636030,3312.780499,87.695168,89.103685
467,-1,282.240111,79.880926,935397.197138,547098.517592,3312.651000,87.695110,89.080785
468,-1,281.879980,79.963260,935396.658097,547098.402434,3312.520999,87.695101,89.058027
469,-1,281.520081,80.045973,935396.118728,547098.290558,3312.390499,87.695275,89.035548
470,-1,281.160023,80.129015,935395.578375,547098.182290,3312.259500,87.695178,89.012902
471,-1,280.799960,80.212429,935395.037366,547098.077304,3312.128000,87.695199,88.990473
472,-1,280.440088,80.296222,935394.496028,547097.975598,3311.996000,87.695397,88.968324
473,-1,280.080011,80.380408,935393.953707,547097.877501,3311.863400,87.695329,88.946003
474,-1,279.719924,80.464869,935393.410729,547097.783013,3311.730400,87.695057,88.923606
475,-1,279.359951,80.549807,935392.867423,547097.691478,3311.596800,87.695281,88.901794
476,-1,278.999939,80.635019,935392.323460,547097.603551,3311.462799,87.695300,88.879909
477,-1,278.640084,80.720574,935391.779170,547097.519234,3311.328299,87.695164,88.857988
478,-1,278.279915,80.806561,935391.233896,547097.438197,3311.193199,87.695099,88.836238
479,-1,277.920054,80.892867,935390.688621,547097.360442,3311.057700,87.695249,88.814839
480,-1,277.560095,80.979512,935390.142691,547097.286295,3310.921700,87.695195,88.793361
481,-1,277.199992,81.066530,935389.596104,547097.215429,3310.785200,87.695264,88.772130
482,-1,276.839972,81.153893,935389.049189,547097.148172,3310.648200,87.695176,88.750872
483,-1,276.479995,81.241569,935388.501946,547097.084195,3310.510800,87.695253,88.729922
484,-1,276.120070,81.329653,935387.954375,547097.023828,3310.372800,87.695168,88.708930
485,-1,275.759948,81.418047,935387.406147,547096.966742,3310.234400,87.695213,88.688217
486,-1,275.400062,81.506790,935386.857920,547096.913264,3310.095500,87.695130,88.667514
487,-1,275.039951,81.595842,935386.309037,547096.863067,3309.956200,87.695181,88.647098
488,-1,274.680047,81.685242,935385.760153,547096.816479,3309.816400,87.695100,88.626692
489,-1,274.320104,81.775019,935385.210942,547096.773172,3309.676100,87.695182,88.606593
490,-1,273.959912,81.865139,935384.661074,547096.733474,3309.535300,87.695079,88.586459
491,-1,273.600081,81.955575,935384.111535,547096.697057,3309.394100,87.695188,88.566697
492,-1,273.239970,82.046356,935383.561339,547096.664249,3309.252400,87.695116,88.546907
493,-1,272.879981,82.137450,935383.011143,547096.634721,3309.110300,87.695231,88.527470
494,-1,272.519897,82.228891,935382.460619,547096.608803,3308.967699,87.695189,88.508033
495,-1,272.159907,82.320644,935381.910095,547096.586165,3308.824700,87.695331,88.488952
496,-1,271.800007,82.412745,935381.359572,547096.567136,3308.681200,87.695328,88.469887
497,-1,271.439965,82.505130,935380.808720,547096.551716,3308.537300,87.695169,88.450845
498,-1,271.079977,82.597826,935380.257868,547096.539577,3308.393000,87.695192,88.432162
499,-1,270.720031,82.690897,935379.707016,547096.530719,3308.248200,87.695397,88.413826
500,-1,270.359902,82.784290,935379.155836,547096.525798,3308.102900,87.695124,88.395187
501,-1,270.000000,82.877955,935378.604984,547096.523829,3307.957299,87.695362,88.377254
502,-1,269.640097,82.971943,935378.054132,547096.525798,3307.811200,87.695124,88.359022
503,-1,269.279968,83.066331,935377.502952,547096.530719,3307.664600,87.695397,88.341476
504,-1,268.920022,83.160912,935376.952100,547096.539577,3307.517700,87.695192,88.323659
505,-1,268.560034,83.257801,935376.401248,547096.551716,3307.367300,87.695169,88.305852
506,-1,268.199992,83.364991,935375.850396,547096.567136,3307.201000,87.695328,88.286641
507,-1,267.840092,83.472474,935375.299872,547096.586165,3307.034300,87.695331,88.267538
508,-1,267.480102,83.580251,935374.749349,547096.608803,3306.867199,87.695189,88.248557
509,-1,267.120018,83.688345,935374.198825,547096.634721,3306.699700,87.695231,88.230028
510,-1,266.760029,83.796731,935373.648629,547096.664249,3306.531800,87.695116,88.211613
511,-1,266.399918,83.905434,935373.098433,547096.697057,3306.363500,87.695188,88.193657
512,-1,266.040087,84.014362,935372.548894,547096.733474,3306.194900,87.695079,88.175808
513,-1,265.679895,84.123671,935371.999026,547096.773172,3306.025800,87.695182,88.158437
514,-1,265.319952,84.233204,935371.449815,547096.816479,3305.856400,87.695100,88.141173
515,-1,264.960048,84.343050,935370.900931,547096.863067,3305.686600,87.695181,88.124354
516,-1,264.599937,84.453187,935370.352048,547096.913264,3305.516399,87.695130,88.107690
517,-1,264.240051,84.563633,935369.803820,547096.966742,3305.345800,87.695213,88.091446
518,-1,263.879929,84.674306,935369.255593,547097.023828,3305.174900,87.695168,88.075374
519,-1,263.520004,84.785286,935368.708022,547097.084195,3305.003600,87.695253,88.059724
520,-1,263.160027,84.896490,935368.160779,547097.148172,3304.831999,87.695176,88.044217
521,-1,262.800007,85.007937,935367.613864,547097.215429,3304.660099,87.695264,88.029180
522,-1,262.439904,85.119737,935367.067277,547097.286295,3304.487700,87.695195,88.014276
523,-1,262.079945,85.231710,935366.521347,547097.360442,3304.315100,87.695249,87.999815
524,-1,261.720084,85.343969,935365.976072,547097.438197,3304.142100,87.695099,87.985453
525,-1,261.359915,85.456470,935365.430798,547097.519234,3303.968800,87.695164,87.971620
526,-1,261.000060,85.569205,935364.886507,547097.603551,3303.795199,87.695300,87.958174
527,-1,260.640048,85.682226,935364.342545,547097.691478,3303.621199,87.695281,87.944884
528,-1,260.280075,85.795400,935363.799239,547097.783013,3303.447000,87.695057,87.931717
529,-1,259.919988,85.908891,935363.256261,547097.877501,3303.272400,87.695329,87.919359
530,-1,259.559911,86.022600,935362.713940,547097.975598,3303.097500,87.695397,87.907123
531,-1,259.200039,86.136523,935362.172602,547098.077304,3302.922300,87.695199,87.894946
532,-1,258.839976,86.250680,935361.631593,547098.182290,3302.746799,87.695178,87.883275
533,-1,258.479918,86.365002,935361.091239,547098.290558,3302.571100,87.695275,87.872057
534,-1,258.120019,86.479602,935360.551870,547098.402434,3302.395000,87.695101,87.860894
535,-1,257.759888,86.594368,935360.012830,547098.517592,3302.218700,87.695110,87.850255
536,-1,257.399931,86.709358,935359.474773,547098.636030,3302.042100,87.695168,87.839998
537,-1,257.039926,86.824575,935358.937372,547098.757749,3301.865200,87.695343,87.830196
538,-1,256.680019,86.939937,935358.400956,547098.883076,3301.688100,87.695241,87.820462
539,-1,256.320035,87.055524,935357.865196,547099.011685,3301.510700,87.695256,87.811186
540,-1,255.959961,87.171335,935357.330092,547099.143575,3301.333000,87.695391,87.802372
541,-1,255.599939,87.287290,935356.795972,547099.279073,3301.155100,87.695249,87.793630
542,-1,255.240006,87.403464,935356.262837,547099.417852,3300.976899,87.695146,87.785274
543,-1,254.879941,87.519794,935355.730358,547099.559912,3300.798500,87.695165,87.777393
544,-1,254.519938,87.636275,935355.198863,547099.705253,3300.619900,87.695224,87.769903
545,-1,254.159983,87.752973,935354.668352,547099.853875,3300.441000,87.695319,87.762802
546,-1,253.800003,87.869813,935354.138826,547100.006106,3300.261900,87.695135,87.755779
547,-1,253.440102,87.986810,935353.610283,547100.161289,3300.082599,87.695302,87.749464
548,-1,253.079940,88.103949,935353.082397,547100.320081,3299.903100,87.695285,87.743325
549,-1,252.719975,88.221234,935352.555823,547100.482155,3299.723400,87.695211,87.737489
550,-1,252.359986,88.338731,935352.030234,547100.647509,3299.543400,87.695174,87.732049
551,-1,251.999961,88.456307,935351.505629,547100.816143,3299.363300,87.695173,87.727012
552,-1,251.639885,88.574028,935350.982008,547100.988059,3299.183000,87.695212,87.722378
553,-1,251.279947,88.691890,935350.459699,547101.163256,3299.002500,87.695185,87.718046
554,-1,250.919931,88.809895,935349.938375,547101.341733,3298.821800,87.695197,87.714118
555,-1,250.560024,88.928040,935349.418363,547101.523491,3298.640900,87.695141,87.710491
556,-1,250.200010,89.046324,935348.899335,547101.708530,3298.459800,87.695124,87.707274
557,-1,249.839875,89.164683,935348.381291,547101.896850,3298.278600,87.695151,87.704471
558,-1,249.480081,89.283181,935347.864888,547102.088122,3298.097200,87.695302,87.702165
559,-1,249.120064,89.401747,935347.349469,547102.283004,3297.915700,87.695188,87.699969
560,-1,248.759960,89.520452,935346.835034,547102.480838,3297.734000,87.695428,87.698499
561,-1,248.400001,89.639224,935346.322240,547102.682281,3297.552200,87.695172,87.696911
562,-1,248.039929,89.758130,935345.810430,547102.886677,3297.370200,87.695271,87.696053
563,-1,247.680050,89.877104,935345.300261,547103.094354,3297.188100,87.695176,87.695377
564,-1,247.319951,89.996145,935344.791075,547103.305312,3297.005900,87.695133,87.695133
565,-1,246.960096,90.115316,935344.283530,547103.519222,3296.823500,87.695195,87.695373
566,-1,246.599996,90.234551,935343.776970,547103.736413,3296.641000,87.695314,87.696049
567,-1,246.239999,90.247772,752389.118273,131505.794973,1332.942300,454173.650278,454177.897007
568,-1,245.879999,90.249641,749494.270389,132023.439935,1315.068000,454875.211987,454879.529695
569,-1,245.520000,90.300574,759717.009129,161373.195212,1073.095500,423918.792320,423924.625651
570,-1,245.160000,90.315501,822354.960953,303026.444385,1815.454900,269048.997598,269053.076705
571,-1,244.800000,90.335332,820412.386426,302868.568388,1716.685600,270013.645279,270018.269808
572,-1,244.440000,90.330339,743281.975398,145528.257085,730.000000,445228.735588,445236.135643
573,-1,244.079999,90.342924,797494.903718,263476.024798,1409.022100,315439.779737,315445.429672
574,-1,243.720000,90.310881,794511.384750,261910.402273,1570.683999,318158.332211,318163.015642
575,-1,243.360000,90.275539,840418.211572,357882.901929,2278.509200,211784.005615,211786.454613
576,-1,242.999999,90.213502,842336.077159,364577.976793,2533.310100,204943.777038,204945.199917
577,-1,242.639999,90.149406,837684.214415,358390.156492,2742.683699,212573.262804,212573.985534
578,-1,242.279999,90.223491,835969.632542,357998.513574,2463.371300,213713.300970,213714.926826
579,-1,241.919999,90.273155,835938.711673,360793.285544,2289.830200,211257.834240,211260.235063
580,-1,241.560000,90.271999,829423.784086,351551.442479,2240.802500,222482.824945,222485.331986
581,-1,241.199999,90.246252,828027.696655,351913.641886,2339.272900,222833.605814,222835.663935
582,-1,240.840000,90.317928,824837.344768,349069.273231,2038.122099,226867.586982,226871.079683
583,-1,240.479999,90.368273,823162.643393,349004.620801,1833.131800,227744.539460,227749.244047
584,-1,240.119999,90.423365,775347.766582,268657.122048,923.369000,321227.665501,321236.435055
585,-1,239.760000,90.432333,774616.702755,271410.641803,888.302400,319210.675250,319219.762887
586,-1,239.400000,90.444002,823732.691137,358401.288688,1597.343400,219325.796313,219332.381925
587,-1,239.039999,90.451761,784472.614146,295636.853193,984.043099,293340.579210,293349.697769
588,-1,238.680000,90.490634,784217.064460,298762.548385,806.785499,290797.417216,290808.079372
589,-1,238.319999,90.484957,782843.400212,300015.734527,838.570200,290446.636245,290457.040512
590,-1,237.960000,90.467459,781758.649101,301722.387282,934.431299,289569.683789,289579.321604
591,-1,237.600000,90.456774,781112.209121,304099.275901,1001.723400,287903.474357,287912.623623
592,-1,237.240000,90.486601,816934.024288,363112.113255,1437.989900,218887.320053,218895.214197
593,-1,236.879999,90.503616,816738.134260,365328.895567,1388.397100,217133.415263,217141.803412
594,-1,236.519999,90.477177,815694.606492,366224.209721,1490.062900,216958.024794,216965.549210
595,-1,236.160000,90.468427,779984.549631,315409.543963,1015.580000,279046.255156,279055.581191
596,-1,235.800000,90.413961,890769.311657,481543.637219,2723.584300,79364.192511,79366.263982
597,-1,235.440000,90.376516,890457.256507,481969.659332,2776.607500,79188.802028,79190.511900
598,-1,235.080000,90.330844,889998.191152,482181.287846,2839.226800,79276.497419,79277.819088
599,-1,234.720000,90.273162,889641.314569,482539.291723,2919.457599,79188.802124,79189.702109
600,-1,234.360000,90.212271,889236.044054,482827.941737,3003.616800,79188.802093,79189.345563
601,-1,234.000000,90.151331,888626.411087,482835.344609,3086.916300,79539.583191,79539.860632
602,-1,233.640000,90.091603,888223.020818,483130.365672,3169.833700,79539.583030,79539.684686
603,-1,233.279999,90.057249,887769.058471,483357.621780,3217.436600,79627.278343,79627.318093
604,-1,232.920000,90.063331,886787.352101,482888.428820,3207.918400,80591.925874,80591.975107
605,-1,232.559999,90.058029,886331.018696,483125.374541,3215.287300,80679.621334,80679.662714
606,-1,232.200000,90.048140,885929.496205,483434.812242,3229.212199,80679.621004,80679.649482
607,-1,231.839999,90.092915,885475.742191,483677.812740,3166.021500,80767.316256,80767.422458
608,-1,231.480000,90.229699,885186.938307,484129.836771,2973.904700,80591.926061,80592.573708
609,-1,231.119999,90.389225,884736.703643,484378.175513,2748.914000,80679.621305,80681.482957
610,-1,230.760000,90.499838,888281.694913,489519.942132,2647.466100,74453.259076,74456.092305
611,-1,230.400000,90.547427,887976.210616,489884.567387,2586.459099,74365.563863,74368.958290
612,-1,230.039999,90.561193,785786.042621,368653.772776,1015.567300,232918.558753,232929.731779
613,-1,229.679999,90.572960,784724.006687,369664.071280,968.601500,232830.863294,232842.505445
614,-1,229.319999,90.590433,799102.691841,388636.941799,1142.504000,209065.453080,209076.554220
615,-1,228.960000,90.598492,785729.625739,375275.297262,916.138200,227919.929861,227932.364816
616,-1,228.600000,90.656217,789929.896210,382205.043245,777.885500,219939.663044,219954.089113
617,-1,228.239999,90.649174,792458.949551,387112.519979,865.536800,214590.253268,214604.027947
618,-1,227.879999,90.633413,790397.330315,386842.814153,907.123099,216168.767805,216181.978171
619,-1,227.520000,90.632526,789807.308529,388209.652299,917.247799,215554.900826,215568.036802
620,-1,227.160000,90.639034,789288.351233,389641.859736,900.587100,214853.338963,214866.703000
621,-1,226.799999,90.639691,790642.602790,393056.031714,936.310299,211433.224698,211446.403048
622,-1,226.439999,90.627505,792698.650515,397145.902799,1029.305200,207048.462426,207060.880498
623,-1,226.080000,90.799504,840970.300035,449147.990396,1397.697600,136103.013192,136116.264823
624,-1,225.719999,90.783350,892949.136365,503674.753389,2466.059599,60772.801660,60778.482077
625,-1,225.360000,90.696573,892553.359598,503817.405991,2555.985799,60948.192176,60952.696672
626,-1,224.999999,90.655986,892281.724971,504087.339178,2599.166200,60948.192210,60952.187046
627,-1,224.639999,90.570043,891200.613944,503557.926195,2679.254900,62088.230228,62091.303271
628,-1,224.280000,90.550170,890864.591650,503775.138031,2699.950400,62175.925488,62178.792031
629,-1,223.919999,90.586449,890845.395494,504299.003453,2664.168699,61825.144370,61828.383060
630,-1,223.560000,90.562117,890703.917759,504700.522335,2692.147200,61649.754073,61652.721141
631,-1,223.200000,90.403907,890501.795460,505042.089894,2863.009700,61562.058890,61563.588609
632,-1,222.840000,90.372750,890237.896381,505324.889197,2896.489000,61562.058776,61563.361586
633,-1,222.480000,90.397990,890105.131883,505727.787997,2870.585900,61386.668373,61388.149369
634,-1,222.119999,90.412384,890040.690411,506189.514108,2857.057000,61123.582542,61125.165788
635,-1,221.759999,90.399700,890111.087251,506767.218333,2873.648900,60685.106245,60686.582917
636,-1,221.399999,90.431414,889923.815972,507110.432214,2840.716400,60597.411222,60599.129049
637,-1,221.039999,90.557902,890003.645209,507684.719451,2711.199700,60158.934950,60161.787010
638,-1,220.679999,90.631847,889689.855154,507913.433888,2632.584600,60246.630107,60250.293668
639,-1,220.320000,90.709406,889577.738253,508314.765435,2553.190900,60071.239613,60075.844402
640,-1,219.960000,90.842984,889199.984415,508490.661080,2410.536100,60246.630088,60253.151413
641,-1,219.599999,90.902715,819630.605509,451429.146595,930.004900,150221.946833,150240.593636
642,-1,219.240000,90.910481,819438.768951,452491.138237,918.000000,149695.775358,149714.677974
643,-1,218.880000,91.168249,837141.760776,467973.680107,723.584000,126193.450948,126219.687577
644,-1,218.519999,91.129056,838292.695482,469903.252691,851.421100,124088.765032,124112.861796
645,-1,218.159999,91.135461,837326.368018,470135.499274,825.377500,124702.631949,124727.123484
646,-1,217.799999,91.183972,837121.366788,470968.092753,727.000000,124351.850759,124378.405229
647,-1,217.440000,91.170001,840891.809378,474839.029565,866.586599,119002.441176,119027.257026
648,-1,217.079999,91.169323,840509.081797,475487.005959,869.786999,118914.745995,118939.514788
649,-1,216.719999,91.237799,842098.985113,477605.069308,782.554399,116371.584081,116398.745776
650,-1,216.360000,91.273883,850279.494343,484535.399936,947.141399,105672.764637,105698.888459
651,-1,215.999999,91.310669,850597.011752,485586.786285,899.325800,104795.812376,104823.237563
652,-1,215.640000,91.330752,841445.522509,479835.497590,612.000000,115582.326869,115613.509200
653,-1,215.280000,91.323240,841883.283773,481034.826556,651.469800,114529.983997,114560.534497
654,-1,214.919999,91.313536,862034.589599,495980.654932,1245.971600,89449.145248,89472.656734
655,-1,214.559999,91.311890,861714.317930,496442.496528,1248.542000,89449.145362,89472.597962
656,-1,214.200000,91.291930,861251.892673,496807.757281,1275.764600,89624.535662,89647.324473
657,-1,213.840000,91.290336,861228.190293,497469.841915,1286.159900,89273.754860,89296.398498
658,-1,213.479999,91.324809,861283.014986,498178.604605,1242.558500,88835.278567,88859.031324
659,-1,213.120000,91.374623,860756.226670,498501.376597,1158.968100,89098.364229,89124.012974
660,-1,212.759999,91.408084,860451.818158,498971.200789,1106.903800,89098.364337,89125.277272
661,-1,212.400000,91.424251,842602.048740,488306.426186,565.000000,109882.136390,109916.094006
662,-1,212.040000,91.399771,842679.966563,489169.656743,624.834799,109355.964726,109388.607670
663,-1,211.680000,91.326124,842690.423235,489983.517320,775.627800,108917.488635,108946.668826
664,-1,211.319999,91.259238,842932.180953,490931.703744,918.262799,108215.926786,108242.067611
665,-1,210.959999,91.217631,842655.764183,491558.782215,998.747199,108128.231489,108152.653277
666,-1,210.599999,91.177371,842760.989695,492410.314304,1085.572499,107602.060010,107624.782137
667,-1,210.239999,91.150984,842342.903589,492949.160011,1133.387300,107689.755215,107711.487773
668,-1,209.879999,91.114123,841623.783636,493316.344972,1194.168000,108128.231276,108148.676836
669,-1,209.520000,91.052627,841516.107342,494036.112562,1315.098900,107865.145909,107883.351977
670,-1,209.160000,91.018441,841796.670757,494968.749476,1391.949100,107163.583792,107180.515534
671,-1,208.799999,91.029587,841547.288710,495600.016586,1372.673000,107075.888379,107093.178618
672,-1,208.439999,91.095109,841841.924604,496524.701088,1263.590900,106374.326559,106393.759702
673,-1,208.079999,91.141317,842067.079009,497402.354845,1190.000000,105760.459991,105781.446136
674,-1,207.720000,91.148272,843774.529334,499050.207192,1222.858500,103480.383584,103501.168349
675,-1,207.360000,91.092125,843006.592550,499384.901077,1314.270699,104006.555050,104025.452216
676,-1,207.000000,91.089706,842864.359895,500045.856776,1322.000000,103831.164665,103849.946464
677,-1,206.640000,91.117560,843980.950509,501335.846978,1302.298299,102252.650225,102272.104275
678,-1,206.280000,91.226629,895748.504782,527615.013252,2350.623900,44198.401137,44208.531878
679,-1,205.920000,91.153597,895941.825262,528017.732919,2414.049799,43847.620128,43856.509117
680,-1,205.559999,91.110999,896296.854736,528492.918320,2456.865500,43321.448853,43329.594467
681,-1,205.200000,91.052681,896497.582352,528888.198697,2507.421400,42970.667749,42977.921322
682,-1,204.839999,91.122182,897338.377915,529574.929279,2475.891699,41918.324950,41926.366233
683,-1,204.479999,91.089353,897228.487059,529814.289037,2499.918699,41918.325006,41925.902612
684,-1,204.119999,91.070675,897120.102433,530054.334488,2513.588600,41918.324959,41925.644906
685,-1,203.759999,91.040910,897173.752588,530365.722317,2538.559700,41742.934536,41749.824136
686,-1,203.399999,90.992342,897310.281843,530710.584816,2578.512300,41479.848798,41486.070926
687,-1,203.039999,90.938309,897530.327006,531087.385244,2623.386000,41129.067689,41134.583562
688,-1,202.679999,90.934880,897591.763235,531393.136929,2628.709900,40953.677348,40959.129630
689,-1,202.320000,90.898228,897574.416485,531664.173460,2656.289600,40865.982033,40871.004360
690,-1,201.959999,90.882472,897640.313007,531967.598050,2670.232000,40690.591545,40695.418396
691,-1,201.600000,90.903129,897545.449679,532205.013258,2655.557900,40690.591673,40695.647171
692,-1,201.239999,90.914205,897452.080115,532443.020328,2647.690200,40690.591450,40695.771718
693,-1,200.880000,90.949141,897524.079971,532744.120119,2625.778200,40515.201161,40520.760899
694,-1,200.520000,90.991068,897598.360007,533043.731069,2599.156200,40339.810546,40345.846141
695,-1,200.159999,91.022643,897839.548829,533402.283173,2583.180400,39989.029713,39995.400184
696,-1,199.800000,91.044011,898083.738957,533757.241125,2574.653900,39638.248851,39644.830127
697,-1,199.440000,91.045738,898330.894631,534108.581957,2579.861699,39287.467868,39294.012506
698,-1,199.079999,91.088088,898332.347384,534370.282877,2552.478200,39199.772525,39206.842244
699,-1,198.719999,91.166915,898335.622968,534631.448038,2500.312800,39112.077166,39120.190321
700,-1,198.359999,91.210915,898507.176758,534947.310595,2475.825400,38848.991639,38857.669501
701,-1,198.000000,91.237453,898931.437393,535341.816367,2469.188599,38322.819964,38331.759701
702,-1,197.639999,91.272700,898941.320903,535597.627864,2447.550300,38235.124817,38244.559542
703,-1,197.279999,91.345461,898952.977048,535852.846513,2401.029400,38147.429498,38157.949900
704,-1,196.920000,91.394090,898966.398609,536107.459849,2370.767700,38059.734242,38071.003098
705,-1,196.560000,91.437089,898645.347086,536261.477258,2335.587300,38322.819927,38334.877612
706,-1,196.200000,91.472223,898661.656108,536516.959358,2314.326600,38235.124781,38247.750444
707,-1,195.839999,91.511043,898595.357028,536747.868017,2288.403100,38235.124636,38248.425114
708,-1,195.480000,91.593470,898615.023984,537002.594214,2235.796700,38147.429469,38162.187143
709,-1,195.120000,91.673639,898636.436342,537256.660635,2184.939100,38059.734305,38075.977398
710,-1,194.759999,91.765633,899083.593913,537621.766204,2139.994800,37533.562791,37551.391410
711,-1,194.400000,91.811837,859866.826546,527796.089661,830.851200,77961.068807,78000.064996
712,-1,194.039999,91.835415,862383.838900,528930.442707,885.853000,75242.516116,75281.138815
713,-1,193.679999,91.810550,860140.401458,528870.943811,849.237399,77434.897333,77473.575280
714,-1,193.319999,91.851753,860282.829979,529404.649764,802.000000,77171.811645,77212.133357
715,-1,192.960000,91.861556,882905.324760,535108.387372,1546.948900,53844.877672,53873.310000
716,-1,192.600000,91.895674,860750.006538,530502.750914,766.000000,76470.249704,76512.123554
717,-1,192.240000,91.920057,861246.580020,531102.126684,754.000000,75856.382886,75898.996526
718,-1,191.879999,91.902952,861919.349016,531730.704823,802.895000,75067.125919,75108.547805
719,-1,191.520000,91.947813,862081.488455,532245.105697,753.000000,74804.040020,74847.286787
720,-1,191.159999,91.959554,861903.033760,532688.963734,734.652600,74891.735175,74935.556458
721,-1,190.800000,92.022640,862330.259611,533249.501983,670.675600,74365.563975,74411.925692
722,-1,190.439999,91.931007,861381.713280,533549.841605,760.183600,75242.516133,75285.268622
723,-1,190.080000,91.848364,861211.165393,533999.695036,866.000000,75330.211553,75369.427049
724,-1,189.719999,91.807430,861561.970793,534539.989559,933.710900,74891.735366,74929.014150
725,-1,189.359999,91.797945,861051.344190,534932.727291,932.357000,75330.211409,75367.315777
726,-1,188.999999,91.827249,861062.448827,535413.696473,896.587700,75242.516379,75280.796025
727,-1,188.639999,91.853576,861076.660084,535894.041969,864.816300,75154.820987,75194.166230
728,-1,188.280000,91.880530,861007.188766,536361.114526,829.423299,75154.821168,75195.319532
729,-1,187.919999,91.918882,861027.512545,536840.698212,782.000000,75067.125781,75109.244425
730,-1,187.560000,91.940185,861137.856156,537331.135880,760.000000,74891.735440,74934.694276
731,-1,187.200000,91.964311,861338.424653,537830.769067,737.449999,74628.649543,74672.529279
732,-1,186.840000,91.960056,861368.188044,538306.603089,746.000000,74540.954402,74584.592807
733,-1,186.479999,91.995025,861488.139576,538791.590636,706.561499,74365.563887,74410.667675
734,-1,186.119999,92.032665,861524.061420,539265.369872,660.759999,74277.868706,74324.636163
735,-1,185.760000,92.033495,861388.511495,539720.763646,656.568799,74365.563961,74412.424904
736,-1,185.399999,92.083620,861430.384114,540194.054366,594.616800,74277.868669,74327.011570
737,-1,185.040000,92.144725,872394.801818,541629.540012,929.100000,63228.268377,63272.591794
738,-1,184.679999,92.175246,861435.786991,541130.997702,479.000000,74190.173360,74243.672775
739,-1,184.320000,92.159318,862536.012480,541681.585840,542.639400,73050.135225,73102.043464
740,-1,183.960000,92.136865,862765.334200,542157.543550,581.122799,72787.049410,72837.700065
741,-1,183.600000,92.141624,860809.695723,542492.741042,502.920700,74716.344902,74768.570099
742,-1,183.240000,92.110066,860869.245473,542966.317195,547.362500,74628.649673,74679.286675
743,-1,182.880000,92.058221,860493.876801,543416.928826,602.374200,74979.430457,75027.834834
744,-1,182.519999,91.999606,860471.684588,543887.514827,679.176099,74979.430398,75025.115693
745,-1,182.160000,92.004688,860452.449390,544358.230749,672.517800,74979.430530,75025.348446
746,-1,181.800000,92.031185,860436.172192,544829.058220,637.800000,74979.430619,75026.571030
747,-1,181.440000,92.024820,860422.853649,545299.978866,646.139299,74979.430644,75026.275945
748,-1,181.079999,92.019016,860500.174032,545772.626871,656.836100,74891.735289,74938.257786
749,-1,180.720000,92.001086,860580.471116,546244.228618,683.364700,74804.040080,74849.686050
750,-1,180.359999,91.978952,861628.363705,546720.826746,748.659100,73751.697073,73795.710326
751,-1,180.000000,91.955458,861714.603034,547184.219192,781.930600,73664.001949,73706.924758
752,-1,179.639999,91.926928,861102.202684,547650.917733,798.000000,74277.868481,74319.894692
753,-1,179.280000,91.910575,861369.666060,548114.291807,828.000000,74014.782818,74055.952068
754,-1,178.919999,91.908073,861640.009679,548574.323695,840.000000,73751.697119,73792.612618
755,-1,178.560000,91.946784,862176.204801,549024.383490,808.000000,73225.525584,73267.815022
756,-1,178.199999,92.047557,862802.775398,549465.006625,701.000000,72611.659059,72658.050120
757,-1,177.839999,92.079013,863256.703296,549904.439801,677.000000,72173.182714,72220.722117
758,-1,177.480000,92.073712,863538.049518,550345.970742,693.213199,71910.097221,71957.221931
759,-1,177.120000,92.041056,863384.164327,550806.105321,728.000000,72085.487752,72131.250547
760,-1,176.760000,92.000066,863408.342429,551258.385256,779.635599,72085.487592,72129.429811
761,-1,176.399999,91.956091,863610.406001,551699.491657,841.017900,71910.097140,71952.025119
762,-1,176.040000,91.918073,863465.220924,552162.444800,882.913900,72085.487701,72125.899293
763,-1,175.680000,91.894186,863497.919349,552614.188647,913.000000,72085.487690,72124.898555
764,-1,175.320000,91.880710,863708.261120,553051.407917,935.732300,71910.097295,71948.854599
765,-1,174.960000,91.862862,863833.896696,553493.903095,961.008499,71822.401763,71860.380261
766,-1,174.600000,91.860924,864049.565556,553926.798554,969.139999,71647.011397,71684.818297
767,-1,174.239999,91.861002,864180.590556,554366.034881,971.890899,71559.316200,71597.080019
768,-1,173.879999,91.882322,864401.511374,554794.541898,951.000000,71383.925564,71422.465268
769,-1,173.519999,91.893862,864712.134112,555210.660160,945.305099,71120.839843,71159.710011
770,-1,173.160000,91.902681,865112.244533,555612.732190,946.000000,70770.058940,70809.098592
771,-1,172.800000,91.933282,865514.603964,556010.094913,920.000000,70419.278047,70459.384397
772,-1,172.440000,91.985457,866006.101997,556391.198481,871.000000,69980.801926,70022.839947
773,-1,172.080000,92.004492,866412.755383,556778.559911,860.000000,69630.020716,69672.654277
774,-1,171.719999,92.030881,866561.180283,557199.063991,831.000000,69542.325664,69586.034624
775,-1,171.359999,92.066952,866798.863535,557604.907996,793.493199,69366.935152,69412.097207
776,-1,170.999999,92.128404,867125.538734,557994.442978,728.771299,69103.849319,69151.556666
777,-1,170.639999,92.143335,867367.863381,558394.548477,717.302200,68928.458970,68976.715613
778,-1,170.280000,92.106788,870378.477439,558318.248105,871.015799,65946.820854,65991.428080
779,-1,169.920000,92.056894,870190.692381,558772.479480,919.070099,66209.906555,66252.594489
780,-1,169.560000,92.066951,870178.546408,559197.726661,904.269199,66297.601766,66340.765451
781,-1,169.200000,92.079706,870083.032163,559640.015802,883.120800,66472.992253,66516.806237
782,-1,168.840000,92.074217,869904.471825,560100.951560,879.969400,66736.077859,66779.833220
783,-1,168.480000,92.057713,870244.707693,560459.539098,908.669800,66472.992221,66515.883938
784,-1,168.119999,92.068917,870415.221131,560850.469746,898.823399,66385.296909,66428.599991
785,-1,167.759999,92.100470,870416.668635,561276.966269,859.000000,66472.992217,66517.685906
786,-1,167.399999,92.118937,870420.914362,561703.983459,834.301300,66560.687536,66606.231016
787,-1,167.040000,92.131426,870427.964872,562131.502617,816.508799,66648.382821,66694.525782
788,-1,166.679999,92.143517,870437.827057,562559.506026,799.142200,66736.077821,66782.807492
789,-1,166.320000,92.150444,870535.714001,562967.234542,791.062099,66736.077833,66783.110210
790,-1,165.960000,92.155910,870636.160650,563374.340355,784.686400,66736.078110,66783.350029
791,-1,165.600000,92.172824,870654.223606,563802.615745,761.630999,66823.773080,66871.853157
792,-1,165.239999,92.205289,870844.718304,564186.618258,727.088499,66736.077979,66785.541467
793,-1,164.880000,92.215652,870952.820778,564591.758196,715.000000,66736.077834,66786.007581
794,-1,164.520000,92.249563,871147.980493,564972.805006,678.886199,66648.382634,66699.785814
795,-1,164.159999,92.311728,871345.381673,565352.087712,610.000000,66560.687602,66614.901509
796,-1,163.799999,92.361241,871545.010210,565729.592862,556.000000,66472.992307,66529.480587
797,-1,163.440000,92.401990,871830.909245,566080.312633,516.000000,66297.601623,66355.903596
798,-1,163.080000,92.322379,873796.670405,565917.724376,686.518400,64368.306509,64421.219307
799,-1,162.720000,92.248410,874083.065502,566252.184337,776.637499,64192.915926,64242.374507
800,-1,162.360000,92.229754,874117.185840,566664.568682,794.020099,64284.099836,64332.809670
801,-1,162.000000,92.230478,874160.707735,567075.119699,789.926900,64368.306382,64417.111718
802,-1,161.639999,92.154039,874203.662373,567486.990922,872.628599,64456.001608,64501.579205
803,-1,161.279999,92.093839,874249.379146,567899.106240,937.238899,64543.696803,64586.819626
804,-1,160.919999,92.098280,874546.495349,568225.448107,938.656000,64368.306462,64411.494807
805,-1,160.560000,92.115682,874679.901250,568607.249508,919.078800,64368.306354,64412.214463
806,-1,160.199999,92.135193,874980.724796,568928.794141,903.668399,64192.916049,64237.516352
807,-1,159.839999,92.186982,875036.218779,569338.077115,842.213900,64280.611336,64327.466672
808,-1,159.479999,92.182571,874848.082016,569839.740482,833.800700,64631.392184,64678.313262
809,-1,159.119999,92.167996,874418.071393,570438.404639,827.027000,65245.258804,65291.994632
810,-1,158.759999,92.155688,874483.645737,570852.739112,837.761499,65332.954141,65379.222623
811,-1,158.400000,92.167162,874633.560464,571234.883689,824.659000,65332.954138,65379.716782
812,-1,158.040000,92.192572,874867.205994,571583.284239,799.000000,65245.258700,65293.060786
813,-1,157.680000,92.236867,875183.952736,571896.394833,755.334600,65069.868481,65119.488996
814,-1,157.320000,92.244858,877201.433281,571496.399570,825.312000,63052.877984,63101.304770
815,-1,156.959999,92.214969,877516.738753,571792.812035,865.038499,62877.487270,62924.501128
816,-1,156.599999,92.195622,877752.982703,572121.052848,889.663900,62789.792292,62835.923508
817,-1,156.240000,92.194470,877750.277327,572553.296406,884.207500,62965.182658,63011.394166
818,-1,155.880000,92.187717,877987.736498,572880.440765,894.859599,62880.900030,62926.765904
819,-1,155.519999,92.181145,878073.616248,573275.453427,898.872499,62965.182743,63010.834413
820,-1,155.160000,92.170018,878238.682519,573634.993718,911.117499,62965.182540,63010.369366
821,-1,154.799999,92.161186,878326.655440,574030.828884,917.528600,63052.877799,63097.759729
822,-1,154.439999,92.152658,878414.258283,574428.079730,923.501600,63143.999969,63188.592536
823,-1,154.079999,92.146007,878428.804186,574862.127419,924.268800,63319.399987,63363.840383
824,-1,153.719999,92.157032,878446.561696,575297.064541,905.460999,63494.799996,63539.822830
825,-1,153.360000,92.168850,878627.402542,575652.676690,892.475999,63491.354143,63536.869506
826,-1,153.000000,92.182153,879041.805256,575889.252333,887.737800,63228.268450,63274.153297
827,-1,152.639999,92.191418,879067.504680,576323.263932,870.787100,63403.658773,63450.062686
828,-1,152.279999,92.242785,879018.809239,576798.874201,803.555500,63666.744598,63715.552522
829,-1,151.919999,92.305779,878896.504038,577317.520146,719.323000,64017.525363,64069.399656
830,-1,151.560000,92.343850,878470.055744,578005.921000,648.000000,64719.087439,64773.277514
831,-1,151.199999,92.368616,878815.462533,578280.070058,627.087199,64547.199977,64602.395151
832,-1,150.839999,92.335657,879091.598792,578590.414253,668.000000,64456.001693,64509.594598
833,-1,150.479999,92.283311,879363.310519,578901.965139,730.341100,64371.799897,64422.949016
834,-1,150.119999,92.198005,879262.580405,579426.304642,813.000000,64719.087514,64766.739494
835,-1,149.759999,92.171430,878781.340554,580177.532142,813.000000,65511.899990,65558.975711
836,-1,149.399999,92.126619,878310.375617,580934.276035,835.000000,66301.200140,66346.895813
837,-1,149.039999,92.062052,878075.438094,581561.010018,891.000000,66823.773337,66867.073504
838,-1,148.679999,92.014524,877768.151307,582239.473884,924.909799,67437.639744,67479.345479
839,-1,148.319999,92.007346,877616.404892,582831.033397,918.000000,67876.115994,67917.794159
840,-1,147.959999,91.957544,877544.169800,583379.351198,965.080100,68226.896997,68266.736588
841,-1,147.600000,91.951768,877550.599905,583882.987001,963.000000,68489.982699,68529.740158
842,-1,147.240000,91.909535,877339.844093,584530.326914,996.000000,69016.154107,69054.501147
843,-1,146.879999,91.887176,877428.746146,584990.088134,1017.183000,69191.544756,69229.093821
844,-1,146.519999,91.862080,877521.140319,585450.202699,1041.820300,69366.935288,69403.584538
845,-1,146.159999,91.842398,877689.873905,585861.809487,1062.852499,69454.630404,69490.554031
846,-1,145.799999,91.808712,877788.967211,586322.096625,1098.189499,69630.021031,69664.729931
847,-1,145.439999,91.797118,877960.676841,586735.061350,1109.423299,69721.500182,69755.810363
848,-1,145.079999,91.789994,878069.604773,587193.278937,1112.738000,69893.106719,69927.229084
849,-1,144.719999,91.788572,878322.118703,587552.569885,1114.474200,69893.106701,69927.174855
850,-1,144.359999,91.782363,877294.035786,588830.052239,1072.935600,71471.620865,71506.216873
851,-1,143.999999,91.765060,878617.972771,588423.232514,1134.959099,70159.999922,70193.304594
852,-1,143.639999,91.758386,878881.270144,588776.796440,1143.255999,70156.192357,70189.243758
853,-1,143.279999,91.793835,879003.130137,589235.823081,1094.315400,70331.582904,70366.066916
854,-1,142.919999,91.830048,877446.283185,590966.309777,976.841100,72615.600011,72652.656540
855,-1,142.559999,91.808134,923541.644734,556247.360186,2826.372600,14908.190790,14915.617412
856,-1,142.200000,91.775149,923529.530257,556375.303500,2832.245800,14995.886190,15003.086319
857,-1,141.840000,91.707465,922276.680729,557479.613955,2800.280499,16663.000105,16670.401998
858,-1,141.480000,91.603694,922341.626793,557561.731901,2830.485000,16663.000041,16669.529286
859,-1,141.119999,91.512365,922475.358809,557588.391953,2859.380800,16575.300078,16581.076058
860,-1,140.760000,91.380890,922744.756236,557502.830116,2903.782000,16312.199900,16316.938621
861,-1,140.400000,91.282263,922810.520868,557581.442492,2931.896299,16311.314805,16315.400436
862,-1,140.040000,91.246689,922808.878483,557716.526867,2940.120200,16399.010009,16402.892808
863,-1,139.680000,91.176545,922474.127184,558135.758640,2949.399500,16925.181345,16928.750387
864,-1,139.319999,91.132545,922475.987088,558274.387956,2960.650500,17013.800039,17017.124397
865,-1,138.959999,91.091433,922348.186491,558527.370062,2967.868400,17275.962426,17279.097354
866,-1,138.599999,91.051493,921958.517979,559015.617445,2968.630699,17890.799865,17893.813071
867,-1,138.240000,91.022906,921967.702016,559158.113551,2975.994200,17978.500063,17981.365611
868,-1,137.879999,91.019957,922043.924304,559241.485432,2976.937300,17977.524245,17980.373136
869,-1,137.519999,91.010589,921990.592390,559443.478138,2976.783600,18152.914672,18155.738752
870,-1,137.160000,90.990740,921874.241245,559706.920524,2978.507400,18416.999990,18419.753695
871,-1,136.799999,90.976198,921889.259259,559851.558030,2981.688599,18504.699979,18507.386163
872,-1,136.440000,90.988588,921842.011978,560056.933932,2974.659300,18680.099972,18682.880894
873,-1,136.080000,90.997693,921860.722899,560201.859167,2970.180200,18766.781465,18769.627001
874,-1,135.719999,91.019112,921817.213144,560408.988674,2960.042700,18942.171905,18945.168690
875,-1,135.359999,91.056466,921775.039015,560617.902954,2944.435700,19118.600013,19121.850540
876,-1,135.000000,91.067959,921798.436934,560764.387241,2938.983800,19205.257835,19208.594537
877,-1,134.640000,91.095542,921699.174010,561036.639978,2924.703899,19468.343365,19471.902778
878,-1,134.279999,91.139242,921602.803467,561310.669285,2904.617900,19731.429235,19735.330333
879,-1,133.919999,91.159447,921630.257809,561460.888145,2895.860300,19820.199959,19824.258863
880,-1,133.559999,91.256934,921538.925642,561737.645465,2856.348900,20083.300042,20088.133660
881,-1,133.199999,91.307412,921390.501070,562080.037169,2830.640300,20434.100036,20439.421118
882,-1,132.839999,91.430433,921365.105780,562296.245398,2782.361000,20609.500139,20615.924653
883,-1,132.480000,91.518016,921223.426601,562642.715506,2741.539800,20960.300172,20967.658890
884,-1,132.119999,91.313317,920144.451725,564032.364301,2776.258200,22714.299882,22720.268289
885,-1,131.760000,91.275715,919959.402227,564453.908078,2781.435400,23151.543531,23157.283405
886,-1,131.400000,91.370800,919662.257152,565010.916478,2728.304300,23765.410270,23772.213614
887,-1,131.039999,91.458200,874171.654235,617495.563477,924.000000,93220.040523,93250.239056
888,-1,130.679999,91.453911,874897.169845,617550.043027,941.984599,92786.600112,92816.481607
889,-1,130.320000,91.471464,874546.026846,618864.794334,882.000000,94014.400044,94045.412650
890,-1,129.960000,91.417256,874606.626463,619712.212915,955.944199,94623.164430,94652.119834
891,-1,129.599999,91.433032,874839.933739,620362.901902,921.098899,94973.945476,95003.659010
892,-1,129.239999,91.461315,875023.554106,621081.431633,863.000000,95412.421482,95443.462474
893,-1,128.879999,91.514198,875320.656202,621668.037087,767.785399,95680.699935,95714.122608
894,-1,128.519999,91.467934,875683.837235,622177.080689,840.734100,95850.897607,95882.364459
895,-1,128.160000,91.375515,875831.106297,622964.393747,982.804499,96377.069136,96404.849236
896,-1,127.800000,91.339897,875875.197744,623895.549365,1026.218400,97083.900055,97110.453088
897,-1,127.440000,91.354196,876041.688225,624681.495299,989.662299,97604.802620,97632.071071
898,-1,127.079999,91.383478,876262.207469,625406.847195,929.033299,98048.600127,98077.190279
899,-1,126.719999,91.321407,915716.072131,573544.322639,2538.425099,32885.715013,32894.462875
900,-1,126.359999,91.249297,915933.019859,573598.156849,2581.708000,32799.800051,32807.598602
901,-1,125.999999,91.166371,916150.915093,573648.864097,2630.987200,32712.100032,32718.879283
902,-1,125.639999,91.040182,916317.575849,573769.151914,2703.059100,32712.099895,32717.491427
903,-1,125.279999,90.956358,916486.014488,573886.941049,2750.961300,32710.324519,32714.881758
904,-1,124.920000,90.885969,916703.350340,573934.664707,2792.486099,32624.399937,32628.300684
905,-1,124.559999,90.853462,916921.545441,573979.252216,2812.306100,32536.699920,32540.309923
906,-1,124.199999,90.839324,917090.266889,574094.691617,2820.336600,32536.699839,32540.191217
907,-1,123.839999,90.807298,929225.018210,556362.469864,3141.292200,11050.199798,11051.296779
908,-1,123.479999,90.711023,929234.761957,556473.597267,3158.782300,11137.295549,11138.153181
909,-1,123.120000,90.644474,928909.569038,557100.132431,3163.821200,11839.500050,11840.249069
910,-1,122.759999,90.535081,929019.801429,557066.295556,3187.253400,11751.162322,11751.674784
911,-1,122.399999,90.418052,929222.651745,556884.449463,3213.172500,11488.699996,11489.005816
912,-1,122.040000,90.286679,929237.195351,556997.277978,3239.076900,11576.399916,11576.544825
913,-1,121.679999,90.178567,929299.303494,557035.137154,3260.922900,11575.771736,11575.827955
914,-1,121.320000,90.048795,929360.991363,557073.676447,3287.141000,11576.400066,11576.404264
915,-1,120.959999,89.907712,929423.570306,557110.752160,3315.645300,11575.771887,11575.786903
916,-1,120.599999,89.773839,929486.057714,557147.972558,3342.692700,11575.771873,11575.862054
917,-1,120.239999,89.658321,929548.461461,557185.342234,3366.035699,11576.399941,11576.605786
918,-1,119.880000,89.525676,929655.105604,557145.734374,3392.111399,11488.700094,11489.093787
919,-1,119.520000,89.396906,929717.808235,557181.499394,3417.934100,11488.700156,11489.336635
920,-1,119.159999,89.279573,929695.270878,557370.039699,3443.670000,11664.099878,11665.021991
921,-1,118.800000,89.147373,929759.381970,557405.547830,3470.587900,11664.099897,11665.391513
922,-1,118.439999,89.046673,929782.252660,557517.207712,3492.541900,11751.162116,11752.788934
923,-1,118.080000,88.963224,929888.565111,557474.793755,3508.075200,11663.467007,11665.376778
924,-1,117.720000,88.887380,929953.330730,557509.085353,3523.519900,11663.466979,11665.666429
925,-1,117.360000,88.827155,930058.613327,557465.084129,3533.989200,11575.771899,11578.197569
926,-1,117.000000,88.756941,930123.029209,557498.867198,3548.194699,11576.400140,11579.125139
927,-1,116.640000,88.729423,930187.941481,557531.685045,3553.757300,11576.400010,11579.247018
928,-1,116.280000,88.751416,930291.888451,557485.459088,3547.400100,11488.700034,11491.428487
929,-1,115.920000,88.769211,930395.048022,557438.338447,3541.946100,11401.000030,11403.631013
930,-1,115.560000,88.787488,930459.574468,557469.448621,3538.307600,11401.000203,11403.553612
931,-1,115.200000,88.837311,930524.295139,557500.152300,3528.389300,11400.999954,11403.347796
932,-1,114.839999,88.894249,930626.049200,557450.862700,3515.362400,11313.299934,11315.407087
933,-1,114.479999,88.965717,930726.990600,557400.704664,3499.662400,11225.599841,11227.429084
934,-1,114.119999,89.022476,930791.273936,557429.729869,3488.538600,11225.599991,11227.233952
935,-1,113.759999,89.092889,930855.984108,557457.792805,3474.729600,11224.990617,11226.397560
936,-1,113.399999,89.165477,930955.211600,557406.078341,3459.236900,11137.899869,11139.081394
937,-1,113.040000,89.251634,930985.200713,557514.373728,3443.630900,11225.599932,11226.557551
938,-1,112.680000,89.357901,931084.008914,557460.855791,3421.824600,11137.899945,11138.599389
939,-1,112.319999,89.464042,931148.892971,557487.077523,3401.183699,11137.295610,11137.782892
940,-1,111.960000,89.590712,931213.484705,557514.010540,3376.564000,11137.899992,11138.184172
941,-1,111.599999,89.715910,931246.186083,557621.518199,3352.660399,11225.600052,11225.738043
942,-1,111.239999,89.822797,931311.846713,557647.276678,3331.718299,11225.599974,11225.653662
943,-1,110.880000,89.921366,931377.667776,557672.622099,3312.406200,11225.599943,11225.610515
944,-1,110.520000,90.023421,931382.380037,557861.245082,3292.339800,11400.381383,11400.382335
945,-1,110.159999,90.111498,931449.331018,557886.724033,3274.813500,11401.000122,11401.021709
946,-1,109.799999,90.234353,931516.863692,557910.618671,3250.369500,11400.381203,11400.476568
947,-1,109.439999,90.325847,931584.129305,557935.254448,3232.160600,11401.000164,11401.184539
948,-1,109.079999,90.401969,931651.956925,557958.298693,3217.017200,11400.381347,11400.661915
949,-1,108.719999,90.489832,931719.527000,557982.087032,3199.528400,11401.000025,11401.416679
950,-1,108.360000,90.586171,931815.261389,557921.045815,3181.260200,11312.685955,11313.278005
951,-1,107.999999,90.626423,902207.237600,649275.190862,2123.336100,107344.800110,107351.216098
952,-1,107.640000,90.581710,902530.430195,650484.511607,2196.431500,108397.200148,108402.787099
953,-1,107.279999,90.563404,903129.778406,650850.719207,2229.399900,108566.707793,108571.956835
954,-1,106.919999,90.518189,903473.765250,652063.777805,2305.512300,109624.999946,109629.483539
955,-1,106.559999,90.578441,904208.356957,652009.983293,2192.877400,109361.900045,109367.473538
956,-1,106.200000,90.621566,904941.010019,651951.108083,2113.408300,109098.800154,109105.220243
957,-1,105.840000,90.609015,905025.367134,654165.159429,2114.936500,111203.599860,111209.882187
958,-1,105.479999,90.616945,905652.941666,654516.973358,2097.719600,111372.955319,111379.412146
959,-1,105.119999,90.648591,905937.450284,656146.748314,2019.251399,112869.900073,112877.132246
960,-1,104.759999,90.639205,906466.255000,656923.222482,2030.894200,113483.799834,113490.862401
961,-1,104.399999,90.647107,907178.141700,657017.772162,2016.232699,113396.099966,113403.332633
962,-1,104.039999,90.626817,907868.798455,657192.791825,2056.394200,113396.100056,113402.886254
963,-1,103.680000,90.628364,908539.800066,657448.680421,2052.369200,113483.799987,113490.625011
964,-1,103.319999,90.673513,909071.496181,658297.861793,1954.686400,114185.399880,114193.289433
965,-1,102.960000,90.723716,909711.152710,658717.358002,1851.296700,114448.500029,114457.630663
966,-1,102.599999,90.776805,910144.601974,660074.659421,1728.586300,115676.300092,115686.932384
967,-1,102.240000,90.747780,910874.329846,660139.142888,1788.422100,115582.326880,115592.171423
968,-1,101.880000,90.724687,911601.288365,660211.194253,1836.044899,115500.899897,115510.139238
969,-1,101.520000,90.718940,912208.092598,660867.789396,1841.109300,116020.803215,116029.937500
970,-1,101.160000,90.731887,912989.518529,660673.140179,1819.288799,115676.299989,115685.738142
971,-1,100.799999,90.803577,913735.894661,660639.280667,1676.985500,115500.899929,115512.260524
972,-1,100.439999,90.890405,911811.146542,675090.217316,1275.651900,130059.099849,130074.806560
973,-1,100.080000,90.872490,912645.962457,675063.077935,1319.000000,129883.700092,129898.760708
974,-1,99.720000,90.892498,913375.858963,675635.591226,1266.801100,130322.199988,130338.012557
975,-1,99.360000,90.913187,914112.055326,676203.963776,1212.743300,130760.699856,130777.309779
976,-1,98.999999,90.867576,914841.923616,676847.722331,1309.000000,131279.775015,131294.826524
977,-1,98.640000,90.781845,915563.729588,677588.175247,1497.000000,131900.800004,131913.081389
978,-1,98.279999,90.781155,916345.578418,677970.458275,1495.000000,132163.899888,132176.184079
979,-1,97.919999,90.759170,917131.450205,678348.054305,1542.235400,132426.999886,132438.625399
980,-1,97.559999,90.797529,917922.264569,678713.789137,1450.000000,132682.898637,132695.753510
981,-1,97.199999,90.864216,918748.125778,678828.018240,1295.427900,132690.100106,132705.195667
982,-1,96.839999,90.855859,919628.669948,678487.406060,1321.443600,132244.422700,132259.177974
983,-1,96.479999,90.861831,920472.962551,678416.625362,1310.187400,132076.199996,132091.142889
984,-1,96.120000,90.951237,921251.059748,678943.690252,1096.759100,132514.700122,132532.964988
985,-1,95.760000,90.975555,922932.969442,670565.905827,1185.357300,124007.799919,124025.777465
986,-1,95.399999,91.011376,924286.171132,664529.913306,1216.181200,117868.800010,117887.165640
987,-1,95.039999,91.017065,923783.257440,678662.400133,953.808099,131988.500060,132009.297765
988,-1,94.679999,90.986280,924645.360046,678295.621995,1032.296500,131549.999968,131569.492564
989,-1,94.320000,90.929054,925496.324552,678003.569101,1169.525500,131192.079704,131209.328650
990,-1,93.960000,90.902681,926354.813976,677538.163536,1238.218500,130665.908370,130682.126518
991,-1,93.599999,90.966222,927212.569807,676979.632829,1103.624300,130052.041628,130070.536358
992,-1,93.239999,90.959371,928037.768616,676860.306624,1122.000000,129883.700017,129901.909744
993,-1,92.880000,90.953327,928874.719042,676465.924211,1143.000000,129445.199929,129463.120234
994,-1,92.520000,91.004130,929706.730829,676059.166822,1036.000000,128999.698771,129019.511718
995,-1,92.160000,91.020416,931580.873078,647874.456459,1502.278900,100761.831308,100777.813393
996,-1,91.800000,91.026846,931337.425402,675776.635235,991.000000,128655.899966,128676.564424
997,-1,91.440000,91.015771,932802.234809,649673.141838,1479.255500,102521.299974,102537.413384
998,-1,91.079999,90.988053,932947.030123,676168.001578,1072.086400,129006.700116,129025.884672
999,-1,90.719999,90.935755,935338.931507,550341.169899,3245.432000,3157.199986,3157.621099
1000,-1,90.360001,90.816413,935358.767753,550341.356906,3252.009700,3157.200035,3157.520576
1001,-1,90.000000,90.698256,935378.604984,550341.247983,3258.523800,3157.028790,3157.263246
