"OBJECTID","FEATURE_ID","HORIZ_ANG","ZENITH_ANG","VERTEX_X","VERTEX_Y","VERTEX_Z","DIST_2D","DIST_3D"
1,-1,90.000000,77.753548,941531.180277,553973.652463,4632.190100,9032.609887,9242.939967
2,-1,89.639999,77.725215,941587.382593,553885.780592,4617.787500,8944.914581,9154.186315
3,-1,89.279999,77.677653,941641.384453,553710.350168,4587.356600,8770.000034,8976.803921
4,-1,88.919998,77.579840,941694.828244,553621.800149,4583.734200,8682.299965,8890.364143
5,-1,88.560000,77.531814,941749.367177,553620.600676,4591.366299,8682.300060,8892.008863
6,-1,88.200000,77.491935,941803.897908,553619.058356,4597.705700,8682.299971,8893.379591
7,-1,87.839999,77.461454,941858.400095,553616.702718,4602.447799,8681.828822,8893.947913
8,-1,87.480000,77.445692,941912.903923,553614.475360,4604.954300,8681.828678,8894.492261
9,-1,87.119999,77.425406,941963.010122,553524.787219,4588.723600,8594.599997,8805.821749
10,-1,86.759999,77.418076,942016.934555,553521.904679,4589.877900,8594.600145,8806.073268
11,-1,86.399999,77.441776,942070.810432,553518.217679,4586.042200,8594.133664,8804.783192
12,-1,86.040000,77.492344,942124.691229,553514.657646,4578.082299,8594.133500,8803.055727
13,-1,85.679998,77.551144,942178.549061,553510.759360,4568.830700,8594.133586,8801.056826
14,-1,85.319999,77.621996,942232.419032,553506.987714,4557.790700,8594.600159,8799.139285
15,-1,84.959999,77.710851,942293.930720,553589.773310,4562.929099,8682.299899,8885.912568
16,-1,84.600000,77.808687,942348.212436,553584.341234,4547.304000,8681.828911,8882.139592
17,-1,84.239999,77.917364,942402.550910,553579.505942,4530.175800,8682.300162,8878.999112
18,-1,83.879999,78.036532,942456.810316,553573.860284,4511.298500,8682.299957,8875.066670
19,-1,83.520000,78.205563,942501.135686,553480.734486,4466.238500,8594.600131,8779.969499
20,-1,83.159999,78.386514,942554.717272,553474.008449,4437.834400,8594.133730,8773.750874
21,-1,82.799999,78.498264,942608.369396,553467.871651,4420.466300,8594.600076,8770.728009
22,-1,82.439999,78.589525,942661.862071,553460.472715,4406.120400,8594.133535,8767.421420
23,-1,82.079999,78.679087,942715.432830,553453.662362,4392.236999,8594.600032,8765.142762
24,-1,81.720000,78.767530,942768.828064,553445.591840,4378.350100,8594.133477,8761.969668
25,-1,81.360000,78.850946,942835.483771,553524.813466,4382.724200,8682.299827,8849.308596
26,-1,80.999999,78.932521,942889.317653,553515.983759,4369.794100,8681.828921,8846.355353
27,-1,80.639999,79.027451,942943.245038,553507.745915,4354.955600,8682.299982,8843.981320
28,-1,80.280000,79.131852,942997.042831,553498.704594,4338.546300,8682.299940,8840.872631
29,-1,79.919988,79.210388,941546.529000,545027.384267,2688.316300,87.695329,89.273578
30,-1,79.560033,79.250297,941547.071978,545027.290763,2688.253900,87.700033,89.266539
31,-1,79.199970,79.290517,941547.613643,545027.189057,2688.190100,87.699895,89.254526
32,-1,78.839925,79.331267,941548.154653,545027.084070,2688.125499,87.699875,89.242524
33,-1,78.479918,79.372369,941548.694022,545026.971210,2688.059500,87.695275,89.225808
34,-1,78.120051,79.413906,941549.234375,545026.864255,2687.994600,87.700119,89.218623
35,-1,77.759933,79.455782,941549.772432,545026.744504,2687.927400,87.695431,89.201693
36,-1,77.399931,79.498066,941550.310488,545026.625738,2687.860400,87.695168,89.189198
37,-1,77.039926,79.540791,941550.847889,545026.504019,2687.792800,87.695343,89.177073
38,-1,76.680019,79.583876,941551.384305,545026.378691,2687.724600,87.695241,89.164617
39,-1,76.320035,79.627365,941551.920065,545026.250083,2687.655799,87.695256,89.152219
40,-1,75.960065,79.671294,941552.456153,545026.122786,2687.587199,87.700086,89.144645
41,-1,75.599939,79.715513,941552.989289,545025.982695,2687.516399,87.695249,89.127219
42,-1,75.239941,79.760140,941553.523736,545025.848509,2687.446700,87.699922,89.119400
43,-1,74.879941,79.805221,941554.054903,545025.701855,2687.374600,87.695165,89.101930
44,-1,74.519938,79.850612,941554.586398,545025.556514,2687.302900,87.695224,89.089324
45,-1,74.159977,79.896432,941555.118221,545025.412486,2687.231400,87.700096,89.081549
46,-1,73.800016,79.942579,941555.647748,545025.260255,2687.158500,87.699912,89.068608
47,-1,73.439930,79.989106,941556.176618,545025.105072,2687.085100,87.700172,89.056076
48,-1,73.079993,80.036048,941556.704176,545024.946279,2687.011000,87.700062,89.043116
49,-1,72.719975,80.083303,941557.229438,545024.779613,2686.935600,87.695211,89.025322
50,-1,72.359986,80.130917,941557.755027,545024.614259,2686.860500,87.695174,89.012383
51,-1,72.000073,80.178946,941558.280945,545024.450217,2686.785600,87.699947,89.004279
52,-1,71.639885,80.227278,941558.803253,545024.273709,2686.708600,87.695212,88.986511
53,-1,71.279947,80.276014,941559.325562,545024.098512,2686.631800,87.695185,88.973481
54,-1,70.919931,80.325085,941559.846887,545023.920035,2686.554500,87.695197,88.960469
55,-1,70.560012,80.374562,941560.368539,545023.742870,2686.477400,87.700018,88.952297
56,-1,70.200010,80.424278,941560.885926,545023.553238,2686.398300,87.695124,88.934280
57,-1,69.839875,80.474411,941561.403970,545023.364918,2686.319399,87.695151,88.921215
58,-1,69.480081,80.524954,941561.920373,545023.173645,2686.239900,87.695302,88.908242
59,-1,69.119932,80.575755,941562.437761,545022.983357,2686.160800,87.700181,88.900069
60,-1,68.759960,80.626954,941562.950227,545022.780929,2686.079500,87.695428,88.882103
61,-1,68.400109,80.678390,941563.464661,545022.584079,2685.999400,87.700047,88.873650
62,-1,68.039977,80.730224,941563.976471,545022.379355,2685.917900,87.699840,88.860282
63,-1,67.680050,80.782377,941564.485001,545022.167414,2685.835200,87.695176,88.842393
64,-1,67.319951,80.834899,941564.994186,545021.956456,2685.752700,87.695133,88.829173
65,-1,66.960004,80.887736,941565.503699,545021.746811,2685.670499,87.699890,88.820815
66,-1,66.599996,80.940909,941566.008292,545021.525354,2685.586300,87.695314,88.803000
67,-1,66.240028,80.994366,941566.513212,545021.304882,2685.502400,87.695234,88.789749
68,-1,65.880032,81.048206,941567.018788,545021.085723,2685.418699,87.700081,88.781474
69,-1,65.519999,81.102346,941567.521084,545020.859017,2685.333799,87.700162,88.768383
70,-1,65.160053,81.156736,941568.021739,545020.629031,2685.248500,87.700040,88.755109
71,-1,64.799960,81.211439,941568.519113,545020.391498,2685.162000,87.695154,88.737024
72,-1,64.439959,81.266562,941569.019112,545020.159872,2685.076400,87.700193,88.728966
73,-1,64.080078,81.321877,941569.515174,545019.920371,2684.989700,87.699890,88.715544
74,-1,63.719931,81.377565,941570.010252,545019.677917,2684.902500,87.699965,88.702502
75,-1,63.359984,81.433578,941570.501393,545019.428246,2684.814100,87.695287,88.684666
76,-1,63.000042,81.489803,941570.995158,545019.183824,2684.726800,87.699939,88.676306
77,-1,62.640000,81.440816,944836.023405,551327.640367,3753.902600,7191.009626,7272.000392
78,-1,62.279999,81.391012,944876.086317,551306.749661,3760.295800,7191.009880,7272.954897
79,-1,61.920000,81.347260,944916.016683,551285.607314,3765.913400,7191.009610,7273.797652
80,-1,61.559999,81.327214,944955.813848,551264.214641,3768.487800,7191.009668,7274.185461
81,-1,61.199999,81.311633,944953.413918,551166.062278,3757.146800,7103.699978,7186.164245
82,-1,60.840000,81.312091,944992.271124,551144.100380,3757.029700,7103.314435,7185.765437
83,-1,60.480000,81.314729,945031.367503,551122.566958,3756.753900,7103.700043,7186.104967
84,-1,60.119999,81.365751,945069.945837,551100.118512,3750.222800,7103.314584,7184.740537
85,-1,59.760000,81.401124,945108.768266,551078.095262,3745.795000,7103.699845,7184.458072
86,-1,59.400000,81.456364,945147.061497,551055.163878,3738.732699,7103.314458,7183.024429
87,-1,59.040000,81.495467,945140.292153,550957.123063,3720.662700,7015.619214,7093.619465
88,-1,58.679998,81.530819,945178.218915,550934.652964,3716.294299,7016.000022,7093.351403
89,-1,58.319998,81.584846,945215.605651,550911.295727,3709.476500,7015.619219,7091.973798
90,-1,57.959999,81.610138,945160.195001,550739.668118,3680.499100,6840.599830,6914.598712
91,-1,57.599999,81.602166,945196.557133,550716.752153,3681.471600,6840.600018,6914.740861
92,-1,57.239999,81.620945,945232.573465,550693.295835,3679.126200,6840.228730,6914.031390
93,-1,56.880000,81.670430,945268.845374,550670.236826,3673.145300,6840.599910,6913.529641
94,-1,56.519999,81.747517,945304.564135,550646.329722,3663.692599,6840.228589,6911.799110
95,-1,56.159999,81.838773,945340.337029,550622.508575,3652.571400,6840.228874,6910.211870
96,-1,55.799999,81.924309,945376.167994,550598.770105,3642.204600,6840.600218,6909.115490
97,-1,55.439999,82.063012,945411.640364,550574.499813,3625.317100,6840.600187,6906.763323
98,-1,55.080000,82.193074,945446.746921,550549.702618,3609.441100,6840.228769,6904.221030
99,-1,54.720000,82.327825,945481.909580,550524.989741,3593.056700,6840.228649,6902.014419
100,-1,54.360001,82.472183,945516.916400,550500.056720,3575.515799,6840.228848,6899.694720
101,-1,54.000000,82.621895,945551.765740,550474.903883,3557.336600,6840.228682,6897.336491
102,-1,53.640000,82.790616,945586.456615,550449.532871,3536.864000,6840.228907,6894.737586
103,-1,53.279999,82.945568,945568.553764,550353.650517,3507.223300,6752.533553,6804.040638
104,-1,52.920000,83.054264,945444.072386,550118.568966,3462.212900,6489.800010,6537.779944
105,-1,52.560000,83.110246,945476.312151,550093.601824,3455.736000,6489.447766,6536.650159
106,-1,52.200000,83.184648,945508.608674,550068.712439,3447.187400,6489.447963,6535.630381
107,-1,51.839999,83.304421,945594.931336,550112.573899,3443.726200,6577.142913,6622.309385
108,-1,51.480000,83.388319,945627.566769,550087.217979,3434.005600,6577.499796,6621.537568
109,-1,51.120084,83.497497,941586.225771,545009.310156,2681.599500,87.695318,88.263122
110,-1,50.760001,83.562375,941586.653591,545008.962716,2681.498900,87.695119,88.251589
111,-1,50.399965,83.627430,941587.079444,545008.612979,2681.398100,87.695359,88.240583
112,-1,50.040021,83.692725,941587.502671,545008.260289,2681.296900,87.695114,88.229163
113,-1,49.680099,83.758197,941587.923930,545007.905303,2681.195500,87.695304,88.218270
114,-1,49.320074,83.823860,941588.342893,545007.547364,2681.093800,87.695219,88.207186
115,-1,48.960067,83.889731,941588.759558,545007.186800,2680.991800,87.695108,88.196161
116,-1,48.599905,83.955761,941589.174256,545006.823612,2680.889600,87.695189,88.185422
117,-1,48.240008,84.022072,941589.589609,545006.461736,2680.787500,87.700151,88.179664
118,-1,47.879994,84.088435,941589.999385,545006.093299,2680.684800,87.699965,88.168843
119,-1,47.519917,84.155038,941590.403912,545005.718956,2680.581300,87.695342,88.153643
120,-1,47.160127,84.221884,941590.812048,545005.349206,2680.478400,87.700004,88.147862
121,-1,46.800051,84.288767,941591.211653,545004.969613,2680.374500,87.695109,88.132592
122,-1,46.440073,84.355933,941591.612243,545004.591333,2680.270699,87.695308,88.122521
123,-1,46.080009,84.423214,941592.010208,545004.210100,2680.166700,87.695020,88.112067
124,-1,45.719941,84.490778,941592.409485,545003.830180,2680.062800,87.700052,88.107039
125,-1,45.359983,84.558381,941592.799248,545003.440745,2679.957899,87.695091,88.092092
126,-1,44.999999,84.626225,941593.193605,545003.055903,2679.853600,87.700088,88.087237
127,-1,44.640016,84.694123,941593.578446,545002.661547,2679.748300,87.695091,88.072463
128,-1,44.280020,84.762294,941593.964600,545002.268503,2679.643100,87.695412,88.063116
129,-1,43.920000,84.786572,950185.621302,553275.217837,3767.884700,12014.900196,12064.810735
130,-1,43.559999,84.777278,950174.263057,553160.240704,3761.833400,11927.199914,11976.923559
131,-1,43.200000,84.777476,950225.262955,553105.329725,3761.732699,11926.552655,11976.269821
132,-1,42.839999,84.792363,950276.863573,553050.982393,3758.667200,11927.200012,11976.635861
133,-1,42.479999,84.856745,950262.492867,552936.211297,3737.203299,11838.857310,11886.717136
134,-1,42.119999,84.891767,950312.555431,552881.193362,3729.908400,11838.857381,11886.065467
135,-1,41.760000,84.922634,950296.855659,552767.456057,3715.688200,11751.162192,11797.454161
136,-1,41.399999,84.968923,950345.857202,552712.225524,3706.120200,11751.162227,11796.611270
137,-1,41.039999,85.010461,950262.222198,552541.529343,3682.223000,11575.771772,11619.803909
138,-1,40.679999,84.999994,950376.789554,552544.096267,3692.081700,11664.100004,11708.655074
139,-1,40.319999,85.014445,950423.903305,552487.958256,3689.062000,11663.466857,11707.761524
140,-1,39.960000,85.010382,950404.409906,552376.016223,3682.293900,11576.400009,11620.435932
141,-1,39.600000,85.000549,950450.465588,552319.717123,3684.240999,11575.771617,11619.979441
142,-1,39.239999,85.017775,950496.650863,552263.530227,3680.734100,11575.771604,11619.674341
143,-1,38.879998,85.027510,950474.214885,552152.008797,3671.122500,11488.076506,11531.476013
144,-1,38.520000,85.053703,950450.733960,552041.060856,3658.241599,11400.381462,11442.995728
145,-1,38.159999,85.059372,950426.214324,551930.694279,3649.524399,11312.685871,11354.875161
146,-1,37.799999,85.041850,950469.955707,551874.667488,3653.009900,11312.685826,11355.175830
147,-1,37.439999,85.052924,950513.344399,551818.367076,3650.807100,11312.686002,11354.985834
148,-1,37.079998,85.056635,950556.378434,551761.795010,3650.068799,11312.686044,11354.922232
149,-1,36.720000,85.066466,950528.762348,551652.520623,3640.543400,11224.990899,11266.732634
150,-1,36.360000,85.067086,950570.753733,551595.855054,3640.421100,11224.990752,11266.721970
151,-1,36.000000,85.063410,950612.388493,551538.926690,3641.146599,11224.990754,11266.784380
152,-1,35.640000,85.057174,950654.159735,551482.092814,3642.430100,11225.599868,11267.501751
153,-1,35.279999,85.052044,950695.078288,551424.642798,3643.442800,11225.600143,11267.589326
154,-1,34.920000,85.036289,950663.229270,551316.388421,3638.883500,11137.295607,11179.221041
155,-1,34.560000,85.019649,950703.106159,551258.884599,3642.142400,11137.295551,11179.503432
156,-1,34.200000,85.009499,950742.621172,551201.131434,3644.130500,11137.295715,11179.676366
157,-1,33.840000,84.989571,950708.932919,551094.295689,3640.345400,11049.600329,11091.984823
158,-1,33.480000,84.974158,950747.413485,551036.509059,3643.340600,11049.600273,11092.246761
159,-1,33.119999,84.950655,950712.083175,550930.565374,3640.160000,10961.905006,11004.610946
160,-1,32.760000,84.927451,950749.534872,550872.762340,3644.634200,10961.904980,11005.005613
161,-1,32.400000,84.900901,950712.579237,550767.735647,3641.929000,10874.209810,10917.415885
162,-1,32.040000,84.882620,950749.007970,550709.932613,3645.426300,10874.209839,10917.727305
163,-1,31.680000,84.851159,950710.444727,550605.846535,3643.543400,10786.514716,10830.215414
164,-1,31.319999,84.824621,950670.940213,550502.474366,3640.637400,10698.819338,10742.614252
165,-1,30.960000,84.782804,950706.200969,550445.236948,3648.563400,10699.400001,10743.910370
166,-1,30.600000,84.744769,950664.620672,550342.544240,3647.606199,10611.124052,10655.915444
167,-1,30.240000,84.700622,950698.378806,550285.050917,3655.851899,10611.124069,10656.673868
168,-1,29.880000,84.655783,950731.775065,550227.346636,3664.228200,10611.124118,10657.450814
169,-1,29.519999,84.612442,950841.119006,550212.643253,3680.596100,10698.819226,10746.292286
170,-1,29.159999,84.554393,950874.057589,550154.043633,3691.533100,10698.819396,10747.324869
171,-1,28.799999,84.502572,950906.627077,550095.237976,3701.298400,10698.819230,10748.255834
172,-1,28.439999,84.440859,950861.714766,549994.465212,3704.394400,10611.124077,10661.266819
173,-1,28.080000,84.359127,950893.790161,549936.011588,3719.733600,10611.700112,10663.336950
174,-1,27.719999,84.290865,950924.479732,549876.818465,3732.443499,10611.124270,10664.020757
175,-1,27.359999,84.217847,950955.306442,549817.701458,3746.103400,10611.124154,10665.388168
176,-1,26.999999,84.125330,950907.624123,549718.579281,3754.392700,10523.428916,10578.988019
177,-1,26.639999,84.082814,950937.457068,549659.571525,3762.284799,10523.429028,10579.798822
178,-1,26.279999,84.054928,950888.287219,549561.549411,3758.329800,10435.733502,10492.164061
179,-1,25.920000,84.024628,950917.133946,549502.666327,3763.908600,10435.733683,10492.743533
180,-1,25.559999,84.019053,950945.609939,549443.602796,3764.935300,10435.733534,10492.850314
181,-1,25.199999,84.003561,950894.365291,549347.022937,3758.576400,10348.038294,10404.970232
182,-1,24.839999,83.994887,950921.863924,549288.105732,3760.160200,10348.038337,10405.135848
183,-1,24.479999,83.993778,950948.991822,549229.016939,3760.362800,10348.038386,10405.157094
184,-1,24.119999,84.000102,950975.748002,549169.758856,3759.208000,10348.038504,10405.036441
185,-1,23.759999,84.025543,950921.868845,549075.000843,3745.384999,10260.343207,10316.377676
186,-1,23.400000,84.058889,950947.657507,549015.916316,3739.348400,10260.343045,10315.750943
187,-1,23.040000,84.049312,950892.374809,548922.349246,3731.941300,10172.647928,10227.760314
188,-1,22.679999,84.050045,950917.205140,548863.452710,3731.809700,10172.647835,10227.746580
189,-1,22.320000,84.062542,950942.175563,548804.611292,3729.624200,10173.199864,10228.069330
190,-1,21.960000,84.052382,950884.420757,548712.403471,3722.254100,10084.952676,10139.533328
191,-1,21.600000,84.052233,950907.932193,548653.561397,3722.280700,10084.952775,10139.536183
192,-1,21.240000,84.111743,950849.335197,548562.802721,3702.649200,9997.257507,10050.284168
193,-1,20.879999,84.127210,950789.971143,548472.928229,3690.901500,9909.562278,9961.846814
194,-1,20.520000,84.114688,950811.979629,548414.684251,3693.090100,9909.562204,9962.070916
195,-1,20.159999,84.099100,950751.299304,548326.079441,3686.751000,9821.866902,9874.188213
196,-1,19.799999,84.086314,950772.385876,548268.081197,3688.966400,9821.866773,9874.416092
197,-1,19.439999,84.076614,950793.107948,548209.951720,3690.647100,9821.866989,9874.589612
198,-1,19.080000,84.067715,950731.085762,548123.199597,3683.131500,9734.700007,9787.112552
199,-1,18.719999,84.067777,950750.397731,548065.162640,3683.066000,9734.171594,9786.580200
200,-1,18.360000,84.068079,950769.845199,548007.175551,3683.014100,9734.171816,9786.575056
201,-1,18.000000,84.064844,950705.524461,547921.967716,3674.452800,9646.476346,9698.464394
202,-1,17.639999,84.062458,950724.072981,547864.265076,3674.858900,9646.476353,9698.506402
203,-1,17.280000,84.080578,950742.758639,547806.602790,3671.829500,9647.000116,9698.714466
204,-1,16.919999,84.090344,950760.080455,547748.515963,3670.113400,9646.476315,9698.016618
205,-1,16.560000,84.097671,950693.480194,547665.479384,3659.800500,9558.781077,9609.725699
206,-1,16.199999,84.110329,950626.204410,547583.391294,3648.619800,9471.086037,9521.346049
207,-1,15.839999,84.102422,950558.261961,547502.257270,3640.882199,9383.390880,9433.319916
208,-1,15.480000,84.093699,950574.666783,547445.624181,3642.378700,9383.899893,9433.980110
209,-1,15.120000,84.084848,950589.733354,547388.620358,3643.791000,9383.390690,9433.619051
210,-1,14.760000,84.074091,950520.131787,547309.313758,3636.469200,9295.695651,9345.636548
211,-1,14.399999,84.059581,950534.834514,547252.787952,3638.848700,9295.695579,9345.882441
212,-1,14.040000,84.051191,950549.181598,547196.171268,3640.224700,9295.695414,9346.024786
213,-1,13.680000,84.047954,950563.173040,547139.465344,3640.755600,9295.695559,9346.079967
214,-1,13.319999,84.045770,950576.807855,547082.672479,3641.113800,9295.695612,9346.117170
215,-1,12.960000,84.048020,950590.085388,547025.795296,3640.744800,9295.695547,9346.078835
216,-1,12.600000,84.065411,950603.005309,546968.835764,3637.892700,9295.695489,9345.783460
217,-1,12.240000,84.096473,950615.567292,546911.796180,3632.798899,9295.695627,9345.258307
218,-1,11.879999,84.169566,950541.953594,546836.625399,3611.860300,9208.000326,9255.882017
219,-1,11.519999,84.258848,950553.685854,546779.971969,3597.364500,9208.000228,9254.420603
220,-1,11.159999,84.362003,950651.099045,546740.219424,3589.279100,9295.695544,9340.882359
221,-1,10.800000,84.467786,950662.223367,546682.882268,3571.952800,9295.695424,9339.195970
222,-1,10.440000,84.553756,950672.987453,546625.476215,3557.876099,9295.695515,9337.849503
223,-1,10.079999,84.621407,950683.390647,546568.003561,3546.801900,9295.695600,9336.805024
224,-1,9.720000,84.629242,950693.432294,546510.466930,3545.519499,9295.695499,9336.684803
225,-1,9.360000,84.651231,950703.112393,546452.868292,3541.920600,9295.695548,9336.348681
226,-1,8.999999,84.696965,950712.430287,546395.209615,3534.436200,9295.695429,9335.653856
227,-1,8.639999,84.743010,950721.385978,546337.493851,3526.902000,9295.695616,9334.960720
228,-1,8.279999,84.776146,950816.759803,546292.351881,3529.498500,9383.390856,9422.526569
229,-1,7.920000,84.815476,950738.208123,546221.899266,3515.046900,9295.695542,9333.881911
230,-1,7.560000,84.839577,950746.574248,546164.091311,3511.150299,9296.199989,9334.033010
231,-1,7.200000,84.861137,950666.572768,546095.111134,3499.691800,9208.000336,9245.160874
232,-1,6.840000,84.881071,950673.643620,546037.689333,3496.462499,9208.000329,9244.872179
233,-1,6.480000,84.898461,950680.353580,545980.224224,3493.645300,9208.000359,9244.621275
234,-1,6.119999,84.903286,950599.506629,545913.368715,3485.042200,9120.304870,9156.508212
235,-1,5.760000,84.902503,950605.437063,545856.372110,3485.167900,9120.305059,9156.519567
236,-1,5.400000,84.913621,950611.008902,545799.339088,3483.384000,9120.304861,9156.361041
237,-1,5.040000,84.926036,950616.222475,545742.272273,3481.392200,9120.304860,9156.184668
238,-1,4.680000,84.939319,950621.077452,545685.173962,3479.261199,9120.304938,9155.996522
239,-1,4.320000,84.955777,950625.573506,545628.046123,3476.620899,9120.304932,9155.763992
240,-1,3.960000,84.969316,950542.713763,545564.868756,3466.772500,9033.099959,9068.031088
241,-1,3.599999,84.978757,950458.443919,545502.698277,3457.524500,8944.914379,8979.374381
242,-1,3.240000,84.973111,950374.241659,545441.639672,3450.698900,8857.219205,8891.418386
243,-1,2.880000,84.967090,950377.212454,545386.067604,3451.636900,8857.219233,8891.500653
244,-1,2.519999,84.963301,950379.834168,545330.477821,3452.227199,8857.219399,8891.552624
245,-1,2.160001,84.962801,950382.106145,545274.872945,3452.304999,8857.219170,8891.559226
246,-1,1.800000,84.962936,950384.029041,545219.254618,3452.284000,8857.219269,8891.557481
247,-1,1.440000,84.963824,950385.602201,545163.625464,3452.145699,8857.219131,8891.545202
248,-1,1.080000,84.949952,950299.146337,545106.334568,3446.557300,8769.523947,8803.698250
249,-1,0.720000,84.940559,950300.011821,545051.240846,3448.006200,8769.523949,8803.825911
250,-1,0.359999,84.935413,950212.837783,544995.591679,3441.028000,8681.828876,8715.857154
251,-1,0.000000,84.936480,950213.009042,544941.042576,3440.865100,8681.828764,8715.842663
252,-1,359.640000,84.945081,950212.837783,544886.493472,3439.551600,8681.828876,8715.726944
253,-1,359.279999,84.964080,950300.011821,544830.844305,3444.378100,8769.523949,8803.506693
254,-1,358.919999,84.997253,950299.146337,544775.750584,3439.261499,8769.523947,8803.059031
255,-1,358.560000,85.037167,950297.934725,544720.663751,3433.105900,8769.523953,8802.524383
256,-1,358.199999,85.041355,950296.376986,544665.585121,3432.460100,8769.523940,8802.468526
257,-1,357.840000,85.076054,950294.473446,544610.517646,3427.109600,8769.524154,8802.007873
258,-1,357.479999,85.145703,950292.223779,544555.462966,3416.371300,8769.524210,8801.092727
259,-1,357.119999,85.204853,950202.043513,544504.829866,3399.896900,8681.828769,8712.322384
260,-1,356.759999,85.250004,950199.131773,544450.358190,3393.007600,8681.828972,8711.749391
261,-1,356.400001,85.288353,950195.877515,544395.906199,3387.157000,8681.828833,8711.266726
262,-1,356.039999,85.321803,950105.260570,544347.499143,3374.916100,8594.599855,8623.328509
263,-1,355.679998,85.344784,950100.897062,544293.673792,3371.408000,8594.133586,8622.578369
264,-1,355.319999,85.367126,950096.660522,544239.841878,3368.034600,8594.133710,8622.305365
265,-1,354.959999,85.387662,950092.085399,544186.037524,3364.934200,8594.133414,8622.055202
266,-1,354.599999,85.403925,950087.172680,544132.263025,3362.479000,8594.133484,8621.858188
267,-1,354.240000,85.414608,950081.922362,544078.520679,3360.866200,8594.133709,8621.729327
268,-1,353.880000,85.420751,950076.334119,544024.812125,3359.938899,8594.133604,8621.655139
269,-1,353.519999,85.454308,950070.408606,543971.139660,3354.873400,8594.133586,8621.252181
270,-1,353.159998,85.478048,949977.074803,543927.949786,3344.354600,8506.438228,8532.999748
271,-1,352.800000,85.506505,949970.542664,543874.903304,3340.103400,8506.438175,8532.665578
272,-1,352.440001,85.510469,949876.744623,543833.436195,3332.625600,8418.743144,8444.654267
273,-1,352.080000,85.506024,949869.620621,543781.021602,3333.282700,8418.743138,8444.705722
274,-1,351.720000,85.500539,949862.167224,543728.652940,3334.093700,8418.742907,8444.769075
275,-1,351.359999,85.494532,949854.385416,543676.331851,3334.981799,8418.743195,8444.839080
276,-1,350.999999,85.477561,949759.659227,543637.779434,3330.554699,8331.047991,8357.067468
277,-1,350.640000,85.466619,949751.308194,543586.104669,3332.155700,8331.047935,8357.193802
278,-1,350.280000,85.467396,949742.632686,543534.483053,3332.041900,8331.047974,8357.184847
279,-1,349.920000,85.470010,949733.632704,543482.917211,3331.659499,8331.047677,8357.154339
280,-1,349.560000,85.475823,949724.309232,543431.408784,3330.808999,8331.047728,8357.087261
281,-1,349.199998,85.485172,949714.662270,543379.959740,3329.441000,8331.047781,8356.979517
282,-1,348.840000,85.498138,949704.692473,543328.572704,3327.544100,8331.047995,8356.830626
283,-1,348.479999,85.512957,949780.328149,543259.735571,3332.257800,8418.743009,8444.625349
284,-1,348.119999,85.522706,949769.601464,543207.938102,3330.816500,8418.743063,8444.512768
285,-1,347.760000,85.533920,949758.549649,543156.209203,3329.158700,8418.743193,8444.383644
286,-1,347.399998,85.565399,949747.172703,543104.550514,3324.505399,8418.743055,8444.022434
287,-1,347.039999,85.594152,949820.933055,543033.297047,3327.012100,8506.438391,8531.650126
288,-1,346.680000,85.642247,949808.782816,542981.249251,3319.829700,8506.438365,8531.101349
289,-1,346.320001,85.672995,949881.513314,542908.538767,3321.873700,8594.133671,8618.699683
290,-1,345.960000,85.705193,949868.577972,542856.112362,3317.016699,8594.133715,8618.334634
291,-1,345.600000,85.735876,949855.313235,542803.768635,3312.388600,8594.133429,8617.988994
292,-1,345.240000,85.825590,949926.521754,542729.166750,3305.259300,8681.828907,8704.922298
293,-1,344.879999,85.913386,949912.458462,542676.461147,3291.886400,8681.828900,8703.959059
294,-1,344.520000,85.973261,947278.131054,543349.432242,3091.393500,5963.276505,5978.033949
295,-1,344.160001,85.915412,947268.017229,543313.354886,3097.444600,5963.276399,5978.461812
296,-1,343.800000,85.859169,947257.677026,543277.341507,3103.328599,5963.276470,5978.883875
297,-1,343.440000,85.804983,947247.110446,543241.394072,3108.998200,5963.276174,5979.295645
298,-1,343.080000,85.758667,947236.318473,543205.513567,3113.844900,5963.276178,5979.652146
299,-1,342.720000,85.712824,947225.301435,543169.701630,3118.642700,5963.276322,5980.009038
300,-1,342.360000,85.676217,947214.059331,543133.959576,3122.474300,5963.276223,5980.296593
301,-1,341.999998,85.664519,947202.593147,543098.288715,3123.698800,5963.276425,5980.389237
302,-1,341.640000,85.649946,947190.902882,543062.691018,3125.224300,5963.276325,5980.504653
303,-1,341.279999,85.642338,947178.989192,543027.167138,3126.020699,5963.276341,5980.565128
304,-1,340.920000,85.633363,947166.852405,542991.719047,3126.960300,5963.276159,5980.636413
305,-1,340.560000,85.623750,947154.493506,542956.347726,3127.966600,5963.276390,5980.713346
306,-1,340.200000,85.615731,947141.912166,542921.054818,3128.806100,5963.276185,5980.777259
307,-1,339.839999,85.600220,947046.787356,542916.064998,3123.682600,5875.581302,5892.947539
308,-1,339.480001,85.584271,947033.955033,542881.449910,3125.327800,5875.580989,5893.073667
309,-1,339.119998,85.591700,947020.905846,542846.915530,3124.561500,5875.581239,5893.014967
310,-1,338.759999,85.597050,947007.639797,542812.464156,3124.009600,5875.581244,5892.972576
311,-1,338.399999,85.591995,946994.157540,542778.096770,3124.531099,5875.581259,5893.012649
312,-1,338.040000,85.573036,946980.459405,542743.815015,3126.486800,5875.580989,5893.163015
313,-1,337.679998,85.548292,946966.546375,542709.619545,3129.039600,5875.581108,5893.360729
314,-1,337.320001,85.512614,946871.504898,542709.326567,3125.838300,5787.885918,5805.682750
315,-1,336.960000,85.489903,946857.377302,542675.816463,3128.146800,5787.885977,5805.863881
316,-1,336.600000,85.465429,946762.556625,542677.223941,3123.679500,5700.190638,5718.089328
317,-1,336.240001,85.430340,946748.229554,542644.399203,3127.192599,5700.190693,5718.368203
318,-1,335.880001,85.398508,946733.696447,542611.665017,3130.379800,5700.190725,5718.623046
319,-1,335.519999,85.386205,946718.957959,542579.022694,3131.611699,5700.190804,5718.722085
320,-1,335.159999,85.370249,946704.014420,542546.473874,3133.209500,5700.190552,5718.850581
321,-1,334.800000,85.358920,946688.866812,542514.019543,3134.344000,5700.190452,5718.942166
322,-1,334.440000,85.346117,946594.403090,542519.497550,3128.487400,5612.495484,5631.061002
323,-1,334.079998,85.349769,946579.088160,542487.732194,3128.127299,5612.495508,5631.031819
324,-1,333.719999,85.348516,946563.574084,542456.063950,3128.250799,5612.495540,5631.041865
325,-1,333.359999,85.356603,946547.861189,542424.493803,3127.453400,5612.495442,5630.977159
326,-1,332.999999,85.373122,946531.950131,542393.023066,3125.824600,5612.495216,5630.845310
327,-1,332.639999,85.389790,946515.841896,542361.652721,3124.181200,5612.495298,5630.713062
328,-1,332.280000,85.414715,946499.536810,542330.384411,3121.723900,5612.495228,5630.516016
329,-1,331.919999,85.441010,946483.035859,542299.218791,3119.131700,5612.495577,5630.309729
330,-1,331.559999,85.467517,946466.339042,542268.157830,3116.518700,5612.495425,5630.102484
331,-1,331.200000,85.496393,946526.295287,542194.954892,3120.579700,5700.190481,5717.844935
332,-1,330.839999,85.528273,946432.361748,542206.353491,3110.530300,5612.495362,5629.632358
333,-1,330.480000,85.568362,946415.082583,542175.612739,3106.579600,5612.495337,5629.325686
334,-1,330.120000,85.620608,946321.572599,542188.669472,3094.715300,5524.800114,5540.978205
335,-1,329.759998,85.687312,946304.184511,542158.624912,3088.246199,5524.800219,5540.488082
336,-1,329.399999,85.747776,946211.124986,542173.330920,3075.862899,5437.104954,5452.112942
337,-1,329.040000,85.834207,946193.642737,542143.980913,3067.616500,5437.104940,5451.507684
338,-1,328.680000,85.922195,946175.976434,542114.741142,3059.223499,5437.105032,5450.904512
339,-1,328.319998,86.024228,946158.126404,542085.612919,3049.493100,5437.104834,5450.221018
340,-1,327.959998,86.154391,946065.756838,542103.120758,3031.188599,5349.409764,5361.481690
341,-1,327.599999,86.263976,946047.836270,542074.685448,3020.912300,5349.409737,5360.802256
342,-1,327.240000,86.345249,945808.496854,542188.724590,2996.488300,5086.323956,5096.689239
343,-1,326.879998,86.424551,945791.119264,542161.903777,2989.420300,5086.324078,5096.243698
344,-1,326.519998,86.514227,945773.573367,542135.192873,2981.429200,5086.323985,5095.751499
345,-1,326.160001,86.602716,945755.860148,542108.592860,2973.545300,5086.323957,5095.278201
346,-1,325.799999,86.697469,945737.979934,542082.104396,2965.105000,5086.323905,5094.784952
347,-1,325.439997,86.800686,945719.933711,542055.728793,2955.912500,5086.323913,5094.263663
348,-1,325.080001,86.901814,945701.722461,542029.467362,2946.907900,5086.324049,5093.769190
349,-1,324.719998,86.989265,945611.757090,542053.970922,2934.510100,4998.628797,5005.537880
350,-1,324.360000,87.038891,945450.997897,542130.587567,2921.096399,4823.238282,4829.686737
351,-1,324.000000,87.072255,945362.315003,542157.560282,2913.795300,4735.542943,4741.732130
352,-1,323.639999,87.103735,945344.750406,542133.543598,2911.186700,4735.543014,4741.599678
353,-1,323.279999,87.132677,945327.035218,542109.637806,2908.788600,4735.543021,4741.479119
354,-1,322.920000,87.163866,945309.170097,542085.843890,2906.204400,4735.542905,4741.350436
355,-1,322.560000,87.203980,945291.156025,542062.162507,2902.880900,4735.543060,4741.187306
356,-1,322.200001,87.250789,945272.993332,542038.594969,2899.003000,4735.542951,4740.999615
357,-1,321.840001,87.298166,945254.683001,542015.141932,2895.078400,4735.542958,4740.813002
358,-1,321.479999,87.344849,945167.613621,542046.419756,2887.144799,4647.847752,4652.842848
359,-1,321.120001,87.380746,945081.087219,542078.674285,2880.214900,4560.152577,4564.921690
360,-1,320.760002,87.415555,945063.032465,542056.426298,2877.438700,4560.152513,4564.795600
361,-1,320.399999,87.447844,945044.838276,542034.291828,2874.863700,4560.152677,4564.680377
362,-1,320.040000,87.477598,945026.505308,542012.272515,2872.490900,4560.152534,4564.575192
363,-1,319.680000,87.523826,945008.034544,541990.368687,2868.804600,4560.152627,4564.414537
364,-1,319.319999,87.573049,944989.426313,541968.581329,2864.879800,4560.152575,4564.246602
365,-1,318.960000,87.618382,944970.681600,541946.911425,2861.265400,4560.152486,4564.094887
366,-1,318.599999,87.659808,944951.801061,541925.359631,2857.962700,4560.152428,4563.958778
367,-1,318.240000,87.703539,944932.785679,541903.926931,2854.476500,4560.152491,4563.817820
368,-1,317.879998,87.749006,944913.635783,541882.613981,2850.852100,4560.152487,4563.674023
369,-1,317.520000,87.786243,944829.676305,541920.645401,2844.493900,4472.457393,4475.797811
370,-1,317.160000,87.828019,944874.936385,541840.351599,2844.554099,4560.152348,4563.430856
371,-1,316.800002,87.871512,944855.388524,541819.403478,2841.087600,4560.152533,4563.300977
372,-1,316.440000,87.929697,944772.160344,541859.010682,2833.280300,4472.457085,4475.378376
373,-1,316.080000,87.996858,944752.731577,541838.707901,2828.031200,4472.457178,4475.191915
374,-1,315.720001,88.067759,944795.959837,541757.301896,2825.448699,4560.152441,4562.746813
375,-1,315.360000,88.130472,944775.891636,541736.851478,2820.451900,4560.152672,4562.581296
376,-1,314.999999,88.191215,944755.695154,541716.527699,2815.612400,4560.152670,4562.425977
377,-1,314.639999,88.255437,944796.990347,541633.933048,2813.167100,4647.847763,4650.003112
378,-1,314.279999,88.298688,944776.146884,541613.478693,2809.655400,4647.847854,4649.897618
379,-1,313.919999,88.345609,944755.175142,541593.155899,2805.845900,4647.847683,4649.785906
380,-1,313.560002,88.410083,944734.076430,541572.965322,2800.611500,4647.847690,4649.637737
381,-1,313.199999,88.488785,944712.851079,541552.907292,2794.222500,4647.847867,4649.465032
382,-1,312.840000,88.573287,944691.500072,541532.983447,2787.363200,4647.847698,4649.289023
383,-1,312.479997,88.625865,944610.800758,541577.870168,2780.991899,4560.152513,4561.464311
384,-1,312.120001,88.680833,944589.608872,541558.587070,2776.614600,4560.152487,4561.361412
385,-1,311.760000,88.719107,952569.927557,532577.515466,3042.199500,16574.400263,16578.542913
386,-1,311.399998,88.783999,944488.869244,541586.202829,2766.538200,4472.457238,4473.464681
387,-1,311.040001,88.830072,944467.732147,541567.685477,2762.940200,4472.457377,4473.389911
388,-1,310.680000,88.879473,944503.641524,541482.796540,2760.797700,4560.152575,4561.024778
389,-1,310.320001,88.943551,944425.110513,541531.051036,2754.078800,4472.457323,4473.217701
390,-1,309.960000,88.996701,944403.627944,541512.935259,2749.928600,4472.457420,4473.143203
391,-1,309.599999,89.059387,944382.031859,541494.954980,2745.034000,4472.457317,4473.060073
392,-1,309.240000,89.121106,944360.323241,541477.110855,2740.215000,4472.457140,4472.983382
393,-1,308.880000,89.197624,944338.503075,541459.403214,2734.240800,4472.457259,4472.895852
394,-1,308.519999,89.276859,944316.572016,541441.833039,2728.054699,4472.457324,4472.813566
395,-1,308.160001,89.397668,944294.531050,541424.401315,2718.623200,4472.457182,4472.704333
396,-1,307.800001,89.481743,944326.130068,541337.815202,2712.853000,4560.152611,4560.339167
397,-1,307.440001,89.604869,944303.435231,541320.325408,2703.052800,4560.152447,4560.260888
398,-1,307.079999,89.731269,944280.630815,541302.978330,2692.992300,4560.152378,4560.202537
399,-1,306.720000,89.817035,962399.681847,516964.186128,2783.060500,34902.705546,34902.883505
400,-1,306.360000,89.779829,961495.617382,517822.321879,2801.007600,33674.972326,33675.220956
401,-1,306.000000,89.691211,961273.286462,517768.364638,2852.620300,33587.277099,33587.764883
402,-1,305.640000,89.624996,960948.869460,517858.666623,2889.715200,33324.191520,33324.905295
403,-1,305.279999,89.552106,960727.673052,517808.786145,2931.426200,33236.496113,33237.511661
404,-1,304.920000,89.494455,960607.018110,517616.801621,2965.644600,33324.191404,33325.488633
405,-1,304.560000,89.493785,960484.706018,517425.264930,2966.809200,33411.886469,33413.190562
406,-1,304.200000,89.507719,960360.738419,517234.189197,2959.436700,33499.581847,33500.818372
407,-1,303.840000,89.512824,960137.445230,517189.266715,2955.706200,33411.886491,33413.094334
408,-1,303.480000,89.497913,960059.463102,516926.619274,2965.938899,33587.277016,33588.566662
409,-1,303.120000,89.511878,959930.994855,516737.308957,2958.499100,33674.972406,33676.194490
410,-1,302.760000,89.552821,959705.969715,516696.003922,2933.749300,33587.277050,33588.300043
411,-1,302.400000,89.592982,959575.132706,516508.323195,2910.828299,33674.972170,33675.821874
412,-1,302.039999,89.625765,959396.129783,516395.511412,2891.559100,33674.972461,33675.690794
413,-1,301.679999,89.651459,959170.366127,516358.455056,2875.923800,33587.277156,33587.898614
414,-1,301.319999,89.706028,958944.843941,516323.105717,2843.484000,33499.581970,33500.022909
415,-1,300.959999,89.733654,958764.689445,516214.258166,2827.331200,33499.581800,33499.943757
416,-1,300.599999,89.765237,958539.214174,516182.027587,2808.505800,33411.886509,33412.166979
417,-1,300.240000,89.775138,958225.685602,516303.017175,2801.699800,33148.800987,33149.056273
418,-1,299.879999,89.762904,957958.042108,516350.764455,2808.052000,32973.410388,32973.692706
419,-1,299.520000,89.754263,957734.871295,516324.427565,2812.648600,32885.715094,32886.017558
420,-1,299.160000,89.774204,957554.749280,516223.182361,2801.203200,32885.715119,32885.970486
421,-1,298.799999,89.868199,957458.489302,515969.374797,2747.656099,33061.105647,33061.193120
422,-1,298.440000,89.792783,956733.212209,516872.327388,2787.050800,31921.067450,31921.276213
423,-1,298.079999,89.688261,956515.273669,516854.737528,2844.806600,31833.372205,31833.843392
424,-1,297.719999,89.614584,956338.507618,516761.144539,2885.742900,31833.372367,31834.092601
425,-1,297.359999,89.615633,956201.459992,516590.779066,2885.748500,31921.067462,31921.785755
426,-1,297.000000,89.638293,956023.041713,516499.163108,2873.123200,31921.067581,31921.703675
427,-1,296.640000,89.670270,955804.730142,516487.055849,2854.802900,31833.372212,31833.899356
428,-1,296.279999,89.670196,955625.667836,516397.934636,2854.843900,31833.372275,31833.899655
429,-1,295.919999,89.680070,955446.049101,516309.940389,2849.357800,31833.372218,31833.868492
430,-1,295.560000,89.707859,955228.044616,516302.189421,2833.470600,31745.676914,31746.089578
431,-1,295.199999,89.742262,955047.832050,516216.695169,2814.408500,31745.677014,31745.998207
432,-1,294.839999,89.759781,954830.246527,516211.917291,2804.333900,31657.981658,31658.259900
433,-1,294.479999,89.836370,954613.136069,516208.736195,2761.764899,31570.286619,31570.415363
434,-1,294.119999,89.827173,954289.002202,516447.262621,2765.774300,31219.505383,31219.647410
435,-1,293.760000,89.798127,949445.767138,526962.288507,2740.815800,19643.733938,19643.855866
436,-1,293.399999,89.718529,949367.475628,526832.432140,2768.537000,19731.429161,19731.667257
437,-1,293.040000,89.673854,949253.542129,526783.552972,2783.922600,19731.429276,19731.748952
438,-1,292.680000,89.615609,949139.303512,526735.390995,2803.981900,19731.428955,19731.873011
439,-1,292.320000,89.547966,949058.069423,526606.822355,2827.969800,19819.124383,19819.741209
440,-1,291.959999,89.538286,948975.518735,526478.559160,2832.024900,19906.819659,19907.466032
441,-1,291.599999,89.446466,950634.921584,521947.616450,2910.528000,24730.057638,24731.211767
442,-1,291.239999,89.355217,950585.580475,521645.655440,2952.878300,24993.143555,24994.726243
443,-1,290.879999,89.276776,950439.033524,521589.225106,2987.099900,24993.143631,24995.134851
444,-1,290.519999,89.206058,950107.693636,522026.502775,3010.662000,24466.971935,24469.321118
445,-1,290.159999,89.104284,950175.113777,521396.810137,3063.729400,25080.838651,25083.903799
446,-1,289.799999,89.026684,950027.011383,521342.963788,3097.707400,25080.838675,25084.457992
447,-1,289.439999,88.909634,949820.200116,521455.440597,3145.623500,24905.448203,24909.958745
448,-1,289.080000,88.755892,949729.806268,521238.068000,3216.289399,25080.838739,25086.752561
449,-1,288.719999,88.684478,949637.005601,521020.910626,3251.593400,25256.229264,25262.887886
450,-1,288.359999,88.617260,949514.174810,520887.221589,3283.356700,25343.924435,25351.306615
451,-1,287.999999,88.661299,949417.082156,520670.731865,3267.964400,25519.314851,25526.282067
452,-1,287.640000,88.821273,949291.007605,520538.090726,3198.482500,25607.010351,25612.430187
453,-1,287.279999,88.963944,949137.526941,520489.816544,3134.695300,25607.010056,25611.197113
454,-1,286.920000,89.174501,948983.746409,520442.507255,3040.567000,25607.010266,25609.668261
455,-1,286.559999,89.397538,948804.676557,520480.223059,2939.947900,25519.315029,25520.725851
456,-1,286.200000,89.520975,948650.842219,520435.005630,2884.964400,25519.314899,25520.206809
457,-1,285.840000,89.654335,948496.726714,520390.755390,2825.563599,25519.314999,25519.779419
458,-1,285.480000,89.754635,948318.930153,520431.988576,2780.513300,25431.619617,25431.852814
459,-1,285.119999,89.848191,948164.802181,520389.823962,2738.986600,25431.619590,25431.708857
460,-1,284.760000,89.914052,956120.623867,489565.710085,2757.505699,57264.992034,57265.056463
461,-1,284.399999,89.950512,955881.449149,489050.434869,2721.443300,57703.468236,57703.489759
462,-1,284.040000,89.929720,955572.546879,488791.222461,2742.599200,57878.858618,57878.902160
463,-1,283.680000,89.960490,955240.212242,488618.899315,2711.576300,57966.553968,57966.567750
464,-1,283.319999,89.901104,955370.958700,486485.808765,2775.290100,60071.239596,60071.329080
465,-1,282.959999,89.846626,955023.070288,486314.543687,2832.642000,60158.935063,60159.150602
466,-1,282.600000,89.804961,954597.055064,486487.679496,2875.493800,59895.849099,59896.196125
467,-1,282.239999,89.883998,954210.934117,486492.440313,2792.692700,59808.153824,59808.276403
468,-1,281.879999,89.959821,946838.812378,519710.877485,2689.683699,25782.400761,25782.407100
469,-1,281.519999,89.966355,953422.924538,486595.506708,2706.568799,59545.068118,59545.078384
470,-1,281.159999,90.019591,953022.149749,486694.014713,2651.303700,59369.677734,59369.681204
471,-1,280.800000,90.065562,952606.651236,486881.390651,2603.969000,59106.592175,59106.630872
472,-1,280.439999,90.140771,946107.754457,520102.924929,2609.551000,25256.229319,25256.305549
473,-1,280.080000,90.179167,945936.254144,520161.001585,2592.900100,25168.534071,25168.657127
474,-1,279.720000,90.213642,1004693.105134,176203.617322,1276.634800,374107.895578,374110.496341
475,-1,279.360000,90.260612,1002588.965642,174516.125291,963.959700,375423.324394,375427.208055
476,-1,278.999999,90.238320,999670.429156,177864.271810,1125.717300,371652.428885,371655.643926
477,-1,278.639999,90.284333,1000406.095336,157478.508119,726.715800,391910.029510,391914.855320
478,-1,278.279999,90.266593,1010511.106950,70942.589000,442.868199,478991.403133,478996.588233
479,-1,277.919999,90.272722,1007616.129800,69910.523151,388.712899,479605.269923,479610.703102
480,-1,277.559999,90.271705,1002749.516502,83674.751199,465.006800,465310.945766,465316.177798
481,-1,277.200000,90.270745,997519.986606,101744.005087,560.660999,446719.554612,446724.542143
482,-1,276.839999,90.257650,988164.774674,156168.676093,910.810899,391559.248475,391563.207489
483,-1,276.480000,90.213593,984860.105430,163464.088012,1240.341300,383929.762610,383932.430424
484,-1,276.120000,90.219645,951572.318659,451293.132759,2310.541600,94184.688102,94185.380177
485,-1,275.760000,90.243126,951010.120965,450970.133733,2270.825700,94447.774061,94448.624386
486,-1,275.399999,90.252501,978347.149296,155468.771981,947.542700,391208.467619,391212.266582
487,-1,275.040000,90.241728,975706.709039,157429.044307,1030.348400,389016.086515,389019.548722
488,-1,274.679999,90.260979,974516.229464,142013.866476,830.141300,404275.058233,404279.252119
489,-1,274.319999,90.234888,943446.862798,519581.676628,2567.344500,25431.619704,25431.833414
490,-1,273.959999,90.248329,943287.488444,519570.140562,2561.378300,25431.619834,25431.858702
491,-1,273.600000,90.248718,971133.746400,74421.728039,625.047600,471449.612655,471454.054671
492,-1,273.239999,90.237328,967269.799075,90267.595297,785.244800,455401.383570,455405.290383
493,-1,272.879999,90.230768,963394.682810,110346.865178,918.981299,435143.782870,435147.312363
494,-1,272.520000,90.218505,958643.197234,156125.939302,1187.363500,389191.476856,389194.307034
495,-1,272.160000,90.221642,956186.657200,156376.628433,1167.410600,388840.696097,388843.605501
496,-1,271.799999,90.197188,953755.979975,155941.607978,1332.162700,389191.477097,389193.782000
497,-1,271.440000,90.175654,951316.006836,155697.141275,1477.900599,389366.867530,389368.697327
498,-1,271.080000,90.153596,948861.873621,156081.743524,1628.975100,388928.391254,388929.788777
499,-1,270.720000,90.154889,946411.858180,156569.489268,1621.622399,388402.219915,388403.639139
500,-1,270.359999,90.183860,944376.553523,92091.759956,1218.393100,452858.221652,452860.553305
501,-1,270.000000,90.057453,941531.180277,504601.231851,2631.153300,40339.810724,40339.831005
502,-1,269.640000,90.001572,941277.719498,504602.028110,2670.496900,40339.810739,40339.810754
503,-1,269.279999,89.974281,941024.268561,504604.416884,2689.711100,40339.810753,40339.814817
504,-1,268.920000,89.924645,940779.102385,505046.796577,2724.081700,39901.334375,39901.368884
505,-1,268.560000,89.845352,940535.067440,505315.312116,2778.592399,39638.248640,39638.393027
506,-1,268.200000,89.806117,940286.112885,505322.353113,2805.736000,39638.248543,39638.475487
507,-1,267.839999,89.763979,940057.038869,505856.755587,2832.720800,39112.077192,39112.409040
508,-1,267.480000,89.660822,939823.063287,506129.620527,2901.583700,38848.991558,38849.672273
509,-1,267.120000,89.539537,939579.239299,506141.119192,2983.823999,38848.991340,38850.245939
510,-1,266.759999,89.423908,939330.535728,506066.594078,3063.113500,38936.686844,38938.655114
511,-1,266.399999,89.319012,939080.819036,505993.666402,3135.449200,39024.381878,39027.138421
512,-1,266.039999,89.162347,938842.211574,506097.316786,3240.890799,38936.686889,38940.848390
513,-1,265.679999,89.050101,938604.809818,506202.424843,3315.735100,38848.991594,38854.331197
514,-1,265.320000,88.998202,938232.675391,504648.324933,3378.537400,40427.505853,40433.686257
515,-1,264.959999,88.925035,937987.279557,504757.201356,3428.535000,40339.810702,40346.911555
516,-1,264.599999,88.903613,937743.121580,504867.567605,3441.944800,40252.115285,40259.485961
517,-1,264.239999,88.900484,937482.607666,504804.906969,3445.826900,40339.810629,40347.239592
518,-1,263.880000,88.955056,937183.760166,504395.159757,3415.388900,40778.286810,40785.069463
519,-1,263.520000,89.030002,936929.090400,504423.275514,3362.032100,40778.286855,40784.131348
520,-1,263.159999,89.092935,936329.941664,501579.645375,3363.048400,43672.229738,43677.703072
521,-1,262.799999,89.209638,936057.598377,501613.181397,3274.075200,43672.229770,43676.385206
522,-1,262.440000,89.326299,935808.236014,501819.953621,3183.103600,43499.200034,43502.207248
523,-1,262.079999,89.427894,935513.570921,501685.383680,3107.691200,43672.229721,43674.406932
524,-1,261.719999,89.568102,935229.279167,501637.265995,3001.473800,43759.924860,43761.168150
525,-1,261.359999,89.712943,934983.667782,501851.116617,2889.968100,43584.534401,43585.081414
526,-1,261.000000,89.881491,934617.027111,501286.797207,2763.022200,44198.401019,44198.495562
527,-1,260.639999,89.910547,921164.322717,421379.542652,2867.117400,125228.803197,125228.955820
528,-1,260.279999,89.840690,920373.564128,421423.513037,3020.043800,125316.498612,125316.983026
529,-1,259.920000,89.822264,919536.508715,421213.521002,3061.434500,125667.279638,125667.884280
530,-1,259.560000,89.822414,918298.709354,418853.098558,3068.987899,128210.441586,128211.057424
531,-1,259.200000,89.940269,917424.777047,418570.850763,2805.718800,128648.917817,128648.987723
532,-1,258.839999,90.054368,918685.028135,429135.282718,2559.596399,118037.793455,118037.846598
533,-1,258.480000,90.022771,917940.341304,429195.185485,2624.657400,118125.488854,118125.498183
534,-1,258.120000,90.058865,917195.505852,429259.877941,2550.152500,118213.184124,118213.246514
535,-1,257.759999,90.041645,879002.842080,256710.370679,2457.231300,294935.100149,294935.178057
536,-1,257.400000,90.112449,915609.862369,428975.731856,2438.391399,118827.050844,118827.279698
537,-1,257.040000,90.125559,840538.679179,106096.915673,1684.772700,450315.059703,450316.140984
538,-1,256.680000,90.089382,882555.540355,295844.943656,2272.266000,255982.406819,255982.718307
539,-1,256.320000,90.020363,880991.597945,296220.413050,2580.625499,255982.406780,255982.422947
540,-1,255.959999,90.011285,878153.557361,291501.172488,2620.147600,261244.121152,261244.126219
541,-1,255.599999,90.015860,877565.619560,295811.632043,2600.405300,257210.140061,257210.149915
542,-1,255.240000,89.994682,876202.645908,296981.667104,2695.401300,256420.883094,256420.884198
543,-1,254.879999,90.032616,869613.567879,278771.967960,2514.652000,275713.835806,275713.880479
544,-1,254.520000,90.064577,867283.210663,276848.149301,2358.064400,278184.400023,278184.576717
545,-1,254.159999,90.121973,866126.843225,279176.088214,2083.499800,276254.999978,276255.625968
546,-1,253.800000,90.135608,860499.152053,266026.971796,1984.170300,290446.636195,290447.449708
547,-1,253.440000,90.071451,858448.356286,265532.919635,2308.084700,291498.979085,291499.205752
548,-1,253.079999,90.088232,857153.839518,267570.639969,2225.139500,289920.464741,289920.808509
549,-1,252.719999,90.111989,855959.778586,269864.748569,2108.530000,288078.864743,288079.415030
550,-1,252.360000,90.102428,848806.842432,253343.372820,2124.591500,305985.300032,305985.788981
551,-1,252.000000,90.159583,847062.952219,254197.732003,1820.131800,305705.607987,305706.793774
552,-1,251.640000,90.172007,800848.165384,121044.466486,1330.765300,446631.859477,446633.872146
553,-1,251.279999,90.162084,783439.440031,78415.414277,1278.120700,492584.165593,492586.136618
554,-1,250.919999,90.191580,818207.792410,188401.893123,1410.137600,377264.924274,377267.033260
555,-1,250.559999,90.164512,825776.767758,216969.572208,1672.968800,347799.323451,347800.757137
556,-1,250.199999,90.149399,824068.454245,218675.769911,1767.406500,346765.800150,346766.979003
557,-1,249.840000,90.182720,821809.225168,218843.956582,1563.777900,347379.700081,347381.466557
558,-1,249.479999,90.192581,825579.177930,235143.033236,1559.765199,330786.446879,330788.315429
559,-1,249.120000,90.183008,823447.427600,235386.074417,1613.352199,331312.618169,331314.308256
560,-1,248.760000,90.176410,812037.372008,211776.138041,1571.045600,357445.800078,357447.494357
561,-1,248.399999,90.166782,792312.113558,168056.701858,1491.670400,405349.400086,405351.117420
562,-1,248.039999,90.168334,817528.663519,237406.072673,1697.383100,331593.699993,331595.131118
563,-1,247.679999,90.168325,798912.204689,197545.504101,1568.349400,375531.399952,375533.020546
564,-1,247.320000,90.162260,796875.397739,198790.917292,1609.151900,375160.238638,375161.743065
565,-1,246.960000,90.152698,826753.494807,275065.752931,1890.014700,293268.799981,293269.841484
566,-1,246.599999,90.180855,824613.652302,274760.576704,1742.342200,294392.921936,294394.388557
567,-1,246.240000,90.157368,833906.933256,300462.092886,1937.932500,267119.702358,267120.709908
568,-1,245.879999,90.177909,818318.335168,269753.028977,1735.373300,301512.600115,301514.053663
569,-1,245.519999,90.171327,816235.114269,269749.398078,1767.438800,302373.188888,302374.540715
570,-1,245.160000,90.165950,749965.681847,131114.305598,1350.804099,456015.250212,456017.162986
571,-1,244.799999,90.186469,826521.381098,300532.778441,1792.505200,270116.000053,270117.430573
572,-1,244.439999,90.194097,824344.741094,299915.234400,1751.494200,271606.900134,271608.458636
573,-1,244.080000,90.171596,823382.547809,301839.537966,1862.101100,270291.399969,270292.612168
574,-1,243.720000,90.184389,822168.077468,303215.764872,1804.005600,269589.799868,269591.195924
575,-1,243.359999,90.211288,820304.309214,303278.118750,1674.584000,270364.426320,270366.264664
576,-1,243.000000,90.234279,799518.901310,266226.251581,1392.537700,312808.922661,312811.537682
577,-1,242.639999,90.192695,862412.163319,392043.823436,2092.614000,172155.100026,172156.073649
578,-1,242.280000,90.191688,793327.488168,262893.864873,1605.646200,318614.100134,318615.883268
579,-1,241.920000,90.183639,841595.945109,357621.636047,1991.124100,212310.177076,212311.267584
580,-1,241.559999,90.081185,840295.671463,358021.905588,2370.397800,212573.262705,212573.476102
581,-1,241.199999,90.040825,842370.906157,364569.173661,2524.939499,205831.900003,205831.952256
582,-1,240.840000,89.980619,837393.695967,358303.111719,2743.899000,213724.899983,213724.912211
583,-1,240.479999,90.067406,836784.836949,359953.203235,2421.504400,212584.799891,212584.947008
584,-1,240.120000,90.112688,836023.543196,361309.336349,2255.069900,211784.005567,211784.415184
585,-1,239.760000,90.094162,828815.070080,351585.996872,2303.783300,223810.400109,223810.702356
586,-1,239.400000,90.136342,830102.421508,356525.301298,2150.704900,218899.200186,218899.819959
587,-1,239.040000,90.180305,834791.696250,367015.461748,2018.655400,207486.938777,207487.966169
588,-1,238.679999,90.192928,843471.433156,383787.841261,2036.397700,188642.700096,188643.769541
589,-1,238.320000,90.268311,848402.278281,394034.701673,1841.179999,177329.400021,177331.344425
590,-1,237.959999,90.293037,824013.309670,357164.971278,1538.645800,221518.177276,221521.074523
591,-1,237.599999,90.301314,847740.218909,397150.136058,1751.072600,175039.699735,175042.120249
592,-1,237.240000,90.271253,846191.405734,396775.605311,1837.471500,176189.299929,176191.274434
593,-1,236.880000,90.279038,845070.667818,397083.758567,1811.822400,176540.099972,176542.193605
594,-1,236.519999,90.299705,937902.729529,539454.891803,2637.197799,6577.499915,6577.589902
595,-1,236.160000,90.258934,937819.694262,539405.255091,2641.483700,6664.838446,6664.906507
596,-1,235.800000,90.215204,937784.782258,539428.385294,2646.569200,6665.199803,6665.246819
597,-1,235.439999,90.165872,937750.219335,539452.033213,2652.308099,6665.199879,6665.227810
598,-1,235.080000,90.120177,937716.012711,539476.194254,2657.624500,6664.838388,6664.853049
599,-1,234.720000,90.064443,937732.402114,539571.862697,2664.206400,6577.142852,6577.147012
600,-1,234.360000,90.002885,937698.533743,539595.546705,2671.272700,6577.499947,6577.499955
601,-1,233.999998,89.932253,937665.022655,539619.733337,2679.381200,6577.500040,6577.504637
602,-1,233.639999,89.872418,937631.876068,539644.417342,2686.249500,6577.143162,6577.159468
603,-1,233.279999,89.819409,937598.673707,539669.021952,2692.334600,6577.142950,6577.175620
604,-1,232.919999,89.762768,937565.626529,539693.834566,2698.836600,6577.142877,6577.199255
605,-1,232.560000,89.702371,937532.735846,539718.854201,2705.769900,6577.142942,6577.231681
606,-1,232.199999,89.653593,937499.784141,539743.798049,2711.371600,6577.499941,6577.620158
607,-1,231.839999,89.619918,937467.429218,539769.511252,2715.235300,6577.142913,6577.287631
608,-1,231.480001,89.579901,937489.631602,539863.758111,2719.186100,6489.447837,6489.622276
609,-1,231.119998,89.544575,937457.809815,539889.252154,2723.187500,6489.447848,6489.652859
610,-1,230.760001,89.514966,937481.402944,539982.596456,2725.801800,6402.099997,6402.329402
611,-1,230.399999,89.495078,937394.650493,539940.837025,2728.793999,6489.447912,6489.699908
612,-1,230.040000,89.475092,937419.637647,540034.143925,2730.254400,6401.752663,6402.021324
613,-1,229.680000,89.451146,937388.663300,540059.809228,2732.933500,6402.100116,6402.393865
614,-1,229.319998,89.428386,937358.075434,540085.933848,2735.476899,6402.100029,6402.418647
615,-1,228.960000,89.395273,937270.301332,540046.367654,2740.099200,6489.447740,6489.809209
616,-1,228.599999,89.341103,937239.631446,540073.236038,2746.235400,6489.447731,6489.876863
617,-1,228.240000,89.300297,937208.896599,540100.033885,2750.862100,6489.799791,6490.283752
618,-1,227.879999,89.252736,937119.745859,540062.236060,2757.394000,6577.500029,6578.059483
619,-1,227.519999,89.219494,937089.419804,540090.313432,2761.206000,6577.142945,6577.753252
620,-1,227.160000,89.201857,937058.786991,540118.055503,2763.235900,6577.499982,6578.138218
621,-1,226.800001,89.185944,937028.571828,540146.251312,2765.063100,6577.499988,6578.163931
622,-1,226.439998,89.172756,936998.534159,540174.636754,2766.577300,6577.499927,6578.185556
623,-1,226.080000,89.163801,936968.675623,540203.209860,2767.605600,6577.500100,6578.200656
624,-1,225.720000,89.157519,936938.997204,540231.970301,2768.326900,6577.500061,6578.211184
625,-1,225.359999,89.151315,936909.750872,540261.170702,2769.034000,6577.143035,6577.864631
626,-1,225.000000,89.145489,936880.185314,540290.047613,2769.708199,6577.500155,6578.231732
627,-1,224.640000,89.138209,936788.652689,540257.739935,2771.863400,6665.200038,6665.954058
628,-1,224.279999,89.131419,936822.108002,540348.859503,2771.323800,6577.500061,6578.255931
629,-1,223.919999,89.126147,936793.604779,540378.785624,2771.923700,6577.143004,6577.908036
630,-1,223.559999,89.119934,936765.032985,540408.642520,2772.637100,6577.143017,6577.918968
631,-1,223.200001,89.112140,936672.458695,540378.399142,2774.896700,6665.199960,6666.000292
632,-1,222.840001,89.103540,936643.886902,540409.017191,2775.897400,6665.199968,6666.015881
633,-1,222.479998,89.095293,936615.507694,540439.814374,2776.857000,6665.200092,6666.031088
634,-1,222.120000,89.083059,936587.323039,540470.789049,2778.280499,6665.199995,6666.053619
635,-1,221.759999,89.025993,936297.941072,540268.556842,2790.878400,7015.619396,7016.633230
636,-1,221.399998,88.924774,936202.616131,540243.281630,2804.929300,7103.700004,7104.951048
637,-1,221.039999,88.809531,936173.204773,540276.854398,2819.223100,7103.699942,7105.233582
638,-1,220.679999,88.576501,935811.773409,540025.049127,2859.016300,7541.790670,7544.118893
639,-1,220.319998,88.373565,935847.860935,540117.825844,2883.257600,7454.095410,7457.099679
640,-1,219.960000,88.151578,935817.358043,540153.370065,2912.177400,7454.500157,7458.381067
641,-1,219.600000,88.084589,935787.389271,540189.365399,2920.902500,7454.500057,7458.667498
642,-1,219.239999,88.028584,935825.880664,540281.277617,2925.164900,7366.400284,7370.762937
643,-1,218.880000,87.980335,935796.404345,540316.965866,2931.389800,7366.799875,7371.379048
644,-1,218.520001,87.955278,935767.463786,540353.089481,2934.615600,7366.799941,7371.493504
645,-1,218.159999,87.889699,935808.018823,540443.824864,2939.812300,7278.704841,7283.644682
646,-1,217.799999,87.833152,935779.562843,540479.630895,2947.020800,7279.100032,7284.308594
647,-1,217.440000,87.771341,935751.644920,540515.857200,2954.885200,7279.099844,7284.609995
648,-1,217.080001,87.735781,935793.921411,540605.134909,2955.942300,7191.400044,7197.019026
649,-1,216.720000,87.727289,935696.494112,540588.832448,2960.490300,7279.099919,7284.830192
650,-1,216.359999,87.729864,935669.263523,540625.578438,2960.162700,7279.100133,7284.817422
651,-1,215.999998,87.728511,935642.264562,540662.495031,2960.334900,7279.100040,7284.824152
652,-1,215.640000,87.738092,935615.498211,540699.580258,2959.115800,7279.100006,7284.775901
653,-1,215.279999,87.750331,935588.965128,540736.833136,2957.558399,7279.100074,7284.714669
654,-1,214.919999,87.748414,935562.666952,540774.252025,2957.802300,7279.099862,7284.724035
655,-1,214.559999,87.787383,935536.929470,540812.059364,2952.828800,7278.704905,7284.135671
656,-1,214.199998,87.833530,935510.777948,540849.581599,2946.972800,7279.100022,7284.306769
657,-1,213.840000,87.858230,935558.357249,540936.544679,2940.535900,7191.009548,7196.036596
658,-1,213.480000,87.886640,935532.988533,540973.936337,2936.979800,7191.400149,7196.294909
659,-1,213.119999,87.910621,935508.181168,541011.702337,2933.965800,7191.399931,7196.184175
660,-1,212.759999,87.934981,935483.611336,541049.623193,2930.904200,7191.400066,7196.073339
661,-1,212.399998,87.974709,935459.280348,541087.697920,2925.911500,7191.399988,7195.895086
662,-1,212.039999,88.003747,935509.530575,541172.450375,2919.205500,7103.699902,7108.013703
663,-1,211.679999,88.002415,935560.602980,541256.417399,2916.312000,7015.999997,7020.266231
664,-1,211.320001,87.994284,935537.569889,541294.003938,2917.308900,7016.000022,7020.301076
665,-1,210.960000,88.003019,935514.773347,541331.734834,2916.237899,7015.999909,7020.263561
666,-1,210.600001,88.016478,935492.542092,541369.801687,2914.574600,7015.619189,7019.825306
667,-1,210.240000,88.037489,935469.893515,541407.622149,2912.011900,7016.000079,7020.117739
668,-1,209.879999,88.088438,935524.180480,541489.654137,2902.826400,6927.923838,6931.781337
669,-1,209.520000,88.100655,935502.286167,541527.279718,2901.360000,6928.300010,6932.108543
670,-1,209.160000,88.103497,935634.446336,541650.869694,2895.196000,6752.533507,6756.234317
671,-1,208.799998,88.106704,935613.568753,541687.808269,2894.829700,6752.900088,6756.588586
672,-1,208.440000,88.109968,935593.567481,541725.228141,2894.432500,6752.533465,6756.209050
673,-1,208.080000,88.114271,935573.155776,541762.425902,2893.936900,6752.900111,6756.559171
674,-1,207.720000,88.116905,935553.301813,541799.923858,2893.626099,6752.899949,6756.548789
675,-1,207.359999,88.126749,935533.683742,541837.545830,2892.464600,6752.899876,6756.510648
676,-1,206.999999,88.148635,935514.302219,541875.290177,2889.882400,6752.900068,6756.426925
677,-1,206.639999,88.170593,935495.158557,541913.155587,2887.291800,6752.899956,6756.343615
678,-1,206.280000,88.195431,935476.253083,541951.140419,2884.361399,6752.899987,6756.250731
679,-1,205.919999,88.205705,935536.464248,542027.578586,2880.402000,6665.200123,6668.469786
680,-1,205.560000,88.211130,935518.276949,542065.301608,2879.770300,6665.200113,6668.450026
681,-1,205.200017,88.153712,941451.827089,544903.701771,2674.431000,87.699852,87.745404
682,-1,204.839946,88.058698,941451.593822,544904.201114,2674.576600,87.700040,87.750404
683,-1,204.480000,87.963758,941451.363836,544904.701769,2674.722100,87.700162,87.755575
684,-1,204.119967,87.868889,941451.137130,544905.204065,2674.867499,87.700081,87.760781
685,-1,203.760026,87.774096,941450.913705,544905.707673,2675.012800,87.699931,87.766154
686,-1,203.400077,87.679386,941450.693233,544906.212593,2675.158000,87.700010,87.771993
687,-1,203.039995,87.584748,941450.476042,544906.719154,2675.303100,87.699890,87.777868
688,-1,202.680078,87.490199,941450.261804,544907.226699,2675.448099,87.700130,87.784337
689,-1,202.319999,87.395724,941450.050846,544907.735884,2675.592999,87.700172,87.790844
690,-1,201.960022,87.301381,941449.843498,544908.246382,2675.737700,87.699840,87.797206
691,-1,201.599890,87.207200,941449.638774,544908.758192,2675.882199,87.700047,87.804335
692,-1,201.240028,87.113026,941449.437659,544909.270986,2676.026700,87.699997,87.811445
693,-1,200.880067,87.019071,941449.239496,544909.785092,2676.170900,87.700181,87.819009
694,-1,200.519945,86.925115,941449.044943,544910.300839,2676.315100,87.699871,87.826317
695,-1,200.160096,86.831387,941448.853342,544910.817243,2676.459000,87.700028,87.834310
696,-1,199.799981,86.737735,941448.665022,544911.335286,2676.602799,87.700002,87.842349
697,-1,199.439987,86.644298,941448.479983,544911.854314,2676.746300,87.700018,87.850648
698,-1,199.079897,86.550940,941448.298225,544912.374654,2676.889700,87.699967,87.859108
699,-1,198.719900,86.457733,941448.119748,544912.895979,2677.032900,87.699957,87.867829
700,-1,198.359983,86.364676,941447.944551,544913.418287,2677.175900,87.699985,87.876808
701,-1,197.999926,86.271765,941447.772636,544913.941908,2677.318700,87.699947,87.885941
702,-1,197.639920,86.179006,941447.604001,544914.466513,2677.461300,87.699949,87.895329
703,-1,197.279952,86.086399,941447.438647,544914.992103,2677.603700,87.699987,87.904972
704,-1,196.920006,85.994009,941447.276574,544915.518677,2677.745800,87.700062,87.914859
705,-1,196.560069,85.901772,941447.117781,544916.046235,2677.887700,87.700172,87.924997
706,-1,196.199983,85.809733,941446.962598,544916.575105,2678.029299,87.699912,87.934970
707,-1,195.840022,85.717867,941446.810367,544917.104632,2678.170700,87.700096,87.945599
708,-1,195.480087,85.626205,941446.661745,544917.635142,2678.311800,87.700000,87.956152
709,-1,195.120103,85.534696,941446.516405,544918.166637,2678.452699,87.699942,87.966951
710,-1,194.760058,85.443407,941446.374344,544918.699117,2678.593299,87.699922,87.977989
711,-1,194.399937,85.352338,941446.235565,544919.232580,2678.733600,87.699943,87.989267
712,-1,194.039934,85.261429,941446.100067,544919.766700,2678.873700,87.700086,88.000872
713,-1,193.680088,85.170793,941445.968177,544920.301476,2679.013400,87.700029,88.012467
714,-1,193.319915,85.080308,941445.839569,544920.837564,2679.152900,87.699937,88.024229
715,-1,192.960027,84.990118,941445.714241,544921.373980,2679.292000,87.700040,88.036369
716,-1,192.600041,84.900132,941445.592522,544921.911380,2679.430800,87.699866,88.048425
717,-1,192.240058,84.810326,941445.473756,544922.449437,2679.569399,87.700129,88.061116
718,-1,191.879948,84.720854,941445.358598,544922.988478,2679.707500,87.700119,88.073706
719,-1,191.519902,84.631524,941445.247050,544923.528175,2679.845400,87.699907,88.086289
720,-1,191.160074,84.542491,941445.138783,544924.068200,2679.982900,87.699875,88.099229
721,-1,190.800029,84.453681,941445.033796,544924.609210,2680.120100,87.699895,88.112403
722,-1,190.439966,84.365164,941444.932090,544925.150875,2680.256899,87.700033,88.125867
723,-1,190.079908,84.276856,941444.833993,544925.693197,2680.393400,87.699966,88.139308
724,-1,189.720015,84.188844,941444.739177,544926.235847,2680.529500,87.700074,88.153091
725,-1,189.360097,84.101105,941444.647970,544926.779153,2680.665200,87.699973,88.166834
726,-1,188.999996,83.963912,940491.737146,544776.411015,2782.885899,1052.399911,1058.267090
727,-1,188.640001,83.782143,940490.723041,544782.945123,2786.263100,1052.400145,1058.627779
728,-1,188.279990,83.600714,940489.750273,544789.485792,2789.636300,1052.400071,1058.998364
729,-1,187.920000,83.419634,940488.818517,544796.032039,2793.005399,1052.400159,1059.379249
730,-1,187.560002,83.238910,940487.928099,544802.584191,2796.370300,1052.400034,1059.770004
731,-1,187.199997,83.058553,940487.078691,544809.141921,2799.730900,1052.400069,1060.170933
732,-1,186.840008,82.891516,940486.270622,544815.704572,2802.845600,1052.400020,1060.551819
733,-1,186.480003,82.731976,940485.503891,544822.272472,2805.822600,1052.399849,1060.924160
734,-1,186.120001,82.572562,940484.778171,544828.844966,2808.799400,1052.399958,1061.304975
735,-1,185.759991,82.413300,940484.093789,544835.422052,2811.775500,1052.400023,1061.693863
736,-1,185.399994,82.254221,940483.450745,544842.003076,2814.750400,1052.400111,1062.090808
737,-1,185.039997,82.095355,940482.849369,544848.588036,2817.723499,1052.399893,1062.495385
738,-1,184.680000,81.934969,940394.881369,544848.021108,2833.154400,1140.100084,1151.488920
739,-1,184.319999,81.748594,940394.319362,544855.162498,2836.939199,1140.100051,1152.025979
740,-1,183.960003,81.562310,940393.802303,544862.307169,2840.725700,1140.099961,1152.575407
741,-1,183.599998,81.376194,940393.329863,544869.455121,2844.512500,1140.100140,1153.137320
742,-1,183.240004,81.190287,940392.902698,544876.605697,2848.298700,1140.099977,1153.710958
743,-1,182.880006,81.004663,940392.520153,544883.758898,2852.083000,1140.100126,1154.296741
744,-1,182.520006,80.819373,940392.182883,544890.914395,2855.864300,1140.099950,1154.893828
745,-1,182.160006,80.621779,940304.252613,544894.766422,2874.385500,1227.800055,1244.432928
746,-1,181.800003,80.425376,940303.986209,544902.476380,2878.711500,1227.799915,1245.145031
747,-1,181.439993,80.242676,940303.768034,544910.187979,2882.740200,1227.799992,1245.821542
748,-1,181.079995,80.060578,940303.598415,544917.900562,2886.759999,1227.799976,1246.509079
749,-1,180.719993,79.872584,940391.170418,544926.716161,2875.249600,1140.099875,1158.144747
750,-1,180.359997,79.683585,940391.102833,544933.879204,2879.132700,1140.099948,1158.833919
751,-1,180.000000,79.495299,940391.080195,544941.042576,2883.005800,1140.100082,1159.533922
752,-1,179.640002,79.307711,940391.102833,544948.205947,2886.869200,1140.099948,1160.244370
753,-1,179.280006,79.120825,940391.170418,544955.368991,2890.722899,1140.099875,1160.965467
754,-1,178.919998,78.934638,940391.282951,544962.531706,2894.567000,1140.099863,1161.697119
755,-1,178.559997,78.749142,940391.440431,544969.693437,2898.401700,1140.099903,1162.439239
756,-1,178.200006,78.564345,940391.642858,544976.853856,2902.226899,1140.099985,1163.191686
757,-1,177.839993,78.380232,940391.890233,544984.013290,2906.042900,1140.100121,1163.954417
758,-1,177.479993,78.211696,940392.182883,544991.170756,2909.540400,1140.099950,1164.663740
759,-1,177.119993,78.054025,940392.520153,544998.326254,2912.816400,1140.100126,1165.337599
760,-1,176.759995,77.897028,940392.902698,545005.479455,2916.082100,1140.099977,1166.017795
761,-1,176.400001,77.740723,940393.329863,545012.630031,2919.337300,1140.100140,1166.704811
762,-1,176.039996,77.585103,940393.802303,545019.777983,2922.581999,1140.099961,1167.397908
763,-1,175.680000,77.430179,940394.319362,545026.922653,2925.816100,1140.100051,1168.097564
764,-1,175.319999,77.275962,940394.881369,545034.064043,2929.039300,1140.100084,1168.803292
765,-1,174.959995,77.122447,940395.488323,545041.201824,2932.251699,1140.100035,1169.514990
766,-1,174.600005,76.969648,940396.140224,545048.335340,2935.452999,1140.099845,1170.232435
767,-1,174.240001,76.817574,940396.836745,545055.464919,2938.643100,1140.099873,1170.955849
768,-1,173.880002,76.666227,940397.577886,545062.589905,2941.821900,1140.100055,1171.685046
769,-1,173.519992,76.515615,940398.363973,545069.710297,2944.989200,1140.100066,1172.419561
770,-1,173.160007,76.376048,940399.194680,545076.825113,2947.927800,1140.100122,1173.108320
771,-1,172.799999,76.259871,940400.070335,545083.935007,2950.376500,1140.099973,1173.687375
772,-1,172.440004,76.143933,940400.990608,545091.038995,2952.822600,1140.099825,1174.270630
773,-1,172.079994,76.028219,940401.955173,545098.137406,2955.266500,1140.100048,1174.858516
774,-1,171.719999,75.912692,940402.964686,545105.229255,2957.708799,1140.099858,1175.450399
775,-1,171.359998,75.796176,940490.723041,545099.140029,2937.976899,1052.400145,1085.587669
776,-1,171.000003,75.662972,940491.737146,545105.674136,2940.581800,1052.399911,1086.229547
777,-1,170.639996,75.529992,940492.791934,545112.202010,2943.185500,1052.400068,1086.877368
778,-1,170.279993,75.397192,940493.888060,545118.722995,2945.788700,1052.399864,1087.530562
779,-1,169.920003,75.264560,940495.024869,545125.236761,2948.391800,1052.399889,1088.189787
780,-1,169.559992,75.132074,940496.202688,545131.743638,2950.995200,1052.399878,1088.854878
781,-1,169.200001,74.999701,940497.421190,545138.242641,2953.599600,1052.399979,1089.526151
782,-1,168.839995,74.867419,940498.680702,545144.734098,2956.205400,1052.399928,1090.203451
783,-1,168.479999,74.735206,940499.980896,545151.217352,2958.813100,1052.399924,1090.887101
784,-1,168.119998,74.603038,940501.321773,545157.692405,2961.423200,1052.399965,1091.577233
785,-1,167.759996,74.511908,940502.703332,545164.158927,2963.224800,1052.399987,1092.056969
786,-1,167.399995,74.524209,940504.125573,545170.616592,2962.981499,1052.399921,1091.991960
787,-1,167.040003,74.536863,940505.588168,545177.065070,2962.731300,1052.400014,1091.925316
788,-1,166.680001,74.549865,940507.091446,545183.504361,2962.474200,1052.399948,1091.856732
789,-1,166.319998,74.563220,940508.635078,545189.934138,2962.210200,1052.399968,1091.786452
790,-1,165.959996,74.576925,940510.219065,545196.354073,2961.939300,1052.399999,1091.714406
791,-1,165.599998,74.590980,940511.843405,545202.763837,2961.661500,1052.399960,1091.640522
792,-1,165.239994,74.605389,940513.507772,545209.163431,2961.376800,1052.400171,1091.565113
793,-1,164.880001,74.620147,940515.212493,545215.552197,2961.085200,1052.400147,1091.487716
794,-1,164.520003,74.635247,940516.957568,545221.930137,2960.786800,1052.399888,1091.408364
795,-1,164.159997,74.650705,940518.742341,545228.297251,2960.481499,1052.400029,1091.327646
796,-1,163.799997,74.666508,940520.567141,545234.652881,2960.169400,1052.400077,1091.245120
797,-1,163.440007,74.682660,940522.431967,545240.996700,2959.850400,1052.399938,1091.160674
798,-1,163.080000,74.699157,940524.336490,545247.329037,2959.524699,1052.400022,1091.074762
799,-1,162.719996,74.663957,940526.280712,545253.649234,2960.219800,1052.400141,1091.258511
800,-1,162.360001,74.553321,940277.535803,545339.685479,3035.106400,1315.500145,1364.798383
801,-1,161.999996,74.451190,940280.065325,545347.554558,3037.631599,1315.500138,1365.473111
802,-1,161.640003,74.349670,940282.644388,545355.407233,3040.144100,1315.499880,1366.148505
803,-1,161.280004,74.248769,940285.272336,545363.243831,3042.643900,1315.500094,1366.825191
804,-1,160.920003,74.149076,940287.949824,545371.063697,3045.116100,1315.499952,1367.498231
805,-1,160.559994,74.055669,940290.676197,545378.866831,3047.434700,1315.500077,1368.133461
806,-1,160.200000,73.962981,940293.451782,545386.652249,3049.737500,1315.499832,1368.767603
807,-1,159.840002,73.871018,940296.275923,545394.420278,3052.024500,1315.499944,1369.401278
808,-1,159.479994,73.779786,940299.148949,545402.170591,3054.295400,1315.499996,1370.033922
809,-1,159.119995,73.689281,940302.070531,545409.902530,3056.550300,1315.500066,1370.665560
810,-1,158.760003,73.599507,940305.040669,545417.615770,3058.789000,1315.500037,1371.295946
811,-1,158.400003,73.510464,940308.059364,545425.310308,3061.011499,1315.499906,1371.925000
812,-1,158.040001,73.434119,940311.126287,545432.985818,3062.918699,1315.499864,1372.467517
813,-1,157.680001,73.358145,940314.241110,545440.641970,3064.818199,1315.500091,1373.010523
814,-1,157.319997,73.282350,940317.404161,545448.278438,3066.714700,1315.500163,1373.554929
815,-1,156.960000,73.206730,940320.615441,545455.894564,3068.608200,1315.499826,1374.100479
816,-1,156.599999,73.131285,940323.873965,545463.490678,3070.499000,1315.500114,1374.648235
817,-1,156.239997,73.056002,940327.180389,545471.066122,3072.387200,1315.500167,1375.197391
818,-1,155.879996,72.980877,940330.534385,545478.620569,3074.272900,1315.500155,1375.748124
819,-1,155.519997,72.905901,940333.935953,545486.153690,3076.156300,1315.499943,1376.300353
820,-1,155.159996,72.831075,940337.384436,545493.665486,3078.037600,1315.500129,1376.854698
821,-1,154.799999,72.756385,940340.880164,545501.155301,3079.916900,1315.500141,1377.410631
822,-1,154.439993,72.681826,940344.423136,545508.623134,3081.794400,1315.499981,1377.968201
823,-1,154.080000,72.611902,940348.012696,545516.068329,3083.556600,1315.499958,1378.493774
824,-1,153.720008,72.549310,940351.648844,545523.490886,3085.135200,1315.500071,1378.966457
825,-1,153.359995,72.487342,940355.331907,545530.890806,3086.699100,1315.500027,1379.436212
826,-1,152.999998,72.426009,940359.061230,545538.267103,3088.248000,1315.499979,1379.903046
827,-1,152.640003,72.365303,940362.836813,545545.619779,3089.782100,1315.499921,1380.366968
828,-1,152.280002,72.305235,940366.658328,545552.948832,3091.301200,1315.500147,1380.828148
829,-1,151.920001,72.245796,940370.526102,545560.253608,3092.805300,1315.500062,1381.285977
830,-1,151.560003,72.186986,940374.439809,545567.533777,3094.294400,1315.499804,1381.740536
831,-1,151.199995,72.132333,940378.398790,545574.789668,3095.679300,1315.500107,1382.165110
832,-1,150.840008,72.078951,940382.403375,545582.019968,3097.032700,1315.500052,1382.580907
833,-1,150.480001,72.025643,940386.515572,545589.190230,3098.361900,1315.428701,1382.922620
834,-1,150.120000,71.972450,940390.548700,545596.405110,3099.735300,1315.500074,1383.414925
835,-1,149.759995,71.922443,940394.689112,545603.558967,3101.005399,1315.499957,1383.808404
836,-1,149.399999,71.878988,940398.874143,545610.686578,3102.109700,1315.500008,1384.151519
837,-1,149.039990,71.837712,940403.104121,545617.787941,3103.159100,1315.499944,1384.478207
838,-1,148.679999,71.793270,940332.458265,545670.450238,3133.135299,1403.199914,1477.153052
839,-1,148.319998,71.744139,940337.064883,545677.967611,3134.469100,1403.199943,1477.570364
840,-1,147.959999,71.697415,940341.718745,545685.455785,3135.738200,1403.199829,1477.968307
841,-1,147.600002,71.653061,940346.419195,545692.914760,3136.943700,1403.200129,1478.347604
842,-1,147.240000,71.608687,940351.166889,545700.343879,3138.150200,1403.199937,1478.727635
843,-1,146.880001,71.563708,940355.960843,545707.743142,3139.373900,1403.200084,1479.114314
844,-1,146.519995,71.518105,940360.801384,545715.112222,3140.615200,1403.200117,1479.507375
845,-1,146.159997,71.471870,940365.688186,545722.450462,3141.874300,1403.199950,1479.906839
846,-1,145.800001,71.425000,940370.620919,545729.757862,3143.151400,1403.199853,1480.313067
847,-1,145.439999,71.378245,940375.599255,545737.034422,3144.426200,1403.200099,1480.719875
848,-1,145.079993,71.350388,940380.623523,545744.279486,3145.186000,1403.200049,1480.962622
849,-1,144.719994,71.326202,940385.693067,545751.492727,3145.845900,1403.200055,1481.173783
850,-1,144.359999,71.305695,940390.807886,545758.673815,3146.405499,1403.199926,1481.352928
851,-1,144.000002,71.288899,940395.967653,545765.822750,3146.864000,1403.199928,1481.499951
852,-1,143.639999,71.275815,940401.172367,545772.939206,3147.221200,1403.199872,1481.614525
853,-1,143.280002,71.304291,940406.421372,545780.022853,3146.443900,1403.200093,1481.365394
854,-1,142.920001,71.366395,940411.714996,545787.073364,3144.749400,1403.200131,1480.823142
855,-1,142.559999,71.428760,940417.052912,545794.090410,3143.049000,1403.200054,1480.280642
856,-1,142.200003,71.460090,940491.731241,545747.321803,3112.783300,1315.500092,1387.508438
857,-1,141.840000,71.460535,940496.817845,545753.836882,3112.771900,1315.499990,1387.504717
858,-1,141.480004,71.463366,940501.945131,545760.319809,3112.699600,1315.499969,1387.481711
859,-1,141.119999,71.468590,940507.113100,545766.770583,3112.566200,1315.500029,1387.439363
860,-1,140.760004,71.476202,940512.321423,545773.188549,3112.371799,1315.500014,1387.377576
861,-1,140.400004,71.508524,940517.570100,545779.573707,3111.546500,1315.499924,1387.115515
862,-1,140.039994,71.561927,940522.858803,545785.926057,3110.183699,1315.500015,1386.683974
863,-1,139.680001,71.603282,940193.856180,546075.978626,3254.970500,1753.999879,1848.467487
864,-1,139.320005,71.571324,940201.013318,546084.358859,3256.057300,1754.000074,1848.810948
865,-1,138.959997,71.559266,940208.223277,546092.694144,3256.467500,1754.000158,1848.940742
866,-1,138.600001,71.547174,940215.556924,546100.920505,3256.846999,1753.904677,1848.970250
867,-1,138.240006,71.534692,940222.799364,546109.227247,3257.303499,1754.000011,1849.205219
868,-1,137.880001,71.522176,940230.165163,546117.425066,3257.729400,1754.000025,1849.340172
869,-1,137.520000,71.504097,940172.902482,546184.802884,3287.681700,1841.699832,1942.011844
870,-1,137.159998,71.477737,940180.744002,546193.312709,3288.624000,1841.699926,1942.311072
871,-1,136.800001,71.452487,940188.638671,546201.772994,3289.526900,1841.700071,1942.598224
872,-1,136.440004,71.428345,940196.586490,546210.183410,3290.390400,1841.700039,1942.873038
873,-1,136.079998,71.413486,940204.587130,546218.543958,3290.922000,1841.700073,1943.042445
874,-1,135.719999,71.406139,940212.639935,546226.853981,3291.184899,1841.700193,1943.126370
875,-1,135.359997,71.398922,940220.816100,546235.042941,3291.409499,1841.600179,1943.103208
876,-1,135.000000,71.391952,940228.901714,546243.321139,3291.692500,1841.700006,1943.288105
877,-1,134.640000,71.385114,940237.109703,546251.477947,3291.937300,1841.700169,1943.366387
878,-1,134.280000,71.378445,940245.368872,546259.582918,3292.176000,1841.700193,1943.442617
879,-1,133.920001,71.371946,940253.678895,546267.635723,3292.408600,1841.700073,1943.516789
880,-1,133.559995,71.365615,940262.039443,546275.636363,3292.635200,1841.700039,1943.589150
881,-1,133.199998,71.359459,940270.449859,546283.584182,3292.855600,1841.700071,1943.659615
882,-1,132.840001,71.353472,940278.910144,546291.478851,3293.069900,1841.699926,1943.727986
883,-1,132.479999,71.347657,940287.419969,546299.320371,3293.278100,1841.699832,1943.794474
884,-1,132.119999,71.358344,940295.978679,546307.108413,3292.895500,1841.699991,1943.672294
885,-1,131.760000,71.372134,940304.586274,546314.842322,3292.401800,1841.699918,1943.514471
886,-1,131.400003,71.386627,940313.242096,546322.522096,3291.883100,1841.700051,1943.348975
887,-1,131.040002,71.401824,940321.946147,546330.147409,3291.339300,1841.700143,1943.175561
888,-1,130.679998,71.417737,940330.763387,546337.641817,3290.736200,1841.599888,1942.888270
889,-1,130.319999,71.434319,940339.497293,546345.233009,3290.176700,1841.700058,1942.805006
890,-1,129.959999,71.451642,940348.407708,546352.616196,3289.523600,1841.600129,1942.502424
891,-1,129.600001,71.469621,940357.236431,546360.096824,3288.914200,1841.700060,1942.403407
892,-1,129.240001,71.488326,940366.175717,546367.444907,3288.245500,1841.700093,1942.191023
893,-1,128.879997,71.507751,940375.223928,546374.658803,3287.517700,1841.600002,1941.865148
894,-1,128.519997,71.539592,940384.192086,546381.971781,3286.413400,1841.699998,1941.610023
895,-1,128.160002,71.571594,940393.268183,546389.149916,3285.270300,1841.699976,1941.248343
896,-1,127.800005,71.636072,940402.389228,546396.270965,3282.968500,1841.700001,1940.521952
897,-1,127.440005,71.706145,940411.554892,546403.334599,3280.468900,1841.700020,1939.735917
898,-1,127.079997,71.714317,940262.134259,546620.240333,3367.116599,2104.799967,2216.736493
899,-1,126.719999,71.706165,940272.710025,546628.180606,3367.448699,2104.799778,2216.840534
900,-1,126.359999,71.696537,940283.402917,546635.962742,3367.803400,2104.685893,2216.843773
901,-1,125.999998,71.698026,940294.009851,546643.861677,3367.780499,2104.800121,2216.945031
902,-1,125.639997,71.639115,940202.601570,546794.047400,3428.356000,2280.076371,2402.378373
903,-1,125.279998,71.615985,940214.198987,546802.459457,3429.419100,2280.200105,2402.830882
904,-1,124.920003,71.594913,940225.920421,546810.697301,3430.350400,2280.200009,2403.124671
905,-1,124.560002,71.534160,940187.944119,546891.085264,3462.322700,2367.899884,2496.434642
906,-1,124.199999,71.436313,940200.222965,546899.486822,3466.820100,2367.900173,2497.863061
907,-1,123.839997,71.413367,940212.554634,546907.810624,3467.875400,2367.899943,2498.199008
908,-1,123.479996,71.390652,940224.938139,546916.056998,3468.920499,2367.900017,2498.532388
909,-1,123.119998,71.398415,940237.373154,546924.225289,3468.563299,2367.900029,2498.418434
910,-1,122.759997,71.403498,940249.928903,546932.207229,3468.286200,2367.771475,2498.208215
911,-1,122.399999,71.405581,940262.396069,546940.326635,3468.233600,2367.899937,2498.313197
912,-1,122.039998,71.403984,940274.982986,546948.259034,3468.307000,2367.899816,2498.336489
913,-1,121.680000,71.398795,940287.686701,546956.003113,3468.502600,2367.771576,2498.277330
914,-1,121.320001,71.473889,940300.304786,546963.885971,3465.092300,2367.899887,2497.313267
915,-1,120.959998,71.547974,940313.039013,546971.579853,3461.688200,2367.899866,2496.233726
916,-1,120.599998,71.620786,940325.821139,546979.193683,3458.345500,2367.900037,2495.177904
917,-1,120.240001,71.692343,940338.650838,546986.726805,3455.063100,2367.900003,2494.144861
918,-1,119.880000,71.762660,940351.527781,546994.179218,3451.840200,2367.899930,2493.134294
919,-1,119.519998,71.831757,940364.451311,547001.550594,3448.675800,2367.899865,2492.145732
920,-1,119.159998,71.926041,940377.483438,547008.728401,3444.320000,2367.771329,2490.668803
921,-1,118.799997,72.051744,940390.435840,547016.049253,3438.617800,2367.900036,2489.028073
922,-1,118.440001,72.149874,940319.963540,547177.407854,3490.623400,2543.300147,2671.922233
923,-1,118.080000,72.208665,940334.038971,547184.973783,3487.744000,2543.299937,2671.040821
924,-1,117.720003,72.269584,940348.225622,547192.329084,3484.718299,2543.161940,2669.986427
925,-1,117.359999,72.331214,940362.394229,547199.717520,3481.704199,2543.162073,2669.070187
926,-1,117.000003,72.396886,940376.546104,547207.139422,3478.538400,2543.300019,2668.242514
927,-1,116.640001,72.500458,940390.807230,547214.349381,3473.481000,2543.299926,2666.717315
928,-1,116.280001,72.582736,940366.283329,547300.105115,3496.980100,2630.999993,2757.427545
929,-1,115.919999,72.667963,940381.128772,547307.377738,3492.683300,2630.999917,2756.144369
930,-1,115.559997,72.770475,940396.019490,547314.557186,3487.520500,2631.000117,2754.610925
931,-1,115.199999,72.871500,940411.015851,547321.513209,3482.394000,2630.857041,2752.960079
932,-1,114.839997,72.971116,940425.934784,547328.634257,3477.432000,2631.000121,2751.639584
933,-1,114.480002,73.069291,940440.958048,547335.531225,3472.503400,2630.999886,2750.200038
934,-1,114.119999,73.166077,940456.024619,547342.334033,3467.649699,2630.999876,2748.790480
935,-1,113.760000,73.273959,940471.190927,547348.911448,3462.202500,2630.857260,2747.081344
936,-1,113.400000,73.393600,940486.340831,547355.523967,3456.216600,2630.857247,2745.364600
937,-1,113.040003,73.516511,940467.152550,547442.876811,3476.067500,2718.699973,2835.223283
938,-1,112.679998,73.647795,940516.708881,547368.594479,3443.565100,2630.999896,2741.912543
939,-1,112.320000,73.776820,940531.981488,547374.920582,3437.134500,2630.999880,2740.108997
940,-1,111.960001,73.907115,940547.293465,547381.150885,3430.649200,2631.000155,2738.304481
941,-1,111.599999,74.074110,940530.360100,547468.825906,3447.374400,2718.699981,2827.215822
942,-1,111.239999,74.157433,939593.220899,549927.072958,4189.627700,5349.409829,5560.627795
943,-1,110.879998,74.169921,939655.741115,549857.481562,4163.583900,5262.000033,5469.428523
944,-1,110.519998,74.188979,939686.768940,549868.900502,4161.612200,5261.714257,5468.616037
945,-1,110.160001,74.230268,939717.767565,549880.391949,4157.517300,5261.714349,5467.501827
946,-1,109.800000,74.273223,939748.838041,549891.688514,4153.258900,5261.714459,5466.346156
947,-1,109.439998,74.330569,939779.883911,549903.058898,4147.656700,5262.000090,5465.105353
948,-1,109.080002,74.397499,939839.763384,549831.082336,4116.537900,5174.299949,5372.263390
949,-1,108.720001,74.460574,939870.611748,549841.347408,4110.321300,5174.019258,5370.324269
950,-1,108.360000,74.536258,939901.433865,549851.684329,4102.961100,5174.019308,5368.357192
951,-1,107.999999,74.617722,939932.233672,549862.094413,4095.121900,5174.300091,5366.543081
952,-1,107.639999,74.747019,939963.270027,549871.775825,4082.492700,5174.019029,5362.935748
953,-1,107.280000,74.865308,940020.248588,549798.056484,4047.378600,5086.599912,5269.369452
954,-1,106.919999,74.987650,940050.795771,549807.454103,4035.729500,5086.599987,5266.340077
955,-1,106.559999,75.132130,940081.401353,549816.659465,4021.989600,5086.599942,5262.797758
956,-1,106.200000,75.286973,940112.064021,549825.672570,4007.284700,5086.600154,5259.044025
957,-1,105.839998,75.556587,940142.783120,549834.492435,3981.729800,5086.599865,5252.611521
958,-1,105.479998,75.738946,940290.593191,549420.526727,3853.025599,4648.100104,4795.893198
959,-1,105.120000,75.816978,940318.828699,549427.989311,3846.224900,4647.847603,4793.977639
960,-1,104.759998,75.894943,940346.980546,549435.762261,3839.562100,4648.100047,4792.594305
961,-1,104.399999,75.972911,940375.307589,549442.869530,3832.776900,4647.847630,4790.700376
962,-1,104.040005,76.082396,941360.972612,545621.683275,2845.461200,701.599893,722.819988
963,-1,103.679997,76.119209,941365.261646,545622.702302,2844.973400,701.561810,722.665844
964,-1,103.320006,76.156225,941369.547726,545623.731499,2844.492600,701.562005,722.550839
965,-1,102.960007,76.193393,941373.840369,545624.733466,2844.009900,701.561885,722.435377
966,-1,102.600004,76.230721,941378.139245,545625.708529,2843.525299,701.561847,722.319845
967,-1,102.239997,76.268254,941382.436152,545626.693764,2843.047500,701.599861,722.243199
968,-1,101.879990,76.305947,941386.747167,545627.615022,2842.558500,701.600061,722.127473
969,-1,101.520002,76.343822,941391.063760,545628.508721,2842.067200,701.599842,722.011108
970,-1,101.160000,76.381928,941395.385929,545629.375845,2841.573200,701.600166,721.894952
971,-1,100.799988,76.420247,941399.713677,545630.215410,2841.076500,701.600073,721.778075
972,-1,100.439997,76.458802,941404.046345,545631.027744,2840.576900,701.600006,721.660869
973,-1,100.079994,76.497607,941408.390825,545631.775446,2840.065100,701.561934,721.504185
974,-1,99.719998,76.536669,941412.726774,545632.570720,2839.568400,701.599891,721.425288
975,-1,99.360014,76.576006,941417.073878,545633.301362,2839.059200,701.599955,721.306967
976,-1,99.000001,76.615651,941421.431809,545633.967043,2838.537100,701.561860,721.148877
977,-1,98.640011,76.655552,941425.781866,545634.680624,2838.030000,701.600005,721.068776
978,-1,98.279990,76.732675,941430.142422,545635.329245,2837.032800,701.600047,720.839312
979,-1,97.920009,76.784789,941422.422293,545722.813650,2856.953700,789.299887,810.770511
980,-1,97.559991,76.820314,941427.336653,545723.481628,2856.437400,789.299922,810.652671
981,-1,97.200009,76.911547,941432.254622,545724.118766,2855.112200,789.300072,810.351691
982,-1,96.839990,77.008580,941437.182106,545724.682413,2853.693900,789.257277,809.989988
983,-1,96.480003,77.105821,941442.102699,545725.299866,2852.293400,789.299886,809.717833
984,-1,96.119996,77.203282,941447.032152,545725.844156,2850.880999,789.299960,809.403897
985,-1,95.759993,77.300988,941451.964884,545726.357278,2849.466100,789.299854,809.091581
986,-1,95.400008,77.399001,941456.904507,545726.796910,2848.038300,789.257095,808.737179
987,-1,95.040009,77.497236,941461.839209,545727.290675,2846.627500,789.299852,808.472314
988,-1,94.680000,77.595828,941466.780800,545727.710950,2845.203100,789.299957,808.165249
989,-1,94.320006,77.694844,941471.727968,545728.057406,2843.764300,789.257195,807.815627
990,-1,93.960000,77.794075,941476.671200,545728.457996,2842.342099,789.299868,807.555435
991,-1,93.600007,77.893885,941481.622305,545728.742444,2840.894200,789.257293,807.208923
992,-1,93.240003,77.974481,941521.266911,545116.162304,2708.968100,175.400097,179.335635
993,-1,92.880039,78.003944,941522.367303,545116.221031,2708.873800,175.399999,179.315916
994,-1,92.520004,78.033847,941523.468678,545116.263354,2708.776100,175.390392,179.286237
995,-1,92.159999,78.005745,941190.739685,553967.234497,4590.597800,9032.609833,9234.206928
996,-1,91.800000,77.934773,941247.443640,553969.685280,4602.399399,9033.099996,9237.146011
997,-1,91.440001,77.886909,941304.177450,553971.289935,4610.291600,9033.100113,9238.799016
998,-1,91.079999,77.844364,941360.920447,553972.537964,4617.309200,9033.100096,9240.274134
999,-1,90.719999,77.807836,941417.670006,553973.429367,4623.336200,9033.100006,9241.545017
1000,-1,90.359999,77.779596,941474.427110,553973.473986,4627.890600,9032.609706,9242.028747
1001,-1,90.000000,77.753548,941531.180277,553973.652463,4632.190100,9032.609887,9242.939967
