"OBJECTID","FEATURE_ID","HORIZ_ANG","ZENITH_ANG","VERTEX_X","VERTEX_Y","VERTEX_Z","DIST_2D","DIST_3D"
1,-1,90.000000,84.176434,936214.390386,554699.123781,3620.493400,2367.771511,2380.054829
2,-1,89.640002,84.018384,936229.267325,554699.076865,3627.094700,2367.771332,2380.733513
3,-1,89.279999,83.860949,936244.143935,554698.936774,3633.674100,2367.771453,2381.428259
4,-1,88.919999,83.708480,936260.672117,554786.382793,3649.718200,2455.466731,2470.345160
5,-1,88.559998,83.559329,936276.099908,554786.176757,3656.204800,2455.599992,2471.196840
6,-1,88.199998,83.410382,936291.518512,554785.607532,3662.656300,2455.466888,2471.796621
7,-1,87.839998,83.262006,936306.937445,554785.074397,3669.101899,2455.466805,2472.544508
8,-1,87.479997,83.114160,936322.352768,554784.444477,3675.528400,2455.466809,2473.306762
9,-1,87.120003,82.966905,936337.763499,554783.717772,3681.933200,2455.466855,2474.082861
10,-1,86.760002,82.854208,936353.169636,554782.893955,3686.837600,2455.466618,2474.687919
11,-1,86.399997,82.752319,936368.570524,554781.973681,3691.273800,2455.466720,2475.243774
12,-1,86.040003,82.651715,936383.964850,554780.956623,3695.656000,2455.466754,2475.800477
13,-1,85.679997,82.552529,936399.352942,554779.842780,3699.978400,2455.466742,2476.357013
14,-1,85.319998,82.454898,936414.733489,554778.632153,3704.234900,2455.466591,2476.912174
15,-1,84.959997,82.360082,936430.106162,554777.325069,3708.370500,2455.466600,2477.458607
16,-1,84.599997,82.279900,936445.470304,554775.921528,3711.869300,2455.466714,2477.926301
17,-1,84.239999,82.201104,936460.825260,554774.421531,3715.308900,2455.466872,2478.390856
18,-1,83.880000,82.109822,936485.519765,554860.020113,3731.448500,2543.161850,2567.468041
19,-1,83.519996,82.012262,936501.402607,554858.266836,3735.863100,2543.162054,2568.077979
20,-1,83.160002,81.914590,936517.273638,554856.413493,3740.284799,2543.161898,2568.696001
21,-1,82.799998,81.807668,936533.133187,554854.460741,3745.127800,2543.162072,2569.381811
22,-1,82.439999,81.689087,936572.055025,555026.274046,3776.122700,2718.552440,2747.404922
23,-1,82.079999,81.549594,936588.980516,555023.973525,3782.884999,2718.552370,2748.390453
24,-1,81.719999,81.416166,936605.891243,555021.566706,3789.357800,2718.552304,2749.349042
25,-1,81.359999,81.329897,936622.786551,555019.053916,3793.545300,2718.552475,2749.977339
26,-1,80.999997,81.244403,936639.665782,555016.434827,3797.697100,2718.552463,2750.606252
27,-1,80.640002,81.159715,936656.527953,555013.709766,3801.811600,2718.552439,2751.235543
28,-1,80.279996,81.075914,936673.397998,555011.024076,3805.908000,2718.699868,2752.013702
29,-1,79.919998,80.992876,936690.199802,555007.942061,3809.922900,2718.552465,2752.493788
30,-1,79.559998,80.904557,936707.007839,555004.899745,3814.219800,2718.552565,2753.169868
31,-1,79.200003,80.816170,936723.796191,555001.751785,3818.522100,2718.552527,2753.853213
32,-1,78.839997,80.728457,936740.564858,554998.498183,3822.793699,2718.552352,2754.538026
33,-1,78.479998,80.641437,936757.312528,554995.139594,3827.033700,2718.552437,2755.224410
34,-1,78.119999,80.555123,936774.069057,554991.820046,3831.265900,2718.699873,2756.061219
35,-1,77.759997,80.477290,936790.742908,554988.106799,3835.037400,2718.552345,2756.537133
36,-1,77.399996,80.403455,936826.554516,555070.016412,3853.467200,2806.247709,2846.075425
37,-1,77.040000,80.327430,936843.749691,555066.116158,3857.298100,2806.247789,2846.716657
38,-1,76.679996,80.231638,936820.512205,554891.435405,3831.932000,2630.857144,2669.561145
39,-1,76.320002,80.126286,936836.585336,554887.576488,3836.914399,2630.857048,2670.410906
40,-1,75.960002,80.025392,936852.634188,554883.616851,3841.689000,2630.857206,2671.233937
41,-1,75.599996,79.931903,936868.658106,554879.556163,3846.115800,2630.857147,2672.004210
42,-1,75.239999,79.873649,936884.692195,554875.533205,3848.901000,2631.000027,2672.633176
43,-1,74.879999,79.817506,936900.627202,554871.133608,3851.536100,2630.857314,2672.957271
44,-1,74.520000,79.762444,936916.571396,554866.771740,3854.146400,2630.857285,2673.419937
45,-1,74.159998,79.708840,936932.488031,554862.309807,3856.688500,2630.857327,2673.872955
46,-1,73.800000,79.629971,936972.842281,554941.960894,3876.477900,2718.552310,2763.695157
47,-1,73.440002,79.548396,936989.230044,554937.143975,3880.479100,2718.552354,2764.418237
48,-1,73.079996,79.467069,937005.587622,554932.224037,3884.470200,2718.552374,2765.145048
49,-1,72.720003,79.385994,937021.913377,554927.201737,3888.451100,2718.552526,2765.875676
50,-1,72.360001,79.305171,937038.207636,554922.076748,3892.421700,2718.552588,2766.609842
51,-1,71.999998,79.248371,937054.469414,554916.849396,3895.213399,2718.552585,2767.129276
52,-1,71.640001,79.201456,937070.697728,554911.520010,3897.520000,2718.552524,2767.560445
53,-1,71.279996,79.155176,937086.892578,554906.088591,3899.796100,2718.552407,2767.987675
54,-1,70.919999,79.109543,937103.052651,554900.555793,3902.041100,2718.552438,2768.410980
55,-1,70.560003,79.074546,937119.177618,554894.921618,3903.763300,2718.552507,2768.736942
56,-1,70.200001,79.055356,937135.267153,554889.186065,3904.707800,2718.552508,2768.916111
57,-1,69.839999,79.034391,937151.320271,554883.349463,3905.739800,2718.552423,2769.112149
58,-1,69.479998,78.927947,937536.218779,555862.983986,4116.910300,3770.895501,3842.416491
59,-1,69.120002,78.813391,937558.382120,555854.609003,4124.741500,3770.895356,3843.927961
60,-1,68.759998,78.730461,937580.492969,555846.094913,4130.414600,3770.895398,3845.032640
61,-1,68.399997,78.673240,937602.549683,555837.442043,4134.330900,3770.895348,3845.799851
62,-1,68.040000,78.617268,937624.551279,555828.650722,4138.163200,3770.895146,3846.554168
63,-1,67.679997,78.562561,937646.497758,555819.721606,4141.910399,3770.895403,3847.295728
64,-1,67.320002,78.506057,937668.387150,555810.654695,4145.782200,3770.895377,3848.065344
65,-1,66.959998,78.432215,937724.541237,555882.150287,4168.794200,3858.590694,3938.590741
66,-1,66.600001,78.356689,937746.821376,555872.591579,4174.095000,3858.590491,3939.656919
67,-1,66.239997,78.287197,937769.041476,555862.893107,4178.974900,3858.590506,3940.644685
68,-1,65.880000,78.232390,937791.199896,555853.055529,4182.825300,3858.590684,3941.428317
69,-1,65.520001,78.156055,937849.634819,555922.890691,4206.581400,3946.285922,4032.128911
70,-1,65.159998,78.054503,937872.168894,555912.545239,4213.886199,3946.285932,4033.634543
71,-1,64.799998,77.936015,937558.587829,555187.917095,4053.732900,3157.028565,3228.326788
72,-1,64.440002,77.811732,937576.509381,555179.415144,4060.897100,3157.028711,3229.831875
73,-1,64.079998,77.715403,937594.377455,555170.800331,4066.454500,3157.028603,3231.009640
74,-1,63.720000,77.621604,937612.190740,555162.073643,4071.869900,3157.028558,3232.166149
75,-1,63.360001,77.525308,937983.838619,555858.706108,4252.041900,3946.285867,4041.704381
76,-1,63.000002,77.429299,938005.966527,555847.518794,4258.980800,3946.285860,4043.208911
77,-1,62.640000,77.392276,938028.023898,555836.192701,4261.658000,3946.285970,4043.792540
78,-1,62.280001,77.307868,938009.217833,555747.097407,4248.014100,3858.590468,3955.237781
79,-1,61.920001,77.241263,937741.777423,555194.298972,4113.766000,3244.899841,3327.049151
80,-1,61.560002,77.164663,937759.651731,555184.490921,4118.287900,3244.723837,3327.879111
81,-1,61.200000,77.089951,937777.548021,555174.725520,4122.739900,3244.723906,3328.871020
82,-1,60.839998,77.015651,937795.382631,555164.847916,4127.170000,3244.724033,3329.863720
83,-1,60.480001,76.955708,937813.154577,555154.858434,4130.746000,3244.724024,3330.669008
84,-1,60.119998,76.847767,937874.552092,555220.795310,4157.681400,3332.419237,3422.186829
85,-1,59.759997,76.730973,937892.674103,555210.307142,4164.848600,3332.419149,3423.824675
86,-1,59.399998,76.614831,937910.729841,555199.705457,4171.982699,3332.419174,3425.469181
87,-1,59.039998,76.503745,937928.718650,555188.990584,4178.812699,3332.419260,3427.056825
88,-1,58.680002,76.396508,937946.639546,555178.162850,4185.412000,3332.419185,3428.602913
89,-1,58.319997,76.288235,937964.492529,555167.222583,4192.081200,3332.419232,3430.177688
90,-1,57.960000,76.188927,937982.275958,555156.170439,4198.203500,3332.419103,3431.633934
91,-1,57.599999,76.107387,937999.989833,555145.006748,4203.234400,3332.419077,3432.838366
92,-1,57.240001,76.055257,938017.633170,555133.732164,4206.452600,3332.419182,3433.612589
93,-1,56.880000,76.023964,938035.205314,555122.346688,4208.385100,3332.419067,3434.078695
94,-1,56.520001,75.991568,938052.705607,555110.851304,4210.386300,3332.419201,3434.562695
95,-1,56.160000,75.958057,938070.133394,555099.246013,4212.456999,3332.419223,3435.064548
96,-1,55.799999,75.909423,938136.779914,555160.062492,4237.475400,3420.114474,3526.210859
97,-1,55.439999,75.874738,938154.515115,555147.928002,4239.676600,3420.114444,3526.747371
98,-1,55.079998,75.839724,938172.173872,555135.682291,4241.899399,3420.114478,3527.290521
99,-1,54.719999,75.802626,938189.755202,555123.326017,4244.255200,3420.114553,3527.867644
100,-1,54.359999,75.751102,938053.960854,554897.050879,4180.718400,3157.028485,3257.235215
101,-1,54.000000,75.710183,938070.045139,554885.441978,4183.118900,3157.028476,3257.826883
102,-1,53.640001,75.666680,938086.056262,554873.732356,4185.672000,3157.028611,3258.458127
103,-1,53.280001,75.622356,938101.993566,554861.922340,4188.274300,3157.028768,3259.103486
104,-1,52.920003,75.578405,938117.856067,554850.012259,4190.855600,3157.028625,3259.745274
105,-1,52.560000,75.526828,938186.956323,554907.631895,4216.521900,3244.723883,3351.070875
106,-1,52.199998,75.460377,938203.104584,554895.187038,4220.537000,3244.723852,3352.076580
107,-1,51.840001,75.409590,938219.174106,554882.641131,4223.607300,3244.723811,3352.848655
108,-1,51.479997,75.356371,938344.395968,555007.218310,4272.654599,3420.114448,3534.940082
109,-1,51.120001,75.266988,938306.121111,554925.515061,4255.296300,3332.419242,3445.709392
110,-1,50.760001,75.166048,938322.379280,554912.321190,4261.576000,3332.419202,3447.311726
111,-1,50.399997,75.063985,938338.554445,554899.025284,4267.931500,3332.419189,3448.944312
112,-1,50.040002,74.971392,938354.645292,554885.628330,4273.702600,3332.419128,3450.436203
113,-1,49.679999,74.887631,938370.652149,554872.130325,4278.927500,3332.419228,3451.794811
114,-1,49.319997,74.804596,938386.573706,554858.531927,4284.111200,3332.419150,3453.149819
115,-1,48.959997,74.664236,937999.353351,554381.824219,4124.535999,2718.552556,2818.927442
116,-1,48.600000,74.524531,938012.201423,554370.568664,4131.668000,2718.552560,2820.822068
117,-1,48.239999,74.433630,938024.978628,554359.232401,4136.313700,2718.552483,2822.065138
118,-1,47.879998,74.343285,938037.684311,554347.816085,4140.935000,2718.552382,2823.308697
119,-1,47.520001,74.231886,937991.094510,554271.643993,4121.876399,2630.857182,2733.729112
120,-1,47.159997,74.068384,938003.250653,554260.442244,4129.989100,2630.857119,2735.944774
121,-1,46.800003,73.944780,938015.335931,554249.164708,4136.130900,2630.857160,2737.637046
122,-1,46.439999,73.842140,938027.350343,554237.811056,4141.236800,2630.857066,2739.053457
123,-1,46.080001,73.715898,937978.462973,554163.214748,4121.906600,2543.161857,2649.449461
124,-1,45.720001,73.553187,937989.938016,554152.094692,4129.751600,2543.161880,2651.659917
125,-1,45.359998,73.390833,938001.343177,554140.902785,4137.592600,2543.162075,2653.890742
126,-1,44.999999,73.252895,938012.774912,554129.736797,4144.306200,2543.299787,2655.949433
127,-1,44.640001,73.141660,938023.940901,554118.305061,4149.652300,2543.162075,2657.363036
128,-1,44.279998,73.023782,937972.443956,554045.767148,4128.637800,2455.599872,2567.474939
129,-1,43.919998,72.852807,937983.085339,554034.594927,4136.614700,2455.466836,2569.688194
130,-1,43.560000,72.680743,937993.751985,554023.448295,4144.698099,2455.466688,2572.082859
131,-1,43.200000,72.505965,938004.348748,554012.235063,4152.924700,2455.466941,2574.544104
132,-1,42.839998,72.365207,938014.874646,554000.955230,4159.561400,2455.466883,2576.546858
133,-1,42.479998,72.238342,938025.329349,553989.609452,4165.551900,2455.466719,2578.367836
134,-1,42.120001,72.110174,938035.712531,553978.198386,4171.612599,2455.466652,2580.223094
135,-1,41.759996,71.965155,937980.704439,553908.401610,4149.969700,2367.899903,2490.249832
136,-1,41.400001,71.781341,937990.481978,553897.187721,4158.338200,2367.771526,2492.731440
137,-1,41.040000,71.596644,938000.285436,553885.997455,4166.806800,2367.771691,2495.392220
138,-1,40.679999,71.425539,938010.018028,553874.745509,4174.668300,2367.771382,2497.884977
139,-1,40.319997,71.295326,938019.680082,553863.432867,4180.661700,2367.771493,2499.800657
140,-1,39.960002,71.166424,938029.270614,553852.059859,4186.603800,2367.771486,2501.712555
141,-1,39.599998,71.044748,938038.789624,553840.626483,4192.221100,2367.771363,2503.531463
142,-1,39.239995,70.935458,938048.236784,553829.133723,4197.273700,2367.771503,2505.177387
143,-1,38.880000,70.827516,938057.611109,553817.581909,4202.270399,2367.771351,2506.813779
144,-1,38.520001,70.680838,937998.397973,553751.433091,4178.370899,2280.200124,2416.258770
145,-1,38.159996,70.536574,938007.187981,553740.119138,4184.779700,2280.076162,2418.269676
146,-1,37.800003,70.449296,938016.003909,553728.827166,4188.688800,2280.076176,2419.575029
147,-1,37.440001,70.364787,938024.748970,553717.479747,4192.477900,2280.076223,2420.845695
148,-1,37.079999,70.281055,938033.422509,553706.077539,4196.236099,2280.076189,2422.111119
149,-1,36.720000,70.198103,938042.024198,553694.621197,4199.963200,2280.076208,2423.371224
150,-1,36.360001,70.115933,938050.553708,553683.111050,4203.659000,2280.076214,2424.625746
151,-1,36.000000,70.034544,938059.010712,553671.547424,4207.323399,2280.076139,2425.874451
152,-1,35.639997,69.949243,938067.395210,553659.930978,4211.168100,2280.076371,2427.190146
153,-1,35.279995,69.832191,938004.117121,553597.611549,4184.240900,2192.380976,2335.582851
154,-1,34.920000,69.725889,938012.037709,553586.341558,4188.860300,2192.380900,2337.179436
155,-1,34.559997,69.645466,938019.985528,553575.089284,4192.403500,2192.499846,2338.521077
156,-1,34.199999,69.568880,938027.666287,553563.653283,4195.695000,2192.381189,2339.556796
157,-1,33.839998,69.493637,938035.372964,553552.235655,4198.975100,2192.380849,2340.703517
158,-1,33.479998,69.419707,938043.008120,553540.770127,4202.201300,2192.380981,2341.835764
159,-1,33.119994,69.347079,938050.571097,553529.256699,4205.373700,2192.381039,2342.952862
160,-1,32.760003,69.275750,938058.061239,553517.696354,4208.492300,2192.381011,2344.054601
161,-1,32.400000,69.205712,938065.478875,553506.088766,4211.557300,2192.380995,2345.140952
162,-1,32.040000,69.136964,938072.823349,553494.434918,4214.568600,2192.380971,2346.211671
163,-1,31.680001,69.062126,938005.466200,553436.679784,4184.295800,2104.685602,2253.486811
164,-1,31.320002,68.987091,938012.375963,553425.404544,4187.457299,2104.685846,2254.618752
165,-1,30.960003,68.926646,938019.214532,553414.085997,4190.006299,2104.685848,2255.534025
166,-1,30.599999,68.868171,938025.981907,553402.724471,4192.474200,2104.685780,2256.422501
167,-1,30.239997,68.782766,938411.487698,553612.147609,4366.307700,2543.162066,2728.085371
168,-1,29.879998,68.684178,938419.491619,553598.317584,4371.346500,2543.161920,2729.912842
169,-1,29.519999,68.584808,938427.408598,553584.437691,4376.432200,2543.161944,2731.765668
170,-1,29.159999,68.484981,938435.238306,553570.508256,4381.548299,2543.162016,2733.637894
171,-1,28.800003,68.383980,938443.101152,553556.596539,4386.786400,2543.300059,2735.691616
172,-1,28.439997,68.291868,938450.634273,553542.503063,4391.465200,2543.162001,2737.290402
173,-1,28.080000,68.206553,938458.199875,553528.428616,4395.854800,2543.161968,2738.917027
174,-1,27.720003,68.121965,938465.676894,553514.306925,4400.212199,2543.161940,2740.537723
175,-1,27.359999,68.038100,938473.065330,553500.138318,4404.537500,2543.162073,2742.152529
176,-1,27.000003,67.965418,938480.364200,553485.923780,4408.290100,2543.161949,2743.558056
177,-1,26.640001,67.901992,938487.697191,553471.725318,4411.624000,2543.299926,2744.938404
178,-1,26.279998,67.839185,938494.817584,553457.419244,4414.873000,2543.300028,2746.162395
179,-1,25.920000,67.761059,938422.850208,553404.675583,4383.004800,2455.466904,2652.799155
180,-1,25.560001,67.698915,938429.550326,553390.778301,4386.114600,2455.466772,2653.977560
181,-1,25.199996,67.637844,938436.163173,553376.839024,4389.173500,2455.466732,2655.139802
182,-1,24.840000,67.577538,938442.809157,553362.914840,4392.251699,2455.600039,2656.435687
183,-1,24.479999,67.526766,938449.125418,553348.837768,4394.744000,2455.466839,2657.264246
184,-1,24.119999,67.483767,938455.474158,553334.776444,4396.902700,2455.466666,2658.090001
185,-1,23.760002,67.440222,938461.734644,553320.675751,4399.090300,2455.466791,2658.928616
186,-1,23.400000,67.401547,938467.906220,553306.535687,4401.034300,2455.466617,2659.674871
187,-1,23.039997,67.363413,938473.989213,553292.357238,4402.952300,2455.466841,2660.412697
188,-1,22.679997,67.324746,938480.105671,553278.192240,4404.953800,2455.600065,2661.306611
189,-1,22.319997,67.285796,938485.886827,553263.887151,4406.859300,2455.466836,2661.918880
190,-1,21.959996,67.246365,938491.701120,553249.596497,4408.845800,2455.466684,2662.686427
191,-1,21.599998,67.206558,938497.425518,553235.269754,4410.852400,2455.466601,2663.463085
192,-1,21.239996,67.176718,938503.060021,553220.907250,4412.357399,2455.466709,2664.046598
193,-1,20.879997,67.151532,938508.728645,553206.557213,4413.684400,2455.600077,2664.684511
194,-1,20.519999,67.126825,938514.057374,553192.077583,4414.875199,2455.466620,2665.024156
195,-1,20.159997,67.102094,938519.420225,553177.611404,4416.124000,2455.466774,2665.509945
196,-1,19.800002,67.077527,938524.691868,553163.112090,4417.364900,2455.466826,2665.993060
197,-1,19.439999,67.052937,938529.997959,553148.623930,4418.663799,2455.600008,2666.621873
198,-1,19.080002,67.017675,938534.961204,553134.015035,4420.389899,2455.466643,2667.172540
199,-1,18.719998,66.982661,938539.958897,553119.418607,4422.160900,2455.466850,2667.864711
200,-1,18.360003,66.948374,938544.864399,553104.791340,4423.895900,2455.466783,2668.543528
201,-1,18.000000,66.914814,938549.678038,553090.133233,4425.595000,2455.466751,2669.209257
202,-1,17.639999,66.881986,938554.399485,553075.445270,4427.257900,2455.466753,2669.861719
203,-1,17.280003,66.849885,938559.028413,553060.728108,4428.884700,2455.466674,2670.500791
204,-1,16.919995,66.841569,938563.565149,553045.981746,4429.306300,2455.466831,2670.666711
205,-1,16.560000,66.846587,938568.136335,553031.245555,4429.108800,2455.599845,2670.711345
206,-1,16.200001,66.851362,938572.359423,553016.405690,4428.809800,2455.466588,2670.471266
207,-1,15.840000,66.855987,938576.745569,553001.613069,4428.632400,2455.600038,2670.524241
208,-1,15.480002,66.860477,938580.781979,552986.721366,4428.347899,2455.466925,2670.290028
209,-1,15.120003,66.808702,937992.237224,552811.718107,4167.979700,1841.600042,2003.491872
210,-1,14.760003,66.755897,937995.316942,552800.563602,4170.032200,1841.699941,2004.392829
211,-1,14.399998,66.705933,937998.133209,552789.339543,4171.892200,1841.600065,2005.035870
212,-1,14.040001,66.659855,938001.072508,552778.147308,4173.691500,1841.699978,2005.839822
213,-1,13.679999,66.616476,938003.747371,552766.888801,4175.302800,1841.599981,2006.386961
214,-1,13.320000,66.574224,938006.448810,552755.637511,4176.915400,1841.600217,2007.027739
215,-1,12.959995,66.545617,938009.079054,552744.369161,4178.007600,1841.599947,2007.461957
216,-1,12.599995,66.525489,938011.638760,552733.084734,4178.776500,1841.600035,2007.768198
217,-1,12.240000,66.505825,938014.127272,552721.784560,4179.527800,1841.599911,2008.067476
218,-1,11.879997,66.486863,938016.642687,552710.489307,4180.296000,1841.699826,2008.465466
219,-1,11.520003,66.465134,938018.891370,552699.138280,4181.083300,1841.599943,2008.688121
220,-1,11.159996,66.441294,938021.166628,552687.792830,4181.995100,1841.599919,2009.052361
221,-1,10.799996,66.418287,938023.370692,552676.433601,4182.875400,1841.600084,2009.404521
222,-1,10.440001,66.396350,938025.601330,552665.078965,4183.758600,1841.699919,2009.849495
223,-1,10.080000,66.374737,938027.564253,552653.674788,4184.542500,1841.600194,2010.072137
224,-1,9.720002,66.354435,938029.652175,552642.292921,4185.363800,1841.700152,2010.492981
225,-1,9.359996,66.334419,938031.471397,552630.864795,4186.086800,1841.600161,2010.691487
226,-1,8.999998,66.315453,938033.317194,552619.441917,4186.813500,1841.599950,2010.983100
227,-1,8.640005,66.297420,938035.091469,552608.007885,4187.504800,1841.600055,2011.260991
228,-1,8.280004,66.279858,938036.793893,552596.562698,4188.178199,1841.600150,2011.531872
229,-1,7.920004,66.262689,938038.424139,552585.107012,4188.836600,1841.600011,2011.796689
230,-1,7.559998,66.245933,938039.982535,552573.641156,4189.479400,1841.600010,2012.055530
231,-1,7.200005,66.229603,938041.468753,552562.166113,4190.106000,1841.599953,2012.307961
232,-1,6.839998,66.213725,938042.883120,552550.681556,4190.715500,1841.600123,2012.553866
233,-1,6.479996,66.198306,938044.224981,552539.188469,4191.307400,1841.599991,2012.792548
234,-1,6.120004,66.183735,938045.494663,552527.687507,4191.866899,1841.599956,2013.018379
235,-1,5.760002,66.172564,938046.791577,552516.188515,4192.340100,1841.699910,2013.300941
236,-1,5.400004,66.161674,938047.817493,552504.662291,4192.714400,1841.600206,2013.360982
237,-1,5.039999,66.151673,938048.869985,552493.139020,4193.098499,1841.599943,2013.516008
238,-1,4.680000,66.142572,938049.950035,552481.617718,4193.492499,1841.700010,2013.766859
239,-1,4.319999,66.133746,938050.758104,552470.074106,4193.787400,1841.599887,2013.794590
240,-1,3.959996,66.125819,938051.593732,552458.533118,4194.092200,1841.600147,2013.918170
241,-1,3.599997,66.118576,938052.356526,552446.987210,4194.370599,1841.600111,2014.030830
242,-1,3.239996,66.109329,938053.046814,552435.436708,4194.726100,1841.600127,2014.174793
243,-1,2.879998,66.098425,938053.764332,552423.887190,4195.189700,1841.700090,2014.453983
244,-1,2.519998,66.078929,938404.651097,552427.747091,4351.494200,2192.380885,2398.390901
245,-1,2.160003,66.057070,938405.213760,552413.983667,4352.495500,2192.381126,2398.797301
246,-1,1.800000,66.036142,938405.689481,552400.216634,4353.454199,2192.380903,2399.186323
247,-1,1.439998,66.015977,938406.198010,552386.449929,4354.431400,2192.500037,2399.692236
248,-1,1.080003,65.997153,938406.382065,552372.675350,4355.241500,2192.381152,2399.913036
249,-1,0.720002,65.978903,938406.717366,552358.903396,4356.131400,2192.500091,2400.383807
250,-1,0.359996,65.959897,938406.728193,552345.127177,4356.950200,2192.381081,2400.608548
251,-1,0.000000,65.940394,938406.771500,552331.352270,4357.845100,2192.381113,2400.973277
252,-1,359.640003,65.921890,938406.728193,552317.577363,4358.694399,2192.381081,2401.319621
253,-1,359.279997,65.904178,938406.717366,552303.801144,4359.560800,2192.500091,2401.781866
254,-1,358.919996,65.887925,938406.382065,552290.029190,4360.254000,2192.381152,2401.956396
255,-1,358.560001,65.872254,938406.198010,552276.254611,4361.027100,2192.500037,2402.380827
256,-1,358.199999,65.857747,938405.689481,552262.487907,4361.640300,2192.380903,2402.522837
257,-1,357.839996,65.843035,938405.213760,552248.720874,4362.316500,2192.381126,2402.799688
258,-1,357.480001,65.829244,938404.651097,552234.957450,4362.950300,2192.380885,2403.058912
259,-1,357.120003,65.816164,938404.121243,552221.191729,4363.605200,2192.500072,2403.435867
260,-1,356.759999,65.804371,938403.266914,552207.442085,4364.094000,2192.380940,2403.527486
261,-1,356.399998,65.793246,938402.445393,552193.691456,4364.605800,2192.381174,2403.737507
262,-1,356.039996,65.782640,938489.146335,552173.881457,4404.592999,2280.199922,2500.230526
263,-1,355.679997,65.766762,938487.988857,552159.601301,4405.297200,2280.076402,2500.406836
264,-1,355.319999,65.751957,938486.987875,552145.309335,4406.061400,2280.199842,2500.833149
265,-1,354.960002,65.737520,938485.650935,552131.044928,4406.696900,2280.076208,2500.981493
266,-1,354.600001,65.723980,938484.347460,552116.778224,4407.345200,2280.076125,2501.247886
267,-1,354.240002,65.711343,938483.077778,552102.507584,4408.006400,2280.200072,2501.632775
268,-1,353.880001,65.699070,938481.472138,552088.270735,4408.538500,2280.076380,2501.738960
269,-1,353.520003,65.687692,938479.899962,552074.031263,4409.083600,2280.076258,2501.963222
270,-1,353.159999,65.677040,938478.238548,552059.801632,4409.594100,2280.076369,2502.173545
271,-1,352.799997,65.667106,938476.487568,552045.582829,4410.070200,2280.076278,2502.369595
272,-1,352.439997,65.658072,938474.770051,552031.359104,4410.559200,2280.200020,2502.683862
273,-1,352.080002,65.649403,938472.717890,552017.179998,4410.918800,2280.076168,2502.719269
274,-1,351.719998,65.641636,938470.699522,552002.996628,4411.291300,2280.076389,2502.873083
275,-1,351.359997,65.630473,938468.591586,551988.826380,4411.826500,2280.076103,2503.093609
276,-1,351.000003,65.619516,938466.395068,551974.669913,4412.352100,2280.076181,2503.310599
277,-1,350.640002,65.608749,938464.109640,551960.527224,4412.868700,2280.076300,2503.524001
278,-1,350.280001,65.598371,938461.857348,551946.378303,4413.422800,2280.200144,2503.865657
279,-1,349.920002,65.587665,938459.272051,551932.286467,4413.880300,2280.076140,2503.941780
280,-1,349.559997,65.577550,938456.842266,551918.166745,4414.422100,2280.200147,2504.278666
281,-1,349.200002,65.587626,938454.080132,551904.108702,4413.882199,2280.076144,2503.942570
282,-1,348.840000,65.603857,938451.351463,551890.044754,4413.103300,2280.076135,2503.620742
283,-1,348.480000,65.620822,938448.655930,551875.973588,4412.345600,2280.200050,2503.420739
284,-1,348.120000,65.638744,938445.750424,551861.944416,4411.485900,2280.199849,2503.065817
285,-1,347.760006,65.643161,936642.922337,552238.387233,3577.514200,438.499864,481.341894
286,-1,347.399982,65.608992,936642.306525,552235.701543,3577.818600,438.476092,481.445863
287,-1,347.040000,65.575821,936641.697274,552233.014868,3578.124800,438.476249,481.572535
288,-1,346.680019,65.543361,936641.070963,552230.332131,3578.424499,438.476206,481.696496
289,-1,346.319993,65.511652,936640.427920,552227.653003,3578.717500,438.476360,481.818013
290,-1,345.960003,65.480907,936639.790782,552224.972562,3579.012400,438.499873,481.961719
291,-1,345.599980,65.450421,936639.090980,552222.307541,3579.283500,438.476165,482.052723
292,-1,345.239994,65.421165,936638.420378,552219.635302,3579.565000,438.499846,482.191283
293,-1,344.879993,65.392170,936637.687111,552216.979467,3579.822499,438.476060,482.276821
294,-1,344.520006,65.364421,936636.983373,552214.315759,3580.090500,438.500145,482.410371
295,-1,344.160006,65.337153,936636.239608,552211.662877,3580.343100,438.500076,482.515658
296,-1,343.799985,65.310409,936635.456473,552209.021150,3580.580100,438.476399,482.593088
297,-1,343.439987,65.284880,936634.702209,552206.371221,3580.827699,438.500047,482.718046
298,-1,343.080022,65.259625,936633.885938,552203.739993,3581.051000,438.476238,482.789828
299,-1,342.720007,65.235613,936633.098538,552201.099578,3581.284799,438.500034,482.909329
300,-1,342.359997,65.212116,936632.271768,552198.471302,3581.502900,438.499944,483.000647
301,-1,342.000015,65.189135,936631.405956,552195.855822,3581.705300,438.476080,483.063879
302,-1,341.639980,65.167159,936630.546378,552193.238045,3581.909499,438.476166,483.149680
303,-1,341.280002,65.145937,936629.670395,552190.626174,3582.106700,438.476134,483.232503
304,-1,340.920021,65.125724,936628.800646,552188.012006,3582.305700,438.500051,483.337876
305,-1,340.560012,65.106027,936627.891855,552185.410961,3582.488900,438.500092,483.415001
306,-1,340.199999,65.086879,936626.944351,552182.823696,3582.656000,438.476352,483.463832
307,-1,339.839985,65.068707,936626.002752,552180.234462,3582.825000,438.476147,483.534861
308,-1,339.480011,65.051511,936625.045076,552177.651462,3582.985000,438.476012,483.602205
309,-1,339.119981,65.035839,936624.093635,552175.065509,3583.142100,438.500061,483.690294
310,-1,338.760009,65.020391,936623.081498,552172.503178,3583.274900,438.476292,483.724811
311,-1,338.400017,65.005870,936622.075266,552169.938551,3583.410099,438.476168,483.781809
312,-1,338.040009,64.992054,936621.052958,552167.380157,3583.538799,438.476113,483.836152
313,-1,337.680007,64.979179,936620.036884,552164.819139,3583.670000,438.500131,483.913395
314,-1,337.319984,64.966765,936618.982424,552162.273540,3583.785699,438.500096,483.962310
315,-1,336.960018,64.954811,936617.890235,552159.744346,3583.886000,438.476234,483.983141
316,-1,336.600018,64.943792,936616.803951,552157.212527,3583.988700,438.476142,484.026543
317,-1,336.239991,64.933707,936615.723573,552154.677755,3584.093900,438.499955,484.092676
318,-1,335.879976,64.923851,936614.583811,552152.169230,3584.174700,438.476156,484.105357
319,-1,335.520001,64.914940,936613.450283,552149.658408,3584.257900,438.476295,484.140751
320,-1,335.159996,64.906957,936612.322333,552147.144633,3584.343500,438.500043,484.198555
321,-1,334.799980,64.899432,936611.156981,552144.647919,3584.413700,438.499994,484.228286
322,-1,334.439977,64.892375,936609.954555,552142.168922,3584.468400,438.476169,484.229919
323,-1,334.079978,64.886255,936608.758035,552139.687299,3584.525500,438.476115,484.254101
324,-1,333.719989,64.881079,936607.567421,552137.202724,3584.585000,438.499974,484.300959
325,-1,333.360023,64.876130,936606.318736,552134.747020,3584.620100,438.476288,484.294415
326,-1,333.000019,64.872110,936605.075628,552132.288364,3584.657600,438.476222,484.310278
327,-1,332.639984,64.878967,936603.838098,552129.826427,3584.604700,438.499927,484.309279
328,-1,332.280009,64.904369,936602.564478,552127.383518,3584.367700,438.500145,484.208911
329,-1,331.919988,64.930807,936601.275111,552124.948484,3584.121000,438.500072,484.104263
330,-1,331.560022,64.958296,936599.970651,552122.521979,3583.864600,438.499979,483.995595
331,-1,331.200001,64.986827,936598.650772,552120.103349,3583.598600,438.499887,483.882980
332,-1,330.840028,65.016426,936597.316129,552117.693249,3583.322900,438.500059,483.766627
333,-1,330.480021,65.047291,936595.945397,552115.303162,3583.024399,438.476275,483.619064
334,-1,330.119980,65.078976,936594.580242,552112.909794,3582.729500,438.476273,483.494727
335,-1,329.760019,65.111716,936593.200324,552110.525612,3582.424900,438.476204,483.366395
336,-1,329.399979,65.145274,936591.825655,552108.137494,3582.123900,438.499964,483.261355
337,-1,329.039985,65.180116,936590.415881,552105.770372,3581.800200,438.500131,483.125538
338,-1,328.679979,65.216237,936588.970673,552103.424576,3581.453700,438.476254,482.958513
339,-1,328.319976,65.252950,936587.551385,552101.063033,3581.123900,438.500016,482.841935
340,-1,327.959984,65.291172,936586.076978,552098.735609,3580.758400,438.476263,482.667469
341,-1,327.599996,65.330223,936584.608149,552096.404905,3580.396400,438.476289,482.516286
342,-1,327.239997,65.370093,936583.144570,552094.070593,3580.037900,438.499991,482.388308
343,-1,326.880005,65.411482,936581.626528,552091.771385,3579.643800,438.476207,482.202570
344,-1,326.519996,65.456140,936580.114064,552089.468568,3579.230700,438.476378,482.030981
345,-1,326.159996,65.504195,936578.586836,552087.175593,3578.786300,438.476115,481.846313
346,-1,325.800002,65.553212,936577.045500,552084.892133,3578.333499,438.476146,481.658774
347,-1,325.439988,65.602962,936575.509414,552082.604736,3577.885100,438.500043,481.495141
348,-1,325.079999,65.654047,936573.919851,552080.354413,3577.403100,438.476180,481.274506
349,-1,324.720012,65.705682,936572.355221,552078.086701,3576.937999,438.500025,481.104691
350,-1,324.360013,65.758453,936570.756799,552075.842611,3576.452000,438.499950,480.904875
351,-1,323.999986,65.812155,936569.144270,552073.608363,3575.957899,438.499988,480.702250
352,-1,323.639996,65.867008,936567.498604,552071.398722,3575.442899,438.476066,480.469638
353,-1,323.280013,65.922390,936565.877544,552069.171036,3574.944900,438.499967,480.288065
354,-1,322.919992,65.951905,936634.167105,552014.107826,3613.796100,526.171580,576.182037
355,-1,322.559986,65.973167,936632.188107,552011.459209,3613.574700,526.200062,576.117866
356,-1,322.200009,65.994475,936630.147428,552008.858165,3613.327399,526.171423,575.991056
357,-1,321.839990,66.016834,936628.135293,552006.234482,3613.094100,526.199985,575.922279
358,-1,321.479998,66.039482,936626.084444,552003.641311,3612.845000,526.200028,575.821113
359,-1,321.119988,66.067273,936623.994882,552001.078981,3612.526700,526.171349,575.665708
360,-1,320.760011,66.098305,936621.933862,551998.494012,3612.198300,526.199871,575.558643
361,-1,320.399998,66.129506,936619.812475,551995.957928,3611.842999,526.171488,575.388823
362,-1,320.039994,66.162068,936617.718976,551993.398878,3611.498100,526.200006,575.275423
363,-1,319.679999,66.195097,936615.587746,551990.871324,3611.135700,526.200148,575.129185
364,-1,319.319989,66.228874,936613.440441,551988.357221,3610.765199,526.200104,574.979702
365,-1,318.960010,66.263131,936611.256062,551985.875599,3610.377100,526.171545,574.797231
366,-1,318.600010,66.298736,936609.098914,551983.370027,3609.999500,526.200022,574.671413
367,-1,318.240013,66.334519,936606.883367,551980.915963,3609.595100,526.171403,574.482763
368,-1,317.880018,66.371656,936604.695051,551978.437622,3609.201200,526.200039,574.351002
369,-1,317.519996,66.441784,936602.448665,551976.011445,3608.421800,526.171388,574.012797
370,-1,317.160000,66.519706,936600.229509,551973.560663,3607.583199,526.200212,573.704577
371,-1,316.800001,66.598397,936597.973608,551971.143673,3606.724500,526.199887,573.362686
372,-1,316.439996,66.677838,936595.702943,551968.740463,3605.858900,526.200142,573.019676
373,-1,316.079998,66.757968,936593.416859,551966.352016,3604.986600,526.199822,572.674598
374,-1,315.719992,66.838825,936591.116010,551963.977677,3604.107600,526.199855,572.328331
375,-1,315.359988,66.920402,936588.800398,551961.617773,3603.221900,526.200014,571.980695
376,-1,315.000000,67.002682,936586.470022,551959.272634,3602.329600,526.200068,571.631543
377,-1,314.640016,67.085756,936584.104870,551956.962599,3601.417700,526.171478,571.249558
378,-1,314.280007,67.169364,936581.764979,551954.626646,3600.525200,526.199855,570.928806
379,-1,313.919993,67.253864,936579.370955,551952.346138,3599.600300,526.171515,570.544438
380,-1,313.560001,67.338985,936576.982508,551950.060382,3598.681800,526.171598,570.190007
381,-1,313.199998,67.424715,936574.598983,551947.769048,3597.769600,526.199887,569.865299
382,-1,312.839999,67.511261,936572.181993,551945.513147,3596.838099,526.200212,569.508648
383,-1,312.480013,67.598479,936569.750568,551943.272994,3595.900299,526.199946,569.150352
384,-1,312.119981,67.686417,936567.305034,551941.047605,3594.956100,526.200039,568.791278
385,-1,311.759985,67.775057,936564.845722,551938.837963,3594.005500,526.199984,568.430988
386,-1,311.399989,67.864392,936562.372630,551936.643742,3593.048700,526.200022,568.069810
387,-1,311.039989,67.954519,936559.867057,551934.486594,3592.073099,526.171545,567.676528
388,-1,310.680003,68.045255,936557.366734,551932.323869,3591.103800,526.171493,567.313372
389,-1,310.320000,68.136614,936554.871332,551930.154910,3590.140600,526.200148,566.980554
390,-1,309.960005,68.228747,936552.343778,551928.023681,3589.158800,526.200006,566.615537
391,-1,309.600001,68.321668,936549.784728,551925.930181,3588.158600,526.171488,566.218822
392,-1,309.240004,68.408727,936491.757285,551991.751243,3552.527700,438.476058,471.564541
393,-1,308.879998,68.464478,936489.632946,551989.996654,3552.043800,438.499855,471.408825
394,-1,308.519984,68.520228,936487.482687,551988.273888,3551.550900,438.499921,471.228176
395,-1,308.160012,68.575992,936485.307167,551986.583603,3551.048899,438.476152,471.022462
396,-1,307.799994,68.632030,936483.150019,551984.869367,3550.563500,438.499877,470.867472
397,-1,307.440010,68.687998,936480.953501,551983.206313,3550.060600,438.476341,470.662544
398,-1,307.080007,68.731868,936425.886682,552051.501124,3515.539099,350.781053,376.417684
399,-1,306.720032,68.768397,936424.124218,552050.177964,3515.281600,350.780944,376.324255
400,-1,306.360014,68.805225,936422.364707,552048.850211,3515.029599,350.800131,376.250959
401,-1,306.000000,68.842189,936420.585512,552047.549032,3514.769300,350.800096,376.156896
402,-1,305.639973,68.879372,936418.798114,552046.259008,3514.507600,350.800067,376.062490
403,-1,305.279994,68.916768,936417.002842,552044.980468,3514.244500,350.799966,375.967673
404,-1,304.920017,68.954393,936415.199696,552043.713082,3513.980000,350.800059,375.872693
405,-1,304.560015,68.992236,936413.388347,552042.457179,3513.714000,350.799889,375.777094
406,-1,304.199987,69.030323,936411.569125,552041.212431,3513.446500,350.799917,375.681305
407,-1,303.840003,69.068586,936409.731859,552039.994913,3513.170700,350.781128,375.565143
408,-1,303.479996,69.107114,936407.897217,552038.773459,3512.900299,350.780920,375.468433
409,-1,303.119998,69.145956,936406.065527,552037.547412,3512.635200,350.800021,375.391823
410,-1,302.760011,69.184961,936404.215794,552036.348923,3512.361800,350.800028,375.294590
411,-1,302.400002,69.224222,936402.358514,552035.161918,3512.086800,350.800145,375.197066
412,-1,302.039986,69.263722,936400.493688,552033.986723,3511.810200,350.800096,375.098996
413,-1,301.679994,69.303458,936398.621645,552032.823340,3511.532100,350.800055,375.000582
414,-1,301.320011,69.343458,936396.742383,552031.671767,3511.252299,350.800021,374.901754
415,-1,300.960025,69.383708,936394.855904,552030.532006,3510.970900,350.799992,374.802552
416,-1,300.600000,69.424169,936392.952365,552029.420459,3510.681000,350.780841,374.682644
417,-1,300.239982,69.464976,936391.061292,552028.287916,3510.403200,350.799960,374.603007
418,-1,299.880004,69.505970,936389.144301,552027.200319,3510.110000,350.781043,374.482539
419,-1,299.519985,69.547272,936387.229607,552026.108458,3509.821800,350.780816,374.381522
420,-1,299.160009,69.588883,936385.317866,552025.011676,3509.538900,350.800175,374.300905
421,-1,298.800011,69.630742,936383.389720,552023.943764,3509.247200,350.800177,374.199275
422,-1,298.440011,69.672847,936381.445826,552022.904724,3508.946900,350.781140,374.077004
423,-1,298.080001,69.715277,936379.513415,552021.844359,3508.658600,350.800173,373.994805
424,-1,297.719986,69.757966,936377.565256,552020.813193,3508.361500,350.799881,373.891634
425,-1,297.359992,69.800962,936375.610864,552019.794166,3508.062500,350.799792,373.788206
426,-1,297.000004,69.844267,936373.650238,552018.787279,3507.761600,350.799906,373.684524
427,-1,296.640035,69.887864,936371.683378,552017.792858,3507.458799,350.799929,373.580317
428,-1,296.279996,69.931763,936369.709957,552016.810576,3507.154100,350.800009,373.475728
429,-1,295.919994,69.975992,936367.730630,552015.840762,3506.847299,350.800145,373.370693
430,-1,295.559990,70.020514,936365.745070,552014.883743,3506.538500,350.799898,373.264836
431,-1,295.199971,70.065383,936363.753604,552013.938863,3506.227600,350.800002,373.158819
432,-1,294.840018,70.110575,936361.756561,552013.006778,3505.914600,350.800002,373.052218
433,-1,294.479996,70.156092,936359.753284,552012.087161,3505.599500,350.799917,372.945057
434,-1,294.119988,70.201949,936357.744430,552011.180010,3505.282300,350.800025,372.837601
435,-1,293.760004,70.248159,936355.729998,552010.285655,3504.962799,350.800024,372.729505
436,-1,293.400028,70.294709,936353.709989,552009.404095,3504.641099,350.799913,372.620806
437,-1,293.040024,70.341614,936351.684403,552008.535002,3504.317200,350.799993,372.511793
438,-1,292.680000,70.388890,936349.653239,552007.678705,3503.990900,350.799966,372.402123
439,-1,292.319990,70.436527,936347.616825,552006.835203,3503.662300,350.799959,372.291955
440,-1,291.959982,70.484543,936345.575163,552006.004496,3503.331300,350.799971,372.181262
441,-1,291.600009,70.532942,936343.528579,552005.186584,3502.997900,350.800125,372.070164
442,-1,291.240028,70.581719,936341.476746,552004.381796,3502.662000,350.799991,371.958229
443,-1,290.880005,70.636660,936339.419663,552003.589802,3502.283899,350.799879,371.832590
444,-1,290.520026,70.693398,936337.357988,552002.810604,3501.893800,350.800024,371.703569
445,-1,290.159996,70.751951,936335.291063,552002.044530,3501.491400,350.799888,371.570591
446,-1,289.799981,70.811229,936333.219545,552001.291251,3501.084400,350.800008,371.436732
447,-1,289.439987,70.871218,936331.143433,552000.551095,3500.672800,350.800073,371.301713
448,-1,289.079999,70.931904,936329.062729,551999.824062,3500.256700,350.800084,371.165578
449,-1,288.720002,70.993303,936326.977431,551999.110153,3499.836000,350.800039,371.028309
450,-1,288.359983,71.055403,936324.887540,551998.409367,3499.410800,350.799940,370.889955
451,-1,288.000008,71.111051,936349.894380,551914.314062,3529.037600,438.499942,463.458175
452,-1,287.640002,71.160789,936347.271354,551913.470888,3528.612500,438.499944,463.320732
453,-1,287.279992,71.210830,936344.643078,551912.644118,3528.185100,438.500034,463.182981
454,-1,286.920018,71.261141,936342.009881,551911.834080,3527.755600,438.499996,463.044788
455,-1,286.560012,71.326472,936339.371435,551911.040447,3527.198300,438.500047,462.866101
456,-1,286.200012,71.398843,936336.728068,551910.263545,3526.581400,438.499968,462.668879
457,-1,285.839993,71.471646,936334.079779,551909.503048,3525.961400,438.500076,462.471588
458,-1,285.479993,71.544887,936331.426897,551908.759283,3525.338200,438.500145,462.273994
459,-1,285.120009,71.618553,936328.769422,551908.032579,3524.711800,438.499857,462.075809
460,-1,284.760005,71.692669,936326.107354,551907.322278,3524.082200,438.499846,461.877645
461,-1,284.400020,71.767228,936323.441021,551906.628710,3523.449400,438.499878,461.679296
462,-1,284.039996,71.842227,936320.770094,551905.951874,3522.813400,438.499873,461.480696
463,-1,283.680004,71.917684,936318.095231,551905.291771,3522.174100,438.499993,461.281982
464,-1,283.319998,71.993563,936315.416102,551904.648727,3521.531700,438.499839,461.082849
465,-1,282.959985,72.069914,936312.733037,551904.022088,3520.886000,438.500127,460.883931
466,-1,282.600018,72.145867,936290.915167,551989.000593,3491.995300,350.800104,368.549387
467,-1,282.240017,72.220079,936288.762612,551988.526512,3491.494000,350.800125,368.396021
468,-1,281.880022,72.294994,936286.607105,551988.066211,3490.988300,350.799904,368.241703
469,-1,281.519996,72.370643,936284.448645,551987.619034,3490.478200,350.800081,368.087063
470,-1,281.160000,72.447000,936282.287560,551987.185636,3489.963699,350.800083,367.931571
471,-1,280.800019,72.524052,936280.123850,551986.766017,3489.444900,350.799906,367.775271
472,-1,280.440028,72.601831,936277.957516,551986.359850,3488.921700,350.799871,367.618457
473,-1,280.080014,72.680338,936275.788557,551985.967134,3488.394100,350.799982,367.461149
474,-1,279.720024,72.759547,936273.617302,551985.588198,3487.862200,350.799973,367.303144
475,-1,279.359983,72.839472,936271.443421,551985.222713,3487.326000,350.800112,367.144714
476,-1,278.999999,72.920104,936269.267573,551984.871336,3486.785399,350.799862,366.985334
477,-1,278.639980,73.001458,936267.089427,551984.533082,3486.240600,350.800140,366.825959
478,-1,278.279990,73.083523,936264.909314,551984.208936,3485.691400,350.800023,366.665667
479,-1,277.919998,73.166313,936262.727231,551983.898241,3485.137900,350.800161,366.505125
480,-1,277.560005,73.249788,936260.543181,551983.601653,3484.580200,350.799903,366.343760
481,-1,277.199992,73.334061,936258.354865,551983.337218,3484.012100,350.781059,366.162386
482,-1,276.840028,73.418915,936256.169830,551983.049161,3483.451900,350.799911,366.020186
483,-1,276.480023,73.504542,936253.980530,551982.793584,3482.881400,350.799853,365.857735
484,-1,276.120000,73.597412,936251.789589,551982.551459,3482.263300,350.800094,365.682944
485,-1,275.760009,73.692884,936249.597336,551982.323441,3481.628400,350.800018,365.504092
486,-1,275.400020,73.779678,936255.657036,551894.798353,3506.564700,438.500009,456.678236
487,-1,275.040018,73.869274,936252.913275,551894.547698,3505.821300,438.499997,456.471126
488,-1,274.679998,73.970459,936250.167873,551894.314102,3504.982600,438.500158,456.238977
489,-1,274.319997,74.072215,936247.421160,551894.098223,3504.139899,438.499867,456.006719
490,-1,273.959991,74.174358,936244.671493,551893.923027,3503.288200,438.476097,455.750858
491,-1,273.600013,74.277462,936241.924123,551893.717647,3502.442899,438.499909,455.543982
492,-1,273.240005,74.380931,936239.173801,551893.553277,3501.588699,438.499915,455.313260
493,-1,272.879986,74.483567,936232.016007,551980.995359,3476.393800,350.799982,364.068921
494,-1,272.519972,74.585724,936229.814240,551980.891357,3475.720500,350.800152,363.889546
495,-1,272.160006,74.688609,936227.612144,551980.801462,3475.043000,350.800062,363.709969
496,-1,271.800018,74.792221,936225.409393,551980.725347,3474.361399,350.800025,363.530541
497,-1,271.439993,74.896546,936223.205985,551980.663011,3473.675800,350.800044,363.351315
498,-1,271.080025,75.001617,936221.002577,551980.614455,3472.986000,350.800137,363.172279
499,-1,270.719993,75.107375,936218.798514,551980.580006,3472.292300,350.799961,362.993204
500,-1,270.359989,75.213866,936216.594450,551980.559337,3471.594500,350.799857,362.814389
501,-1,270.000000,75.321074,936214.390386,551980.552119,3470.892800,350.800151,362.636226
502,-1,269.640010,75.428975,936212.186322,551980.559337,3470.187100,350.799857,362.457759
503,-1,269.280006,75.537595,936209.982258,551980.580006,3469.477499,350.799961,362.279989
504,-1,268.919974,75.646922,936207.778194,551980.614455,3468.764000,350.800137,362.102626
505,-1,268.560006,75.756944,936205.574787,551980.663011,3468.046600,350.800044,361.925362
506,-1,268.199981,75.867660,936203.371379,551980.725347,3467.325400,350.800025,361.748578
507,-1,267.839993,75.979070,936201.168628,551980.801462,3466.600400,350.800062,361.572280
508,-1,267.480027,76.091175,936198.966532,551980.891357,3465.871600,350.800152,361.396488
509,-1,267.120013,76.203949,936196.764765,551980.995359,3465.139100,350.799982,361.220946
510,-1,266.759993,76.317420,936194.563654,551981.113141,3464.402800,350.799867,361.045959
511,-1,266.400010,76.431570,936192.363527,551981.244375,3463.662900,350.800115,360.871899
512,-1,266.039989,76.546391,936190.164056,551981.389716,3462.919299,350.800092,360.698147
513,-1,265.680026,76.661880,936187.965898,551981.548836,3462.172100,350.800080,360.525026
514,-1,265.320001,76.778053,936185.768396,551981.721736,3461.421200,350.800126,360.352581
515,-1,264.960001,76.894869,936183.572206,551981.908743,3460.666800,350.799855,360.180517
516,-1,264.600021,77.012365,936181.377329,551982.109202,3459.908800,350.799917,360.009467
517,-1,264.239990,77.130502,936179.183435,551982.323441,3459.147400,350.800018,359.839212
518,-1,263.879999,77.249309,936176.991182,551982.551459,3458.382400,350.800094,359.669670
519,-1,263.519976,77.368745,936174.800242,551982.793584,3457.614000,350.799853,359.500623
520,-1,263.159971,77.488848,936172.610942,551983.049161,3456.842099,350.799911,359.332673
521,-1,262.800018,77.609575,936170.423610,551983.318517,3456.066900,350.799900,359.165529
522,-1,262.439994,77.730945,936168.237591,551983.601653,3455.288300,350.799903,358.999271
523,-1,262.080001,77.852950,936166.053540,551983.898241,3454.506400,350.800161,358.834181
524,-1,261.720009,78.010274,936163.871458,551984.208936,3453.499100,350.800023,358.623441
525,-1,261.360019,78.173126,936161.691344,551984.533082,3452.457700,350.800140,358.408666
526,-1,261.000000,78.336755,936159.513199,551984.871336,3451.412500,350.799862,358.195636
527,-1,260.640016,78.501190,936157.337350,551985.222713,3450.363500,350.800112,357.985290
528,-1,260.279975,78.666401,936155.163470,551985.588198,3449.310700,350.799973,357.776768
529,-1,259.920006,78.812401,936137.642836,551899.620850,3465.726700,438.499949,446.994100
530,-1,259.559984,78.958903,936134.931555,551900.111663,3464.562200,438.499905,446.769579
531,-1,259.199986,79.105885,936132.223555,551900.619208,3463.395099,438.500124,446.547748
532,-1,258.839984,79.253357,936129.518836,551901.144141,3462.225200,438.499959,446.327960
533,-1,258.479979,79.401307,936126.817398,551901.685807,3461.052700,438.500054,446.110909
534,-1,258.119992,79.549738,936124.119569,551902.244533,3459.877500,438.500023,445.896222
535,-1,257.760006,79.698650,936121.425349,551902.820319,3458.699600,438.499864,445.683921
536,-1,257.400018,79.848036,936118.734737,551903.412837,3457.519100,438.499898,445.474365
537,-1,257.040014,79.997896,936116.047735,551904.022088,3456.336000,438.500127,445.267580
538,-1,256.680001,80.148226,936113.364669,551904.648727,3455.150200,438.499839,445.062874
539,-1,256.319995,80.299019,936110.685541,551905.291771,3453.961899,438.499993,444.861248
540,-1,255.960003,80.450285,936108.010677,551905.951874,3452.770900,438.499873,444.661989
541,-1,255.599979,80.602007,936105.339751,551906.628710,3451.577399,438.499878,444.465546
542,-1,255.239994,80.754192,936102.673418,551907.322278,3450.381299,438.499846,444.271769
543,-1,254.879990,80.906840,936100.011350,551908.032579,3449.182600,438.499857,444.080761
544,-1,254.520006,81.059944,936097.353875,551908.759283,3447.981400,438.500145,443.892792
545,-1,254.160006,81.213488,936094.700993,551909.503048,3446.777700,438.500076,443.707261
546,-1,253.799987,81.367477,936092.052704,551910.263545,3445.571500,438.499968,443.524505
547,-1,253.439987,81.521916,936089.409337,551911.040447,3444.362800,438.500047,443.344772
548,-1,253.079981,81.676797,936086.770890,551911.834080,3443.151600,438.499996,443.167772
549,-1,252.720007,81.832108,936084.137694,551912.644118,3441.937999,438.500034,442.993761
550,-1,252.359997,81.987859,936081.509418,551913.470888,3440.721900,438.499944,442.822531
551,-1,251.999991,82.144038,936078.886392,551914.314062,3439.503400,438.499942,442.654335
552,-1,251.640016,82.375299,936076.268943,551915.173641,3437.700800,438.499925,442.411537
553,-1,251.280017,82.652536,936073.656743,551916.049623,3435.542400,438.499996,442.130399
554,-1,250.920021,82.930736,936071.050121,551916.942010,3433.379200,438.500051,441.859019
555,-1,250.560012,83.209130,936068.449077,551917.850801,3431.217099,438.500092,441.598184
556,-1,250.200018,83.487664,936065.853938,551918.775996,3429.056400,438.500010,441.347824
557,-1,249.839983,83.766340,936063.264376,551919.717595,3426.897000,438.499916,441.108036
558,-1,249.479973,83.984842,936091.422784,552002.810604,3415.964400,350.800024,352.742149
559,-1,249.119994,84.174079,936089.361108,552003.589802,3414.793300,350.799879,352.621207
560,-1,248.759971,84.363496,936087.304026,552004.381796,3413.621900,350.799991,352.504340
561,-1,248.399990,84.553021,936085.252193,552005.186584,3412.450600,350.800125,352.391359
562,-1,248.040017,84.742612,936083.205609,552006.004496,3411.279599,350.799971,352.281978
563,-1,247.680009,84.932273,936081.163946,552006.835203,3410.108900,350.799959,352.176624
564,-1,247.319999,85.121964,936079.127533,552007.678705,3408.938700,350.799966,352.075193
565,-1,246.959975,85.348479,936077.096369,552008.535002,3407.542200,350.799993,351.959220
566,-1,246.599971,85.613230,936075.070783,552009.404095,3405.911100,350.799913,351.830621
567,-1,246.239995,85.877845,936073.050774,552010.285655,3404.282000,350.800024,351.709875
568,-1,245.880011,86.142295,936071.036342,552011.180010,3402.655000,350.800025,351.596668
569,-1,245.520003,86.406582,936069.027488,552012.087161,3401.030000,350.799917,351.490971
570,-1,245.159981,86.670634,936067.024211,552013.006778,3399.407400,350.800002,351.393090
571,-1,244.800028,86.934452,936065.027168,552013.938863,3397.787100,350.800002,351.302714
572,-1,244.440009,87.197992,936063.035702,552014.883743,3396.169299,350.799898,351.219808
573,-1,244.080005,87.461246,936061.050141,552015.840762,3394.554000,350.800145,351.144798
574,-1,243.720003,87.724164,936059.070815,552016.810576,3392.941400,350.800009,351.076927
575,-1,243.359964,87.986721,936057.097393,552017.792858,3391.331600,350.799929,351.016607
576,-1,242.999995,88.248907,936055.130534,552018.787279,3389.724600,350.799906,350.963803
577,-1,242.640004,88.489889,936093.481507,552097.696241,3385.935600,263.085721,263.177125
578,-1,242.279990,88.660838,936092.009069,552098.447880,3385.150500,263.100059,263.171940
579,-1,241.919981,88.832076,936090.548114,552099.221501,3384.363800,263.099985,263.154655
580,-1,241.559976,89.003423,936089.092080,552100.004308,3383.576700,263.099876,263.139680
581,-1,241.199995,89.174875,936087.640967,552100.795973,3382.789200,263.100021,263.127306
582,-1,240.839990,89.346429,936086.194776,552101.596824,3382.001300,263.100131,263.117249
583,-1,240.479976,89.518208,936084.760724,552102.419329,3381.212300,263.085804,263.095106
584,-1,240.119973,89.689765,936083.317813,552103.226086,3380.424600,263.099933,263.103790
585,-1,239.759968,89.861540,936081.887042,552104.054168,3379.635800,263.099911,263.100679
586,-1,239.399979,90.033384,936080.461520,552104.891109,3378.846699,263.099978,263.100023
587,-1,239.039992,90.205249,936079.041247,552105.736908,3378.057500,263.100135,263.101823
588,-1,238.680018,90.399800,936077.626552,552106.591893,3377.164099,263.099930,263.106335
589,-1,238.320000,90.470749,781698.807029,301953.856307,961.618100,294217.531742,294227.462552
590,-1,237.959999,90.469144,781143.796000,304551.616203,985.524900,292304.099951,292313.899039
591,-1,237.600000,90.508030,891149.053023,481319.742981,2633.244000,84104.300041,84107.606299
592,-1,237.239999,90.437565,890703.766184,481604.296874,2736.686500,84104.300010,84106.752682
593,-1,236.880000,90.398385,890356.113992,482038.545021,2795.420700,83928.900056,83930.928920
594,-1,236.519999,90.356044,889866.979800,482254.918276,2856.901900,84016.599962,84018.222164
595,-1,236.159999,90.297704,889476.432353,482620.352257,2942.908400,83928.899933,83930.032883
596,-1,235.800000,90.229599,888990.056029,482842.854436,3042.321500,84016.600065,84017.274646
597,-1,235.439999,90.163204,888355.384070,482852.048316,3138.682500,84367.399886,84367.742153
598,-1,235.080000,90.123342,887969.982610,483226.034444,3197.568300,84279.700008,84279.895294
599,-1,234.720000,90.118095,886979.551848,482743.002602,3203.298500,85244.400023,85244.581097
600,-1,234.359999,90.112450,886492.187993,482982.452582,3211.524699,85332.100048,85332.264394
601,-1,233.999999,90.102021,886108.989285,483367.184096,3227.212499,85244.399883,85244.535020
602,-1,233.639999,90.119979,885572.679334,483542.113865,3200.128000,85419.799922,85419.987203
603,-1,233.279999,90.235949,885193.902532,483931.958229,3027.592000,85332.099974,85332.823541
604,-1,232.919999,90.397196,884870.900225,484393.810652,2788.651100,85156.699930,85158.746202
605,-1,232.560000,90.506050,859759.981943,452477.690429,2268.211899,125761.800056,125766.705465
606,-1,232.199999,90.592809,887998.892329,490172.306969,2565.045100,78666.900063,78671.110887
607,-1,231.839999,90.635113,789206.990832,365249.667051,741.477799,237930.099962,237944.718351
608,-1,231.480000,90.634643,788471.379442,366725.953797,751.201499,237228.500027,237243.053744
609,-1,231.120000,90.625758,786317.236769,366429.027553,770.755099,238807.099973,238821.343139
610,-1,230.759999,90.575230,786039.766851,368461.305313,995.463399,237403.899971,237415.865031
611,-1,230.399999,90.573811,784831.547155,369340.929538,1000.463900,237491.599928,237503.510438
612,-1,230.039999,90.599693,799069.100701,388656.037233,1143.896500,213537.910534,213549.607639
613,-1,229.679999,90.604049,785665.109136,374935.301879,925.969899,232668.100046,232681.030889
614,-1,229.320000,90.665329,789984.228779,382203.018643,773.842999,224336.599926,224351.725889
615,-1,228.959999,90.656089,792430.711090,387160.180645,871.289399,218986.899991,219001.257942
616,-1,228.599999,90.640428,790351.808096,386882.729100,913.505799,220565.500070,220579.279359
617,-1,228.239999,90.640856,789724.014404,388260.403838,918.727799,219951.600073,219965.359350
618,-1,227.880000,90.651903,791401.704618,392176.397318,922.215700,215917.399842,215931.376469
619,-1,227.520000,90.643706,790575.966440,393283.477125,956.064499,215654.300020,215667.910765
620,-1,227.159999,90.587016,891073.033490,503651.336441,2698.797200,66388.900001,66392.384497
621,-1,226.799999,90.600448,890768.061003,503935.927080,2683.232200,66388.899928,66392.545715
622,-1,226.440000,90.614798,890767.059037,504540.188338,2671.308600,65950.400125,65954.197014
623,-1,226.080000,90.482128,890589.344169,504953.026095,2825.507800,65775.000064,65777.328822
624,-1,225.720000,90.426211,890353.789194,505303.417783,2890.357200,65687.299867,65689.117330
625,-1,225.359999,90.443759,890120.833295,505654.896411,2870.916900,65599.600127,65601.567704
626,-1,225.000000,90.455297,890014.508048,506131.469933,2859.796400,65336.500181,65338.563103
627,-1,224.640000,90.447674,890037.148095,506730.774508,2871.916000,64897.999952,64899.980986
628,-1,224.280000,90.491832,889877.119872,507144.271057,2823.401000,64722.599973,64724.984647
629,-1,223.920000,90.613377,889909.973152,507740.473932,2690.783000,64284.099793,64287.783667
630,-1,223.560000,90.684716,889630.716165,508032.291262,2610.732900,64284.099979,64288.690641
631,-1,223.199999,90.761576,889353.298085,508325.857604,2524.484000,64284.100152,64289.779359
632,-1,222.840000,90.919486,809980.742919,435273.910204,616.007100,172155.100115,172177.270931
633,-1,222.480000,90.904232,810282.624205,437016.992020,683.998900,170751.900174,170773.166639
634,-1,222.119999,90.926888,810731.486825,438869.259969,642.000000,169173.300125,169195.439195
635,-1,221.759999,90.939817,817675.092688,446493.808040,772.140199,158912.399979,158933.780504
636,-1,221.399999,90.910211,817867.641516,447994.658385,872.387499,157772.300037,157792.210724
637,-1,221.039999,90.916741,816817.528130,448394.812112,845.982199,158298.499981,158318.764761
638,-1,220.679999,90.903171,819425.745355,451948.176397,951.228199,154001.200017,154020.335289
639,-1,220.320000,91.168304,837051.803606,468175.836198,726.629100,130059.100035,130086.142895
640,-1,219.959999,91.123705,838143.637053,470156.823706,869.328800,127947.355596,127971.966670
641,-1,219.600000,91.156733,837488.759754,470658.407677,791.863500,128129.700000,128155.816479
642,-1,219.240000,91.170307,841052.980643,474608.911259,868.989499,122867.700153,122893.335432
643,-1,218.880000,91.162266,840498.246845,475153.309776,884.461299,122955.399952,122980.702148
644,-1,218.520000,91.226774,842142.301299,477449.404593,804.187999,120236.700025,120264.266055
645,-1,218.159999,91.266681,850638.138310,485086.168847,972.493300,108835.700084,108862.302416
646,-1,217.799999,91.316498,842040.318236,479282.454077,639.991500,119184.300109,119215.768924
647,-1,217.439999,91.327991,841513.567649,479822.289940,614.040299,119271.999845,119304.044144
648,-1,217.080000,91.307884,861979.857097,496228.939213,1254.595400,93049.700072,93073.947903
649,-1,216.719999,91.315100,861628.823022,496696.473055,1242.871100,93049.699861,93074.216037
650,-1,216.360000,91.277115,861210.107652,497114.209424,1302.635599,93137.400073,93160.541978
651,-1,215.999999,91.303423,861290.355851,497895.854842,1271.821500,92611.199815,92635.168982
652,-1,215.639999,91.361535,861021.081783,498418.789820,1179.924400,92523.499980,92549.629832
653,-1,215.279999,91.395607,860540.639831,498790.998065,1120.597800,92698.899947,92726.406335
654,-1,214.919999,91.420673,860133.822075,499217.321687,1077.844000,92786.599890,92815.130437
655,-1,214.559999,91.426096,842756.781698,487955.516455,553.795700,113483.799982,113518.961578
656,-1,214.199999,91.419905,842789.353811,488839.763046,579.108900,112957.599838,112992.295097
657,-1,213.840000,91.355610,842683.644049,489623.371059,714.240600,112606.800051,112638.325451
658,-1,213.480000,91.278586,842876.676471,490599.310708,881.359800,111905.200032,111933.069290
659,-1,213.119999,91.200948,872532.191963,510785.766398,1785.015100,76035.900082,76052.606064
660,-1,212.760000,91.191557,842777.147471,492207.440366,1067.958199,111109.869706,111133.901490
661,-1,212.400000,91.170341,842322.085389,492745.483581,1107.203700,111203.600144,111226.803170
662,-1,212.039999,91.141268,841726.528181,493197.021392,1158.412800,111466.699926,111488.816479
663,-1,211.680000,91.072480,841511.248100,493887.156823,1295.683099,111285.260211,111304.758881
664,-1,211.319999,91.037106,841815.025707,494890.496352,1378.593400,110501.999893,110520.104989
665,-1,210.959999,91.041087,841606.389970,495574.987765,1374.099900,110326.599941,110344.815369
666,-1,210.600000,91.101356,896508.188630,528849.169904,2492.162000,46130.199940,46138.723737
667,-1,210.240000,91.136445,897270.623457,529629.126349,2484.777100,45077.799905,45086.668527
668,-1,209.880000,91.116383,897204.792880,529917.954512,2502.276400,44990.099984,44998.641544
669,-1,209.520000,91.088254,842881.004546,499482.846419,1341.553100,107257.099918,107276.449758
670,-1,209.160000,91.048333,897309.150939,530623.579413,2563.753800,44551.599958,44559.058396
671,-1,208.799999,90.977549,897480.934060,531037.454569,2624.796800,44200.799972,44207.234031
672,-1,208.439999,90.975798,897579.254074,531406.541102,2630.629500,43937.699988,43944.072850
673,-1,208.080000,90.939453,897603.297005,531732.265516,2661.384800,43762.300067,43768.183407
674,-1,207.719999,90.932066,897707.536625,532097.652580,2671.308500,43499.199873,43504.956234
675,-1,207.360000,90.957167,897505.376597,532300.777830,2650.821400,43584.534653,43590.617167
676,-1,207.000000,90.972179,897456.319280,532583.128643,2640.846600,43499.200133,43505.462676
677,-1,206.639999,91.021714,897568.173059,532945.010794,2607.920100,43236.100072,43242.975310
678,-1,206.280000,91.064293,897840.306045,533382.362609,2583.925099,42797.599911,42804.984549
679,-1,205.920000,91.083073,898195.271214,533853.856745,2579.840300,42271.400065,42278.953625
680,-1,205.559999,91.094657,898317.276220,534206.617194,2576.318000,42008.300176,42015.968179
681,-1,205.199999,91.161732,898283.497416,534482.428979,2528.898700,41920.599997,41929.218647
682,-1,204.840000,91.234001,898490.444508,534868.472498,2483.556300,41569.799885,41579.443020
683,-1,204.479999,91.271363,898940.181142,535360.227420,2470.060700,40955.900105,40965.984964
684,-1,204.119999,91.313579,898994.370994,535666.438750,2443.890700,40780.500072,40791.219834
685,-1,203.759999,91.385241,898571.374137,535760.186266,2384.427600,41129.067763,41141.091251
686,-1,203.399999,91.428691,898546.436522,536030.973126,2355.350600,41043.600092,41056.363290
687,-1,203.040000,91.473951,898606.171311,536336.614903,2327.421100,40868.199928,40881.726768
688,-1,202.679999,91.506784,898668.253208,536640.860029,2308.600000,40692.799900,40706.875585
689,-1,202.320000,91.578223,898570.408587,536877.077405,2257.825300,40692.800066,40708.242531
690,-1,201.960000,91.682253,898557.430923,537147.525354,2186.521500,40602.896396,40620.403749
691,-1,201.599999,91.755358,898544.309230,537416.712152,2137.356100,40515.200902,40534.222377
692,-1,201.239999,91.840073,898449.292360,537652.896391,2077.322499,40517.399915,40538.303618
693,-1,200.879999,91.886967,898357.810915,537890.469735,2044.125300,40517.399936,40539.383173
694,-1,200.519999,91.922774,861393.079071,524327.037872,696.972999,79890.363948,79935.370898
695,-1,200.159999,91.843029,861708.492154,524977.560521,825.077399,79368.500013,79409.579491
696,-1,199.800000,91.810507,862202.233949,525685.336337,892.487599,78662.630680,78701.919986
697,-1,199.439999,91.781583,862363.049244,526266.223626,943.014500,78316.100003,78353.975936
698,-1,199.079999,91.773759,862615.146180,526874.097082,967.299299,77877.600048,77914.933674
699,-1,198.719999,91.781387,862539.708011,527365.181074,959.648600,77789.899904,77827.513055
700,-1,198.359999,91.795130,862637.996528,527912.780701,949.349799,77522.592646,77560.657363
701,-1,198.000000,91.817352,859817.123561,527508.375341,830.211800,80328.840162,80369.265787
702,-1,197.639999,91.842079,862332.951535,528837.997682,885.627299,77526.799988,77566.884840
703,-1,197.280000,91.820121,860093.257195,528651.405208,845.695200,79719.300116,79759.541399
704,-1,196.920000,91.879554,860281.589824,529232.248206,774.427899,79368.500110,79411.224682
705,-1,196.559999,91.895446,860474.203284,529809.785765,764.000000,79017.699916,79060.958285
706,-1,196.199999,91.905454,860759.375942,530409.644145,764.912400,78574.935519,78618.407169
707,-1,195.840000,91.928353,861209.614215,531050.572653,754.000000,77965.300163,78009.477979
708,-1,195.479999,91.913154,861922.570466,531756.331741,804.000000,77088.299869,77131.294568
709,-1,195.120000,91.962204,862133.416829,532315.027145,749.948199,76737.500054,76782.522933
710,-1,194.760000,91.977570,861839.501734,532736.196907,723.288199,76912.899929,76958.735571
711,-1,194.400000,92.031771,861802.795443,533225.701833,653.551500,76825.199905,76873.528669
712,-1,194.039999,91.914689,861343.900035,533608.514060,799.000000,77176.000129,77219.112893
713,-1,193.679999,91.861753,861398.164034,534120.787642,876.082699,77000.599929,77041.268061
714,-1,193.320000,91.822719,861626.584181,534672.048678,939.758199,76649.799985,76688.602401
715,-1,192.960000,91.818283,861089.770622,535042.700496,931.778099,77088.299856,77127.134458
716,-1,192.600000,91.849234,861068.214235,535534.191639,892.924100,77000.599967,77040.722794
717,-1,192.239999,91.882181,861049.864862,536025.270709,851.482300,76912.900043,76954.418578
718,-1,191.880000,91.910560,861034.716599,536515.916053,816.269799,76825.200120,76867.931932
719,-1,191.520000,91.955295,861108.696437,537023.622059,762.206300,76649.800180,76694.455320
720,-1,191.159999,91.965917,861186.081781,537529.772950,754.000000,76474.399915,76519.438494
721,-1,190.799999,91.992039,861439.148532,538067.212163,731.293900,76123.600067,76169.631972
722,-1,190.440000,92.005281,861523.497117,538569.100595,719.820800,75948.200166,75994.738913
723,-1,190.079999,92.050271,861524.847836,539054.015636,663.250000,75860.499829,75909.095189
724,-1,189.720000,92.051787,861529.339625,539538.369326,664.381500,75772.799999,75821.411048
725,-1,189.360000,92.084787,861363.901308,539993.615463,617.489600,75860.500029,75910.746304
726,-1,189.000000,92.162421,861378.541042,540478.518036,518.027100,75768.687637,75822.682571
727,-1,188.640000,92.196852,861474.888947,540974.688304,479.000000,75597.400033,75653.003191
728,-1,188.280000,92.190996,862533.224428,541608.698191,530.356199,74457.300027,74511.772887
729,-1,187.920000,92.157806,862645.026698,542096.583042,580.310800,74277.868672,74330.575376
730,-1,187.559999,92.169656,860752.484880,542316.199728,495.000000,76123.599908,76178.211577
731,-1,187.200000,92.146512,860952.073063,542823.510394,535.653600,75860.500037,75913.767425
732,-1,186.839999,92.088444,860549.623081,543255.295619,600.000000,76207.163808,76257.817020
733,-1,186.479999,92.037935,860402.840894,543720.523035,664.000000,76299.000101,76347.289680
734,-1,186.119999,92.024885,860437.434657,544206.377707,684.500700,76211.299892,76258.917889
735,-1,185.760000,92.054967,860475.137009,544691.457117,647.583199,76123.600151,76172.587836
736,-1,185.400000,92.056909,860428.629556,545167.488645,645.000000,76123.600063,76172.680421
737,-1,185.039999,92.057642,860559.835659,545659.212071,650.326499,75948.200148,75997.202349
738,-1,184.680000,92.043904,860606.814895,546141.847589,671.690700,75860.499864,75908.793715
739,-1,184.319999,92.015618,861622.876183,546696.603041,746.368700,74804.039930,74850.351618
740,-1,183.960000,91.993908,861759.875581,547177.215925,780.712899,74632.699912,74677.915022
741,-1,183.600000,91.965478,861120.347989,547606.835473,796.862399,75242.516322,75286.809582
742,-1,183.239999,91.950777,861438.307655,548098.351550,828.000000,74895.799906,74939.231679
743,-1,182.880000,91.948447,861675.954817,548581.483130,840.000000,74632.699908,74675.875733
744,-1,182.519999,91.987091,862183.574209,549073.205899,808.000000,74102.478106,74147.065367
745,-1,182.159999,92.101957,862865.627635,549564.858459,685.000000,73400.916105,73450.337787
746,-1,181.800000,92.114577,863287.952906,550039.546486,685.000000,72962.440044,73012.158530
747,-1,181.440000,92.113520,863534.050839,550504.311305,695.912100,72703.300030,72752.792359
748,-1,181.080000,92.079564,863440.271171,550959.429817,736.015899,72787.049663,72835.018800
749,-1,180.720000,92.035570,863429.137663,551416.657577,791.836200,72790.999995,72836.962435
750,-1,180.360000,91.982350,863600.223607,551875.097933,865.602499,72615.600149,72659.084442
751,-1,180.000000,91.954397,863515.036113,552331.352270,898.214600,72699.354272,72741.668993
752,-1,179.639999,91.938152,863600.223607,552787.606607,921.684299,72615.600149,72657.166098
753,-1,179.279999,91.926004,863779.909927,553241.638835,942.995999,72440.200034,72481.147179
754,-1,178.920000,91.903125,863878.669572,553695.009976,975.000000,72348.573365,72388.502429
755,-1,178.560000,91.916305,864147.756960,554142.965773,967.009399,72089.400030,72129.739327
756,-1,178.199999,91.929878,864252.124534,554592.857590,953.000000,71997.792416,72038.653436
757,-1,177.840000,91.938546,864530.653176,555035.046338,951.000000,71734.706676,71775.785094
758,-1,177.480000,91.952073,864899.497583,555469.969024,946.000000,71383.925716,71425.376020
759,-1,177.119999,91.967249,865354.702381,555896.151571,942.000000,70949.300054,70991.141328
760,-1,176.759999,92.043798,865991.417971,556306.606131,869.000000,70335.400034,70380.171909
761,-1,176.400000,92.056477,866284.157543,556730.989468,863.000000,70068.497007,70113.654368
762,-1,176.039999,92.089513,866575.638916,557152.115923,832.145000,69805.411455,69851.857089
763,-1,175.679999,92.127893,866869.641280,557569.753539,795.096600,69542.325790,69590.312782
764,-1,175.319999,92.187652,867074.977156,557991.350137,729.018200,69370.700138,69421.296740
765,-1,174.960000,92.187765,870435.189595,558132.563437,856.330900,66034.516032,66082.684320
766,-1,174.599999,92.140930,870382.059124,558554.339824,906.973899,66125.799907,66171.990498
767,-1,174.239999,92.121015,870160.686864,558994.256267,920.245299,66388.899965,66434.415127
768,-1,173.880000,92.141134,870116.654471,559418.499185,893.622499,66476.599976,66523.044471
769,-1,173.519999,92.148423,869901.069601,559863.353610,875.284100,66739.700012,66786.646502
770,-1,173.159999,92.141603,870127.441523,560258.541140,889.933099,66560.687596,66607.211226
771,-1,172.800000,92.130570,870439.564915,560640.645035,912.556100,66297.601857,66343.465070
772,-1,172.439999,92.166878,870493.071698,561053.753789,870.483699,66297.601905,66345.042560
773,-1,172.079999,92.182775,870462.314541,561478.601692,848.720799,66385.296940,66433.500304
774,-1,171.719999,92.199334,870430.734552,561904.699593,826.000000,66476.600047,66525.605317
775,-1,171.360000,92.212511,870409.050540,562330.470723,807.440100,66560.687511,66610.344860
776,-1,170.999999,92.223203,870473.175412,562743.737941,795.000000,66560.687508,66610.826279
777,-1,170.640000,92.224063,870539.895751,563156.593743,794.000000,66560.687334,66610.864905
778,-1,170.280000,92.242376,870605.647916,563569.632287,772.552400,66564.299937,66615.310517
779,-1,169.919999,92.274161,870763.900880,563966.290286,739.050900,66476.600087,66528.998868
780,-1,169.559999,92.287112,870838.296729,564377.295370,724.000000,66476.600146,66529.597864
781,-1,169.200000,92.307488,871004.959453,564770.716499,704.000000,66385.297054,66439.169847
782,-1,168.840000,92.363787,871252.953380,565146.939828,645.752900,66213.500000,66269.889256
783,-1,168.480000,92.430250,871510.136264,565519.104110,576.407999,66034.515974,66093.962068
784,-1,168.120000,92.482957,871762.409710,565890.019379,523.000000,65862.700117,65924.593307
785,-1,167.760000,92.424612,873823.506966,565866.338652,675.748300,63842.134913,63899.340841
786,-1,167.399999,92.342291,874077.575027,566220.576132,774.666400,63670.199955,63723.440866
787,-1,167.039999,92.322589,874080.603564,566630.385024,793.039900,63757.899921,63810.320419
788,-1,166.679999,92.325204,874175.040055,567019.701174,790.265499,63754.439711,63806.975553
789,-1,166.319999,92.255571,874183.346141,567429.953307,864.418500,63842.135015,63891.637351
790,-1,165.959999,92.194818,874190.995732,567841.521709,928.721099,63933.299933,63980.236847
791,-1,165.600000,92.191572,874462.913495,568186.436702,939.192599,63754.439849,63801.107048
792,-1,165.239999,92.208771,874645.212343,568552.655457,923.275800,63670.199951,63717.540310
793,-1,164.879999,92.230560,874917.676365,568893.431679,905.857900,63494.799976,63542.946547
794,-1,164.519999,92.276860,874265.643221,569487.975437,823.226200,64280.611336,64331.399592
795,-1,164.159999,92.292900,874793.156601,569758.132377,822.619500,63845.599883,63896.758178
796,-1,163.799999,92.273089,875075.617651,570093.807887,851.829500,63666.744546,63716.881215
797,-1,163.440000,92.258405,874260.430305,570753.543772,829.990800,64634.900088,64685.143250
798,-1,163.080000,92.258040,874464.657586,571115.902299,834.000000,64543.696985,64593.853001
799,-1,162.720000,92.287293,874751.376829,571451.415736,808.000000,64368.306350,64419.631351
800,-1,162.360000,92.308083,874952.971242,571811.701761,788.000000,64284.099836,64336.294366
801,-1,162.000000,92.335178,923537.114559,556450.448691,2835.427400,13329.676579,13340.755183
802,-1,161.640000,92.326203,877536.384054,571805.439306,867.524500,61825.144503,61876.134350
803,-1,161.279999,92.309813,877739.783254,572146.667626,888.641799,61740.800139,61791.004894
804,-1,160.920000,92.267581,923534.127689,556717.330375,2847.706400,13417.371799,13427.886613
805,-1,160.559999,92.219758,923313.148144,556884.723085,2848.696400,13681.200136,13691.473955
806,-1,160.200000,92.105269,923260.200087,556995.147733,2872.876699,13768.152905,13777.452420
807,-1,159.839999,92.057266,923289.057641,557076.706297,2884.400400,13768.900152,13777.780669
808,-1,159.480000,91.996819,922827.042817,557342.003338,2880.625700,14294.324015,14303.009333
809,-1,159.119999,91.889983,922858.064736,557426.295820,2907.284400,14295.100021,14302.880837
810,-1,158.760000,91.800593,922890.340590,557510.114879,2929.610100,14295.100038,14302.161947
811,-1,158.399999,91.744004,922842.326907,557625.726852,2941.096000,14382.019465,14388.684575
812,-1,158.040000,91.737692,922794.523525,557742.435280,2940.021299,14469.714783,14476.372066
813,-1,157.680000,91.703485,922747.662398,557859.952105,2946.059800,14557.409757,14563.846197
814,-1,157.319999,91.666870,922701.017806,557978.576868,2952.795600,14645.899908,14652.099997
815,-1,156.960000,91.619471,922576.098437,558131.703858,2959.985500,14820.495465,14826.417604
816,-1,156.600000,91.599650,922532.329167,558252.108801,2962.667500,14908.190939,14914.003145
817,-1,156.240000,91.581703,922489.537914,558373.291302,2964.919400,14995.886190,15001.602093
818,-1,155.879999,91.540733,922366.942359,558531.416970,2970.910500,15172.100023,15177.587297
819,-1,155.520000,91.511577,922406.171611,558618.299998,2978.636799,15172.099968,15177.381465
820,-1,155.160000,91.497178,922286.773228,558778.617919,2977.867800,15347.499928,15352.741158
821,-1,154.799999,91.480824,922328.310875,558865.645304,2982.273000,15346.667053,15351.794095
822,-1,154.440000,91.460841,921973.303711,559142.317323,2976.425200,15785.999956,15791.132356
823,-1,154.079999,91.461734,922017.149752,559231.287289,2976.200900,15785.143169,15790.281568
824,-1,153.720000,91.457350,922060.014823,559320.733633,2977.387600,15786.000107,15791.108001
825,-1,153.360000,91.446707,922026.589693,559448.466645,2978.128700,15872.838609,15877.899839
826,-1,153.000000,91.436099,921914.537424,559617.491241,2976.650299,16049.100156,16054.142802
827,-1,152.640000,91.415571,921883.487945,559747.097937,2980.258500,16135.924161,16140.850143
828,-1,152.280000,91.405539,921852.734398,559877.786324,2980.933900,16223.619498,16228.502280
829,-1,151.920000,91.413984,921822.279406,560009.568869,2976.354600,16312.199992,16317.168624
830,-1,151.559999,91.417505,921794.473360,560141.187372,2973.203299,16399.010072,16404.030063
831,-1,151.199999,91.432879,921766.196513,560274.314075,2966.584400,16487.599837,16492.757047
832,-1,150.839999,91.446559,921817.169837,560364.501558,2962.668100,16486.705159,16491.961050
833,-1,150.480000,91.467511,921791.616410,560498.012446,2954.388700,16574.400368,16579.838429
834,-1,150.119999,91.498384,921767.175514,560632.160144,2943.157700,16662.095573,16667.794917
835,-1,149.760000,91.507056,921743.068279,560767.393469,2938.303000,16750.700123,16756.496306
836,-1,149.400000,91.516049,921797.141333,560857.689548,2935.696200,16749.790972,16755.656235
837,-1,149.040001,91.508321,929295.897661,556481.830846,3166.560400,8067.962195,8070.758611
838,-1,148.679999,91.461140,929322.112504,556525.218882,3173.208499,8067.962045,8070.586205
839,-1,148.320000,91.418263,929348.598999,556568.441237,3179.249900,8067.962213,8070.434584
840,-1,147.960000,91.368452,929449.694270,556564.973068,3188.363100,7980.266825,7982.543518
841,-1,147.599999,91.297009,929254.297679,556748.361481,3192.362700,8243.352525,8245.465077
842,-1,147.240000,91.200245,929282.187715,556792.005422,3206.291000,8243.352498,8245.161539
843,-1,146.880000,91.090446,929383.798732,556787.557269,3223.763700,8155.657259,8157.134523
844,-1,146.519999,90.962523,929485.077073,556782.010364,3243.451900,8067.962266,8069.100843
845,-1,146.160000,90.819969,929513.174130,556824.203521,3263.530100,8067.962052,8068.788321
846,-1,145.800001,90.697451,929541.535621,556866.219513,3280.785200,8067.962048,8068.559832
847,-1,145.439999,90.571570,929569.800001,556908.305059,3298.508700,8068.399978,8068.801463
848,-1,145.079999,90.439561,929598.688722,556949.963768,3317.099600,8068.400130,8068.637575
849,-1,144.719999,90.292323,929628.196209,556991.187111,3337.836899,8067.962225,8068.067232
850,-1,144.359999,90.125859,929657.604615,557032.477054,3361.277400,8067.962188,8067.981654
851,-1,144.000000,89.951607,929687.271878,557073.581303,3385.814300,8067.962085,8067.964962
852,-1,143.639999,89.814639,929717.197015,557114.498544,3405.101100,8067.961946,8068.004166
853,-1,143.280000,89.690804,929817.671880,557102.793515,3422.065700,7980.266862,7980.383063
854,-1,142.919999,89.599994,929777.815004,557195.765114,3435.326700,8067.962255,8068.158875
855,-1,142.560000,89.512542,929878.135014,557182.798276,3446.895699,7980.266943,7980.555764
856,-1,142.199999,89.439906,929770.156883,557330.012220,3458.728000,8155.657345,8156.047038
857,-1,141.839999,89.337772,929870.645199,557316.220253,3472.254000,8067.962059,8068.500982
858,-1,141.479998,89.227371,929901.748484,557356.253310,3487.808200,8068.399980,8069.133625
859,-1,141.120000,89.130665,929933.786149,557395.542273,3501.422500,8067.961946,8068.890706
860,-1,140.760000,89.036263,929965.728999,557434.904399,3514.719000,8067.962162,8069.103612
861,-1,140.399999,88.943499,930065.488970,557418.165915,3526.168100,7980.267018,7981.623903
862,-1,140.039999,88.845282,930097.571583,557456.699959,3539.853000,7980.266988,7981.887927
863,-1,139.680000,88.773186,930196.431621,557438.564825,3548.030300,7892.999922,7894.809624
864,-1,139.319999,88.754939,930162.459904,557533.159452,3552.441700,7980.266944,7982.151497
865,-1,138.960000,88.759994,930261.407213,557513.502339,3549.839100,7892.571696,7894.420433
866,-1,138.599998,88.792934,930359.866334,557492.809795,3543.451800,7804.876402,7806.608742
867,-1,138.240000,88.812895,930392.411872,557529.492464,3540.731400,7804.876378,7806.551885
868,-1,137.879998,88.856585,930489.924145,557507.435422,3533.035600,7717.600050,7719.137096
869,-1,137.519999,88.926497,930522.559250,557543.300836,3523.615100,7717.599985,7718.954790
870,-1,137.159999,89.022384,930620.029199,557519.046947,3509.191600,7629.485772,7630.596503
871,-1,136.799999,89.115698,930716.661552,557494.063401,3495.409000,7541.790805,7542.689149
872,-1,136.440000,89.186499,930749.208075,557528.504277,3486.087499,7541.790681,7542.550922
873,-1,136.079999,89.287670,930845.138329,557501.910171,3471.677800,7454.095293,7454.671409
874,-1,135.720000,89.368603,930877.441742,557535.826441,3461.151500,7454.500132,7454.952789
875,-1,135.360001,89.466610,930910.535508,557568.972044,3448.395200,7454.095348,7454.418364
876,-1,135.000000,89.560268,930943.262805,557602.479851,3436.212600,7454.500114,7454.719661
877,-1,134.639998,89.661953,930976.770612,557635.207148,3422.979900,7454.095348,7454.225090
878,-1,134.279999,89.786170,931009.916215,557668.300914,3406.820500,7454.500132,7454.552045
879,-1,133.920000,89.917716,931104.662416,557637.436802,3389.579000,7366.400273,7366.407869
880,-1,133.560000,90.043734,931138.102310,557669.437066,3373.377200,7366.400065,7366.402211
881,-1,133.200000,90.160727,931171.742335,557701.227029,3358.335500,7366.400362,7366.429346
882,-1,132.840000,90.192274,929357.092749,559726.197717,3345.156500,10084.952655,10085.009441
883,-1,132.479999,90.221038,929403.691081,559769.137263,3340.093500,10084.952683,10085.027731
884,-1,132.120000,90.257310,929450.558113,559811.782847,3333.709099,10084.952584,10085.054283
885,-1,131.759999,90.297887,929497.692205,559854.133484,3326.566700,10084.952734,10085.089037
886,-1,131.400000,90.341350,929545.091389,559896.186878,3318.916300,10084.952739,10085.131720
887,-1,131.039999,90.383927,929304.856961,560268.663167,3308.483500,10523.428929,10523.665188
888,-1,130.679999,90.411361,929412.027350,560245.415182,3304.074100,10435.733546,10436.002516
889,-1,130.320000,90.466656,929461.886831,560287.999087,3294.002200,10435.733458,10436.079601
890,-1,129.959999,90.522674,929568.335437,560263.051302,3284.598499,10348.038264,10348.468851
891,-1,129.599999,90.582257,929562.403362,560372.223328,3272.945200,10435.733741,10436.272627
892,-1,129.240000,90.638166,929557.221942,560482.222451,3261.777800,10524.000019,10524.652842
893,-1,128.880000,90.686418,929553.879429,560591.712390,3251.869800,10611.124140,10611.885676
894,-1,128.520000,90.729398,929605.553210,560633.848789,3243.901400,10611.700017,10612.559959
895,-1,128.159999,90.779143,929657.849693,560675.209270,3234.686600,10611.699934,10612.681180
896,-1,127.799999,90.803591,929603.259579,560854.370985,3227.705800,10786.514662,10787.575654
897,-1,127.440000,90.852628,929656.941230,560895.741309,3218.472100,10786.514684,10787.709128
898,-1,127.079999,90.905167,929710.882067,560936.773708,3208.578899,10786.514662,10787.860859
899,-1,126.720000,90.950784,929712.646172,561047.759706,3198.533300,10874.209691,10875.707087
900,-1,126.359999,90.984914,929767.541075,561088.439087,3192.054000,10874.209651,10875.816491
901,-1,126.000000,91.030858,929822.690243,561128.772667,3183.331500,10874.209689,10875.969957
902,-1,125.640000,91.085401,929878.091707,561168.759136,3172.976200,10874.209905,10876.161403
903,-1,125.280000,91.133766,929882.749506,561280.471183,3162.046100,10962.499967,10964.646576
904,-1,124.920000,91.144897,929839.044541,561463.401263,3156.422300,11137.295607,11139.519481
905,-1,124.560000,91.178226,929896.548363,561503.278152,3149.941200,11137.295551,11139.650808
906,-1,124.199998,91.217528,929954.301856,561542.793165,3142.298100,11137.295531,11139.810570
907,-1,123.840000,91.152616,873656.318324,645638.504566,1118.805500,112337.603008,112360.337881
908,-1,123.479999,91.145013,873760.048431,646761.171284,1116.190000,113214.555371,113237.166412
909,-1,123.120000,91.143826,873923.351582,647812.742016,1102.778500,114003.812668,114026.534136
910,-1,122.759999,91.108457,874239.782052,648644.721979,1163.000000,114529.984121,114551.420413
911,-1,122.400000,91.133754,874564.219395,649476.477205,1102.000000,115056.155340,115078.684433
912,-1,122.040000,91.117693,874896.673127,650307.940437,1124.000000,115582.326844,115604.322167
913,-1,121.680000,91.027078,875283.208115,651064.415302,1299.000000,116020.802913,116039.446347
914,-1,121.320000,91.026188,875676.837249,651819.886232,1292.948500,116459.279277,116477.960750
915,-1,120.960000,91.005110,876074.299708,652579.734122,1328.000000,116904.099888,116922.090178
916,-1,120.599999,90.961871,876530.029440,653252.095310,1410.467300,117248.536525,117265.060603
917,-1,120.240000,91.039641,876900.314789,654079.680269,1241.724500,117774.707872,117794.099008
918,-1,119.879999,91.098247,877497.096731,654526.388693,1119.532700,117862.403011,117884.058447
919,-1,119.519999,91.102032,878269.991511,654664.367748,1116.803900,117599.317250,117621.073575
920,-1,119.160000,91.093239,892117.528777,631362.903852,1651.964400,90501.488105,90517.965074
921,-1,118.799999,91.037289,892485.850218,631873.271598,1735.519000,90769.500139,90784.377429
922,-1,118.440000,90.999935,892696.485952,632681.905480,1784.086899,91378.440604,91392.358297
923,-1,118.079999,90.979396,893076.022595,633190.255185,1812.270900,91646.499967,91659.890880
924,-1,117.719999,90.897974,893464.861056,633688.192509,1938.496000,91904.612025,91915.900492
925,-1,117.359999,90.866633,893815.669737,634266.729410,1983.474900,92255.393011,92265.947293
926,-1,117.000000,90.873770,894251.692815,634687.783358,1969.306100,92430.783448,92441.532688
927,-1,116.640000,90.841643,894652.015177,635184.972324,2017.280100,92693.869209,92703.870847
928,-1,116.280000,90.892078,893076.716163,639690.561410,1861.930600,97429.412185,97441.222582
929,-1,115.920000,90.943447,893703.124031,639802.130084,1777.445100,97254.021708,97267.207817
930,-1,115.560000,90.941777,894329.228093,639909.282101,1783.162800,97078.631086,97091.746868
931,-1,115.200000,90.885582,894170.881953,641678.355334,1852.646200,98744.840664,98756.636808
932,-1,114.840000,90.861279,894917.289581,641542.846747,1901.130900,98306.364400,98317.472398
933,-1,114.480000,90.802558,895369.617089,642039.997328,1998.218800,98569.450154,98579.120813
934,-1,114.120000,90.821517,895862.402520,642454.937771,1963.081200,98744.840817,98754.991844
935,-1,113.759999,90.775371,896252.793800,643108.007659,2036.691700,99183.316970,99192.399692
936,-1,113.399999,90.751007,896614.977459,643840.196483,2071.978500,99709.488381,99718.054426
937,-1,113.040000,90.726555,897087.757353,644329.298851,2111.201200,99972.574177,99980.612627
938,-1,112.679999,90.688970,897632.752326,644654.235209,2175.736300,100060.269385,100067.503981
939,-1,112.319999,90.779504,898244.836076,644818.721101,2018.723600,99977.999818,99987.253185
940,-1,111.960000,90.797291,898336.809317,646270.419313,1969.450600,101288.002569,101297.809917
941,-1,111.600000,90.701287,898798.658459,646832.703293,2134.901100,101638.783644,101646.397491
942,-1,111.240000,90.678906,899170.773856,647638.093743,2167.335300,102252.650311,102259.828999
943,-1,110.880000,90.670378,899957.864802,647377.345577,2188.714700,101726.478809,101733.442240
944,-1,110.519999,90.680448,900525.028038,647685.405656,2169.791700,101814.174268,101821.354669
945,-1,110.159999,90.736099,900973.738098,648319.377157,2065.250900,102252.650309,102261.089531
946,-1,109.800000,90.690016,901429.011794,648951.458242,2142.224100,102691.126402,102698.573779
947,-1,109.440000,90.699419,902036.776327,649168.112665,2125.368700,102691.126522,102698.778268
948,-1,109.080000,90.684192,902529.396076,649717.739518,2148.409000,103047.500031,103054.847615
949,-1,108.720000,90.623553,902862.296329,650752.728262,2248.000000,103918.859838,103925.014270
950,-1,108.359999,90.596505,903232.745063,651709.422543,2288.845400,104708.117064,104713.791910
951,-1,107.999999,90.611162,903803.604158,652081.495617,2260.185900,104883.507577,104889.474718
952,-1,107.640000,90.664077,904537.287402,651948.881053,2167.375600,104532.726427,104539.748076
953,-1,107.279999,90.670002,904590.743003,653988.162408,2134.002100,106462.021965,106469.301401
954,-1,106.919999,90.690950,905230.091790,654184.851647,2095.072900,106462.021842,106469.763611
955,-1,106.560000,90.689677,905795.678914,654629.693277,2094.272300,106725.107544,106732.839864
956,-1,106.200000,90.725243,906023.109233,656250.423303,2009.141600,108215.926655,108224.596529
957,-1,105.839999,90.710131,906533.024224,656944.259842,2031.167200,108742.098231,108750.450946
958,-1,105.479999,90.717298,907214.314200,657044.173028,2018.661200,108654.402809,108662.918106
959,-1,105.120000,90.696834,907872.812227,657224.317681,2057.474100,108654.402787,108662.439121
960,-1,104.759999,90.697367,908508.583593,657490.829943,2055.323399,108747.999864,108756.055436
961,-1,104.399999,90.745618,909018.667875,658251.698500,1955.816500,109355.964941,109365.225367
962,-1,104.039999,90.789886,909620.893048,658675.708807,1867.683300,109619.050661,109629.468419
963,-1,103.679999,90.851845,910476.253542,658073.833042,1760.852000,108829.793383,108841.822526
964,-1,103.319999,90.832779,910696.667471,660110.856527,1769.030799,110759.088659,110770.789116
965,-1,102.959999,90.801147,911433.367770,660012.676605,1833.871700,110496.003061,110506.805735
966,-1,102.600000,90.802764,911976.523179,660765.336517,1822.150599,111109.869707,111120.776304
967,-1,102.240000,90.790027,912751.268021,660486.977166,1852.901600,110671.393357,110681.914891
968,-1,101.880000,90.843106,913484.214390,660380.677838,1754.138400,110414.300054,110426.255173
969,-1,101.519999,90.948358,914129.722285,660687.347500,1548.454100,110583.698018,110598.847940
970,-1,101.159999,90.944270,911993.395521,675106.106720,1316.410000,125141.108044,125158.104811
971,-1,100.799999,90.964519,912814.582527,674997.441583,1276.598600,124878.022386,124895.718769
972,-1,100.439998,90.921621,935769.445738,554746.169291,3339.499600,2455.466754,2455.784450
973,-1,100.079998,90.727104,935799.975860,554662.575626,3348.950500,2367.771469,2367.962142
974,-1,99.720000,90.525289,935814.609689,554665.260004,3357.290400,2367.899895,2367.999413
975,-1,99.359995,90.314624,935829.302901,554667.599238,3365.997900,2367.771582,2367.807281
976,-1,99.000002,90.102614,935843.989224,554669.972593,3374.759400,2367.771533,2367.775330
977,-1,98.639996,89.889542,935858.690638,554672.253756,3383.564700,2367.771542,2367.775942
978,-1,98.280002,89.670126,935860.776592,554761.223395,3393.137200,2455.466635,2455.507331
979,-1,97.920001,89.444979,935876.050839,554763.397275,3402.786700,2455.466667,2455.581878
980,-1,97.560002,89.219683,935891.320822,554765.607244,3412.445100,2455.599971,2455.827721
981,-1,97.200002,89.003604,935906.638705,554767.456978,3421.705800,2455.466807,2455.838152
982,-1,96.839998,88.814990,935921.951338,554769.342473,3429.792000,2455.466722,2455.991989
983,-1,96.480003,88.626608,935937.275126,554771.131839,3437.869300,2455.466801,2456.172389
984,-1,96.119996,88.438452,935952.610398,554772.824749,3445.938200,2455.466682,2456.378910
985,-1,95.760000,88.250526,935967.955511,554774.421531,3453.998700,2455.466872,2456.611968
986,-1,95.399999,88.056303,935991.563404,554688.615600,3459.354900,2367.771583,2369.134690
987,-1,95.039996,87.826110,936006.378991,554689.968944,3468.880000,2367.771389,2369.476686
988,-1,94.680000,87.595628,936021.202452,554691.229440,3478.420000,2367.771491,2369.857837
989,-1,94.319998,87.364920,936036.033787,554692.396761,3487.972599,2367.771560,2370.277871
990,-1,93.960000,87.133935,936050.863154,554693.598858,3497.546600,2367.899933,2370.865536
991,-1,93.599999,86.903108,936065.716799,554694.451547,3507.105100,2367.771531,2371.234476
992,-1,93.239998,86.653549,936080.567491,554695.339012,3517.450900,2367.771501,2371.815872
993,-1,92.879997,86.311230,936095.423432,554696.133302,3531.650899,2367.771623,2372.687244
994,-1,92.519998,85.969207,936110.283967,554696.834088,3545.849500,2367.771605,2373.643008
995,-1,92.159997,85.627556,936125.148766,554697.441370,3560.044599,2367.771461,2374.682892
996,-1,91.800000,85.286356,936140.016847,554697.955477,3574.233900,2367.771559,2375.806902
997,-1,91.439997,84.945475,936154.884927,554698.504360,3588.435200,2367.899895,2377.143878
998,-1,91.080001,84.653671,936169.761538,554698.703179,3600.582700,2367.771538,2378.117101
999,-1,90.720000,84.494139,936184.636836,554698.936774,3607.234900,2367.771453,2378.746061
1000,-1,90.359997,84.335040,936199.513447,554699.076865,3613.872600,2367.771332,2379.391985
1001,-1,90.000000,84.176434,936214.390386,554699.123781,3620.493400,2367.771511,2380.054829
