"OBJECTID","FEATURE_ID","HORIZ_ANG","ZENITH_ANG","VERTEX_X","VERTEX_Y","VERTEX_Z","DIST_2D","DIST_3D"
1,-1,90.000000,78.092722,940866.025111,554073.352067,4551.485100,5787.885733,5915.163564
2,-1,89.640000,78.049705,940902.391180,554073.237894,4556.024600,5787.885808,5916.101932
3,-1,89.279999,78.005894,940937.657842,553985.516285,4542.084200,5700.500039,5827.725184
4,-1,88.919999,77.956233,940973.464857,553984.644239,4547.183099,5700.190532,5828.484231
5,-1,88.560001,77.908635,941009.279090,553984.165894,4552.201200,5700.499836,5829.835809
6,-1,88.200001,77.862814,941045.072326,553982.844374,4556.903500,5700.190737,5830.520429
7,-1,87.840001,77.810946,941080.866217,553981.606844,4562.303400,5700.190647,5831.658076
8,-1,87.479998,77.708406,941116.651907,553980.144576,4572.985000,5700.190705,5833.922768
9,-1,87.119998,77.606114,941152.427426,553978.457244,4583.649000,5700.190505,5836.202100
10,-1,86.760000,77.528396,941188.191462,553976.545502,4591.756700,5700.190634,5837.947762
11,-1,86.400000,77.463644,941223.943031,553974.409023,4598.515600,5700.190713,5839.411192
12,-1,86.039999,77.404241,941259.701818,553972.356534,4604.788200,5700.500110,5841.077876
13,-1,85.680000,77.365129,941295.402205,553969.462183,4608.805100,5700.190655,5841.653199
14,-1,85.319999,77.327771,941331.132449,553966.960548,4612.778600,5700.500095,5842.825540
15,-1,84.959998,77.297457,941366.793795,553963.617706,4615.877700,5700.190548,5843.204211
16,-1,84.600000,77.269556,941402.460390,553960.359183,4618.794800,5700.190493,5843.846290
17,-1,84.239999,77.244227,941438.137156,553957.184648,4621.513700,5700.500051,5844.747958
18,-1,83.880000,77.223881,941473.728949,553953.170221,4623.571700,5700.190462,5844.900776
19,-1,83.520000,77.202979,941509.327959,553949.240111,4625.758300,5700.190519,5845.384769
20,-1,83.159999,77.181449,941544.901706,553945.086576,4628.011000,5700.190761,5845.884386
21,-1,82.799998,77.159203,941580.448551,553940.709288,4630.339000,5700.190674,5846.401242
22,-1,82.439998,77.136602,941616.007863,553936.415333,4632.775100,5700.499866,5847.244562
23,-1,82.080000,77.068362,941615.205372,553670.709172,4579.441900,5437.105065,5578.590545
24,-1,81.720000,76.985842,941649.026826,553665.895533,4587.688299,5437.104933,5580.441653
25,-1,81.359999,76.907773,941682.817441,553660.869624,4595.494900,5437.104951,5582.204834
26,-1,81.000001,76.876353,941716.575576,553655.631446,4598.638100,5437.104875,5582.917595
27,-1,80.639998,76.856958,941750.300574,553650.181325,4600.578800,5437.104932,5583.358612
28,-1,80.280000,76.836110,941784.040008,553644.810273,4602.734300,5437.400005,5584.136450
29,-1,79.919998,76.824864,941817.643943,553638.645915,4603.790900,5437.104931,5584.089865
30,-1,79.559998,76.810897,941851.260018,553632.560954,4605.189000,5437.104808,5584.408578
31,-1,79.199998,76.803664,941884.837050,553626.265035,4605.913000,5437.104793,5584.573799
32,-1,78.839998,76.797313,941901.400665,553533.721585,4585.975900,5349.409848,5494.643191
33,-1,78.479998,76.784692,941934.413723,553527.396794,4587.287300,5349.699915,5495.225243
34,-1,78.119999,76.778838,941967.328355,553520.580535,4587.864000,5349.699948,5495.357144
35,-1,77.759998,76.784494,942000.199680,553513.557583,4587.306800,5349.699998,5495.229782
36,-1,77.399999,76.790686,942032.962738,553506.044803,4586.628600,5349.409591,5494.792052
37,-1,77.040000,76.838841,942065.741216,553498.609778,4581.885899,5349.409622,5493.710272
38,-1,76.680001,76.907327,942098.472450,553490.969045,4575.144000,5349.409773,5492.179275
39,-1,76.320000,76.987217,942151.894915,553568.330111,4587.550800,5437.105006,5580.410761
40,-1,75.960001,77.065874,942185.134022,553560.432817,4579.758200,5437.400088,5578.948876
41,-1,75.599998,77.143369,942218.178247,553551.754685,4571.951100,5437.105030,5576.918936
42,-1,75.240000,77.244908,942251.315320,553543.440069,4561.884400,5437.399817,5574.975124
43,-1,74.880000,77.351172,942284.247669,553534.347568,4551.221399,5437.104876,5572.342824
44,-1,74.519999,77.468137,942317.278114,553525.617598,4539.633900,5437.400165,5570.105182
45,-1,74.160000,77.596491,942350.093338,553516.111712,4526.792600,5437.104889,5567.044572
46,-1,73.800001,77.726269,942382.928902,553506.683909,4513.888000,5437.104935,5564.287046
47,-1,73.439999,77.852508,942415.704755,553497.049742,4501.347500,5437.104801,5561.634525
48,-1,73.080000,77.984785,942448.419256,553487.210195,4488.219900,5437.104967,5558.887074
49,-1,72.719999,78.124392,942481.159020,553477.446763,4474.440900,5437.399960,5556.323704
50,-1,72.360000,78.324975,942513.659611,553466.914960,4454.517300,5437.104865,5551.968918
51,-1,72.000000,78.521774,942546.182840,553456.460256,4435.058300,5437.104757,5548.063808
52,-1,71.640000,78.688415,942578.639796,553445.801485,4418.602499,5437.104738,5544.812611
53,-1,71.279999,78.784421,942639.174452,553517.995238,4426.519499,5524.800206,5632.365379
54,-1,70.920001,78.871908,942672.114019,553507.034302,4417.813400,5525.099926,5630.972593
55,-1,70.560001,78.954620,942704.786526,553495.300730,4409.472700,5524.800265,5629.074652
56,-1,70.200001,79.063906,942737.484295,553483.644585,4398.537200,5524.800142,5626.989673
57,-1,69.840001,79.175495,942770.108246,553471.783388,4387.379600,5524.800193,5624.883638
58,-1,69.480000,79.284538,942802.657065,553459.717139,4376.484500,5524.799971,5622.847489
59,-1,69.120001,79.392085,942835.129441,553447.447151,4365.746700,5524.800251,5620.861168
60,-1,68.760001,79.504922,942867.524061,553434.973094,4354.488800,5524.800261,5618.799639
61,-1,68.400000,79.617268,942899.839613,553422.295626,4343.287900,5524.800142,5616.770064
62,-1,68.039998,79.735343,942932.075113,553409.415403,4331.524699,5524.800148,5614.661996
63,-1,67.680001,79.868913,942997.649129,553477.739741,4333.952699,5612.800022,5701.701597
64,-1,67.319998,80.003479,942996.299722,553383.048658,4304.843900,5524.800039,5609.968928
65,-1,66.959999,80.178994,943028.286535,553369.563448,4287.403200,5524.800262,5606.967953
66,-1,66.600000,80.376299,943060.187718,553355.877124,4267.819399,5524.800008,5603.660505
67,-1,66.240000,80.575365,943092.002615,553341.990997,4248.083900,5524.800224,5600.395206
68,-1,65.879998,80.727806,942980.383416,553007.750196,4175.718500,5174.019319,5242.517907
69,-1,65.519999,80.837236,943010.012293,552994.371942,4165.576300,5174.019043,5240.893033
70,-1,65.159998,80.934552,943076.396347,553060.390182,4170.554399,5261.714431,5328.269821
71,-1,64.799998,81.032984,943106.354292,553046.407927,4161.287400,5261.714520,5326.817637
72,-1,64.439999,81.126740,943136.223655,553032.237679,4152.465300,5261.714515,5325.449698
73,-1,64.079999,81.219910,943166.003451,553017.879769,4143.702699,5261.714291,5324.104891
74,-1,63.720001,81.311473,943195.692368,553003.335506,4135.095700,5261.714460,5322.798061
75,-1,63.360000,81.371100,943264.610537,553066.990235,4142.800800,5349.409581,5410.653691
76,-1,63.000000,81.429378,943294.606212,553051.825239,4137.235200,5349.409629,5409.821507
77,-1,62.639999,81.521441,943324.506087,553036.471923,4128.446600,5349.409576,5408.518687
78,-1,62.279999,81.610199,943354.308849,553020.931272,4119.977600,5349.409700,5407.276634
79,-1,61.920000,81.710241,943384.149996,553005.459846,4110.478800,5349.700150,5406.186276
80,-1,61.559999,81.809648,943413.618441,552989.289603,4100.960700,5349.409792,5404.534773
81,-1,61.199999,81.906841,943443.262739,552973.444162,4091.741800,5349.699983,5403.516433
82,-1,60.839997,82.054644,943472.525804,552956.904825,4077.626999,5349.409634,5401.259824
83,-1,60.479998,82.207072,943501.968658,552940.688322,4063.163500,5349.700005,5399.567246
84,-1,60.119999,82.355850,943531.021422,552923.782844,4048.978000,5349.409816,5397.374475
85,-1,59.760000,82.470784,943560.111915,552906.946591,4038.056800,5349.409638,5395.932416
86,-1,59.399999,82.572473,943589.096109,552889.927925,4028.399000,5349.409519,5394.675316
87,-1,59.040000,82.664779,943618.122298,552872.976843,4019.673700,5349.700141,5393.842562
88,-1,58.680000,82.761108,943646.741007,552855.346301,4010.495500,5349.409669,5392.390268
89,-1,58.319998,82.850256,943675.399414,552837.784328,4002.039500,5349.409602,5391.331216
90,-1,57.959998,82.931316,943703.946929,552820.042894,3994.353700,5349.409764,5390.380173
91,-1,57.599999,83.009733,943732.382240,552802.122326,3986.921000,5349.409737,5389.470533
92,-1,57.239999,83.088402,943760.704361,552784.023281,3979.466900,5349.409553,5388.568260
93,-1,56.880000,83.166864,943788.912310,552765.747071,3972.034900,5349.409786,5387.679193
94,-1,56.519998,83.230968,943671.874815,552527.859423,3934.737800,5086.323985,5122.027789
95,-1,56.160001,83.228320,943698.474827,552510.146204,3934.976200,5086.323957,5122.055867
96,-1,55.799999,83.276314,943724.963291,552492.265990,3930.656000,5086.323905,5121.548203
97,-1,55.440000,83.297145,943801.085514,552546.439767,3939.087400,5174.019150,5209.627813
98,-1,55.079998,83.321482,943827.800028,552527.914213,3936.859400,5174.019198,5209.368278
99,-1,54.720001,83.387351,943854.559489,552509.450667,3930.863000,5174.300085,5208.953330
100,-1,54.360000,83.448143,943881.040407,552490.589813,3925.299900,5174.300021,5208.315571
101,-1,54.000001,83.506736,943907.237205,552471.335914,3919.907300,5174.019244,5207.424043
102,-1,53.640001,83.546169,943985.468348,552522.766586,3926.220600,5261.714505,5295.271954
103,-1,53.280000,83.593721,944012.030302,552503.082898,3921.798200,5261.714373,5294.776558
104,-1,52.919998,83.637149,944038.640485,552483.460562,3917.791900,5261.999986,5294.614894
105,-1,52.559999,83.679247,944064.954409,552463.443870,3913.877900,5262.000089,5294.182658
106,-1,52.199999,83.727173,944090.967152,552443.036430,3909.391500,5261.714575,5293.406805
107,-1,51.840000,83.783880,944117.202336,552422.916063,3904.152500,5261.999963,5293.120648
108,-1,51.480001,83.834667,944143.134371,552402.406918,3899.433399,5262.000083,5292.611867
109,-1,51.119999,83.884659,944168.937141,552381.735043,3894.789099,5262.000116,5292.115126
110,-1,50.759999,83.926945,944194.609334,552360.901424,3890.861300,5262.000009,5291.698031
111,-1,50.399998,83.968409,944219.968207,552339.686899,3886.980300,5261.714424,5291.004839
112,-1,50.039999,84.016322,944245.558707,552318.752558,3882.561400,5262.000103,5290.826463
113,-1,49.679999,84.066791,944270.648880,552297.221105,3877.846200,5261.714487,5290.052918
114,-1,49.320000,84.108601,944295.974288,552275.966882,3873.994900,5262.000188,5289.940392
115,-1,48.960000,84.151396,944320.791824,552254.121782,3869.993900,5261.714464,5289.246977
116,-1,48.600001,84.224462,944345.659228,552232.336720,3863.214400,5261.714496,5288.560476
117,-1,48.239999,84.270089,944311.983443,552144.980268,3850.182400,5174.019388,5200.000748
118,-1,47.880000,84.311214,944336.165153,552123.252621,3846.431500,5174.019278,5199.627492
119,-1,47.520000,84.345006,944360.210052,552101.373399,3843.349900,5174.019244,5199.322898
120,-1,47.160002,84.369036,944384.307773,552079.549624,3841.186400,5174.300040,5199.389598
121,-1,46.799999,84.389121,944408.077082,552057.368566,3839.354900,5174.299819,5199.209989
122,-1,46.439999,84.428301,944371.271382,551971.486848,3827.227400,5086.599910,5110.745730
123,-1,46.080000,84.416609,944394.361887,551949.390108,3828.275299,5086.599829,5110.847498
124,-1,45.720001,84.416692,944417.313284,551927.149010,3828.267900,5086.600083,5110.847031
125,-1,45.359997,84.454761,944440.124591,551904.763556,3824.856100,5086.599991,5110.516123
126,-1,45.000000,84.509551,944462.794493,551882.235714,3819.946600,5086.600039,5110.044094
127,-1,44.639998,84.558772,944485.126141,551859.371587,3815.510500,5086.323920,5109.346682
128,-1,44.279998,84.610420,944507.707789,551836.754506,3810.910399,5086.600083,5109.187474
129,-1,43.919999,84.668909,944529.948886,551813.803108,3805.672100,5086.599829,5108.697863
130,-1,43.560000,84.722249,944552.045627,551790.712603,3800.895900,5086.599910,5108.256397
131,-1,43.199999,84.766915,944573.997026,551767.483647,3796.897000,5086.600072,5107.890276
132,-1,42.840000,84.808417,944595.801773,551744.117224,3793.181900,5086.600036,5107.552734
133,-1,42.479998,84.863082,944617.255798,551720.427639,3788.264400,5086.323902,5106.835091
134,-1,42.120000,84.911279,944638.968681,551696.975586,3783.976100,5086.599902,5106.727832
135,-1,41.760001,84.949480,944660.329203,551673.202340,3780.558000,5086.599924,5106.425809
136,-1,41.400000,84.982952,944681.333098,551649.112821,3777.539200,5086.324087,5105.886158
137,-1,41.039998,85.024451,944702.392111,551625.074155,3773.827000,5086.324031,5105.562802
138,-1,40.679999,85.055802,944723.508866,551601.083718,3771.046800,5086.599999,5105.597366
139,-1,40.320001,85.077347,944744.265058,551576.781273,3769.119800,5086.599956,5105.431604
140,-1,39.960000,85.097111,944764.656750,551552.171414,3767.328599,5086.323892,5105.003157
141,-1,39.600000,85.103633,944852.675275,551583.510262,3774.257900,5174.019064,5192.969713
142,-1,39.239998,85.113934,944873.318934,551558.396467,3773.320900,5174.019273,5192.890029
143,-1,38.879998,85.127338,944894.022633,551533.329588,3772.125499,5174.299928,5193.067989
144,-1,38.520000,85.128880,944914.350020,551507.957263,3771.985300,5174.300180,5193.056333
145,-1,38.159999,85.118677,944934.296502,551482.283758,3772.889400,5174.019111,5192.853132
146,-1,37.799997,85.120958,944885.227703,551403.079192,3765.219700,5086.599985,5105.098441
147,-1,37.439999,85.099726,944904.517363,551377.596632,3767.094700,5086.323765,5104.983045
148,-1,37.079999,85.071094,944924.086221,551352.327653,3769.679099,5086.599878,5105.479551
149,-1,36.719999,85.054954,944943.054359,551326.604608,3771.098800,5086.323769,5105.326645
150,-1,36.359999,85.062987,944962.081880,551300.928150,3770.380300,5086.323920,5105.264910
151,-1,35.999998,85.079220,944981.171081,551275.294671,3768.952300,5086.600027,5105.417304
152,-1,35.639999,85.088014,944999.651031,551249.218936,3768.142100,5086.324088,5105.072944
153,-1,35.279999,85.090041,945018.191020,551223.188148,3767.960800,5086.323936,5105.057273
154,-1,34.919999,85.125862,945036.793673,551197.199683,3764.781200,5086.600189,5105.061368
155,-1,34.560001,85.172747,945055.005907,551170.936612,3760.588800,5086.599928,5104.706600
156,-1,34.200000,85.211276,945073.053115,551144.559696,3757.144100,5086.599992,5104.417940
157,-1,33.840000,85.253214,945090.934313,551118.069920,3753.395000,5086.600125,5104.106459
158,-1,33.480001,85.312251,945108.418201,551091.316036,3748.095500,5086.323985,5103.395429
159,-1,33.119998,85.380197,945126.195397,551064.755722,3742.046100,5086.600079,5103.179798
160,-1,32.759999,85.439630,945143.341688,551037.784319,3736.713699,5086.323956,5102.477828
161,-1,32.399999,85.507993,945160.783582,551011.002877,3730.628600,5086.600021,5102.272827
162,-1,32.040000,85.566996,945177.823574,550983.964545,3725.358500,5086.599904,5101.862661
163,-1,31.679999,85.616834,945194.458712,550956.674573,3720.886499,5086.323907,5101.243765
164,-1,31.320000,85.698868,945211.392733,550929.569313,3713.582899,5086.600075,5100.966168
165,-1,30.959999,85.782381,945227.683383,550902.072320,3706.107300,5086.323797,5100.135427
166,-1,30.599999,85.844665,945168.554892,550829.975352,3694.177300,4998.628677,5011.803365
167,-1,30.239998,85.884635,945184.691999,550803.028227,3690.691500,4998.900036,5011.822646
168,-1,29.880000,85.925728,945200.424907,550775.843898,3687.087900,4998.900079,5011.565366
169,-1,29.520001,85.958133,945215.986556,550748.561144,3684.246400,4998.899940,5011.364142
170,-1,29.159998,85.988697,945231.376945,550721.180950,3681.566600,4998.900111,5011.176138
171,-1,28.799999,86.018082,945246.594434,550693.704627,3678.990300,4998.899806,5010.996272
172,-1,28.439999,86.098734,945261.400835,550666.004223,3671.901700,4998.628651,5010.238492
173,-1,28.080001,86.190455,945276.271212,550638.340564,3663.863400,4998.628593,5009.697949
174,-1,27.719998,86.285145,945290.967705,550610.583730,3655.566700,4998.628598,5009.153561
175,-1,27.360000,86.417688,945305.489330,550582.735361,3643.956300,4998.628564,5008.414678
176,-1,27.000000,86.563755,945320.077555,550554.919471,3631.181400,4998.899950,5007.903601
177,-1,26.640000,86.707784,945334.249115,550526.889344,3618.571800,4998.900164,5007.163843
178,-1,26.279999,86.864553,945348.243837,550498.770305,3604.851000,4998.899796,5006.394253
179,-1,25.920001,87.015220,945440.939846,550508.899550,3596.240999,5086.600053,5093.509897
180,-1,25.559998,87.179543,945454.819740,550480.110566,3581.615200,5086.599988,5092.769202
181,-1,25.199999,87.344648,945468.518531,550451.235296,3566.924000,5086.600129,5092.067584
182,-1,24.840000,87.511777,945482.035236,550422.274395,3552.056700,5086.599863,5091.400205
183,-1,24.479999,87.672393,945415.553742,550356.888371,3534.207599,4998.899881,5003.027666
184,-1,24.119998,87.820593,945428.479241,550328.262116,3521.257500,4998.900108,5002.518683
185,-1,23.759998,87.960018,945440.975935,550299.445901,3509.066900,4998.628685,5001.798673
186,-1,23.400000,88.039720,950443.987583,552430.220839,3688.218500,10436.299871,10442.410969
187,-1,23.040000,88.044786,950469.840878,552369.959476,3687.294700,10436.300182,10442.379720
188,-1,22.680000,88.065011,950495.314580,552309.536697,3683.606499,10436.300012,10442.254366
189,-1,22.320000,88.095322,950519.884413,552248.739903,3678.060300,10435.733649,10441.502516
190,-1,21.959999,88.112829,950463.784131,552155.420535,3671.997200,10348.600085,10354.216059
191,-1,21.599999,88.156041,950487.910067,552095.040079,3664.184100,10348.600012,10353.961635
192,-1,21.239999,88.182983,950511.656083,552034.509032,3659.312800,10348.599808,10353.805828
193,-1,20.879999,88.192494,950453.081069,551942.572864,3654.825800,10260.900062,10266.008049
194,-1,20.519999,88.196832,950557.479154,551912.808816,3656.791400,10348.038217,10353.164874
195,-1,20.159999,88.212280,950580.606404,551852.037940,3654.016200,10348.600036,10353.639467
196,-1,19.799999,88.225663,950602.295337,551790.739178,3651.579199,10348.038250,10353.002211
197,-1,19.439999,88.236846,950624.656841,551729.682542,3649.574800,10348.599833,10353.501660
198,-1,19.079999,88.243550,950645.574122,551668.116064,3648.345500,10348.038367,10352.902707
199,-1,18.720000,88.251115,950667.166598,551606.783509,3646.995100,10348.600013,10353.422788
200,-1,18.359999,88.255171,950687.308290,551544.958830,3646.244800,10348.038201,10352.838366
201,-1,17.999999,88.256445,950708.128459,551483.359544,3646.031600,10348.599870,10353.393286
202,-1,17.640000,88.258597,950728.027041,551421.457108,3645.642600,10348.599914,10353.381501
203,-1,17.279999,88.263508,950747.000100,551359.263991,3644.737599,10348.038402,10352.792784
204,-1,16.919999,88.264849,950766.655573,551297.283144,3644.512300,10348.600100,10353.347400
205,-1,16.559999,88.264350,950785.383554,551235.016536,3644.602400,10348.599823,10353.349852
206,-1,16.200000,88.260539,950803.720459,551172.633787,3645.291500,10348.600133,10353.371057
207,-1,15.840000,88.257686,950737.294739,551086.198921,3643.139600,10260.899915,10265.645944
208,-1,15.479999,88.254041,950754.160847,551023.972339,3643.776000,10260.343243,10265.108899
209,-1,15.120000,88.246225,950771.709696,550961.935062,3645.193900,10260.900153,10265.708847
210,-1,14.759999,88.236251,950788.330726,550899.643191,3646.981900,10260.900026,10265.763596
211,-1,14.399999,88.227582,950804.560024,550837.248303,3648.535900,10260.899933,10265.811450
212,-1,14.039999,88.226652,950820.397263,550774.752693,3648.702600,10260.900131,10265.816806
213,-1,13.680000,88.228498,950835.841130,550712.158986,3648.371600,10260.899993,10265.806430
214,-1,13.320000,88.217039,950765.550916,550629.264139,3647.695700,10173.200052,10178.127713
215,-1,12.959999,88.203049,950780.082055,550567.017544,3650.182200,10173.200136,10178.205464
216,-1,12.599999,88.186032,950794.221462,550504.681055,3653.206600,10173.199927,10178.300542
217,-1,12.240000,88.160911,950807.429769,550442.140169,3657.653800,10172.648062,10177.890706
218,-1,11.880000,88.129683,950821.324427,550379.747906,3663.222200,10173.200074,10178.622650
219,-1,11.520000,88.079363,950919.674295,550334.559348,3675.088800,10260.343273,10266.110678
220,-1,11.160000,88.021281,950932.896710,550271.458096,3685.521200,10260.899914,10267.021925
221,-1,10.799999,87.969534,950945.176213,550208.167212,3694.799799,10260.899843,10267.346416
222,-1,10.439999,87.925867,950957.058079,550144.800541,3702.630000,10260.900060,10267.627045
223,-1,10.079999,87.889187,950968.541324,550081.360379,3709.207599,10260.900021,10267.867170
224,-1,9.719999,87.829109,950979.625619,550017.849351,3719.981799,10260.899870,10268.269503
225,-1,9.360000,87.772670,950990.310965,549954.270082,3730.104200,10260.900058,10268.658110
226,-1,8.999999,87.723575,951000.046510,549890.537598,3738.887900,10260.343243,10268.446860
227,-1,8.639999,87.660382,951010.481857,549826.916006,3750.245500,10260.900045,10269.460600
228,-1,8.279999,87.608438,951019.966746,549763.146449,3759.563800,10260.900020,10269.845194
229,-1,7.920000,87.573850,951029.050717,549699.318820,3765.768900,10260.899975,10270.105950
230,-1,7.559999,87.556214,950950.248709,549623.824221,3765.166600,10172.648003,10181.908071
231,-1,7.200000,87.549961,950959.006238,549560.506434,3766.302500,10173.199854,10182.507914
232,-1,6.839999,87.549418,950966.270331,549496.999671,3766.375400,10172.647960,10181.959642
233,-1,6.480000,87.549826,950974.231601,549433.576898,3766.326400,10173.199904,10182.508987
234,-1,6.119999,87.548424,950981.246023,549370.042904,3766.575900,10173.200107,10182.519858
235,-1,5.760000,87.550285,950987.860839,549306.466260,3766.244900,10173.200054,10182.505652
236,-1,5.399999,87.560488,950994.076050,549242.848933,3764.429999,10173.199951,10182.428137
237,-1,5.040000,87.581471,950999.891655,549179.194204,3760.697499,10173.200117,10182.270113
238,-1,4.680000,87.622010,951005.306998,549115.504043,3753.487100,10173.200075,10181.968350
239,-1,4.319999,87.667865,950922.325537,549045.133449,3741.737400,10084.952770,10093.312755
240,-1,3.960000,87.695454,950926.900003,548981.933444,3736.873400,10084.952653,10093.115882
241,-1,3.600000,87.712559,950931.077488,548918.705880,3733.857900,10084.952734,10092.995157
242,-1,3.239999,87.724669,950935.403923,548855.483894,3731.744600,10085.499971,10093.457835
243,-1,2.880000,87.739838,950938.786790,548792.205477,3729.070400,10085.500106,10093.352154
244,-1,2.520000,87.757743,950941.225105,548728.882769,3725.892300,10084.952803,10092.680435
245,-1,2.159999,87.781641,950943.812042,548665.569904,3721.679500,10084.952560,10092.516245
246,-1,1.799999,87.843143,950858.891937,548599.504747,3707.556100,9997.800133,10004.888209
247,-1,1.439999,87.874939,950860.667852,548536.711894,3702.000000,9997.800149,10004.680660
248,-1,1.079999,87.903815,950862.049083,548473.909198,3696.954500,9997.800055,10004.494744
249,-1,0.719999,87.921955,950863.035629,548411.098956,3693.785000,9997.799900,10004.379160
250,-1,0.359999,87.925336,950863.627820,548348.283793,3693.194200,9997.800055,10004.357909
251,-1,0.000000,87.927643,950863.282676,548285.466333,3692.771599,9997.257564,10003.800483
252,-1,359.639999,87.930207,950775.929504,548223.199725,3689.173599,9910.100009,9916.569834
253,-1,359.280000,87.937051,950775.342563,548160.935742,3687.988300,9910.099909,9916.526996
254,-1,358.919999,87.948743,950774.364547,548098.676352,3685.963500,9910.099942,9916.454346
255,-1,358.559999,87.960677,950772.995455,548036.424508,3683.896599,9910.100060,9916.380699
256,-1,358.199999,87.969568,950771.234960,547974.182507,3682.356799,9910.099886,9916.325849
257,-1,357.839999,87.982450,950768.546317,547911.972986,3680.107099,9909.562225,9915.709069
258,-1,357.479999,88.003890,950766.003999,547849.761496,3676.394300,9909.562083,9915.578910
259,-1,357.120000,88.031631,950763.608335,547787.540164,3671.609200,9910.100106,9915.951096
260,-1,356.760000,88.044788,950760.284194,547725.362138,3669.330700,9910.099873,9915.872863
261,-1,356.400000,88.075089,950756.032890,547663.239887,3664.065800,9909.562029,9915.157090
262,-1,356.040000,88.111780,950752.464656,547601.074657,3657.730600,9910.099839,9915.483832
263,-1,355.679999,88.141059,950659.987151,547545.616435,3649.797200,9821.866945,9827.038727
264,-1,355.319999,88.147837,950655.676464,547484.050613,3648.651400,9822.399949,9827.534350
265,-1,354.959999,88.151078,950650.447800,547422.556642,3648.095200,9822.399934,9827.516375
266,-1,354.599999,88.155907,950644.832982,547361.096791,3647.266399,9822.400033,9827.489768
267,-1,354.239999,88.160786,950638.832009,547299.673357,3646.429099,9822.400035,9827.462861
268,-1,353.880000,88.166480,950632.445211,547238.288966,3645.452000,9822.400012,9827.431527
269,-1,353.520000,88.172786,950625.672915,547176.945912,3644.369800,9822.400051,9827.397000
270,-1,353.159999,88.178446,950617.985922,547115.709814,3643.381599,9821.866929,9826.832688
271,-1,352.800000,88.184867,950610.972485,547054.393336,3642.296700,9822.399912,9827.330978
272,-1,352.440001,88.197572,950603.045336,546993.188734,3640.116500,9822.400126,9827.262376
273,-1,352.079999,88.232841,950594.733344,546932.034985,3634.064199,9822.399925,9827.073673
274,-1,351.719999,88.302676,950586.037496,546870.934713,3622.081300,9822.399933,9826.711454
275,-1,351.360000,88.390839,950576.958117,546809.890544,3606.954600,9822.400101,9826.275209
276,-1,350.999999,88.494609,950566.968636,546748.987779,3589.137900,9821.867012,9825.258125
277,-1,350.639999,88.621730,950557.649101,546687.979043,3567.345200,9822.399971,9825.242567
278,-1,350.279999,88.713405,950720.302647,546597.503174,3555.559899,9997.800026,10000.321205
279,-1,349.919999,88.757374,950709.502472,546535.620751,3547.883900,9997.800063,10000.151834
280,-1,349.559999,88.776887,950698.313518,546473.807227,3544.477300,9997.799959,10000.078433
281,-1,349.200000,88.828394,950772.883250,546395.632186,3537.279299,10085.500051,10087.608973
282,-1,348.840000,88.872662,950760.813393,546333.423321,3529.483900,10085.499841,10087.452382
283,-1,348.480000,88.914577,950834.286671,546253.776827,3523.764600,10173.200124,10175.025888
284,-1,348.119999,88.947738,950821.324427,546191.184761,3517.874700,10173.200074,10174.915970
285,-1,347.760000,88.981065,950807.969138,546128.675699,3511.955300,10173.199932,10174.808843
286,-1,347.400000,89.016855,950794.221462,546066.251611,3505.598700,10173.199927,10174.697784
287,-1,347.040000,89.046792,950780.082055,546003.915122,3500.281600,10173.200136,10174.608149
288,-1,346.679999,89.068862,950765.550916,545941.668527,3496.361999,10173.200052,10174.543615
289,-1,346.319999,89.073925,950835.841130,545858.773680,3496.880399,10260.899993,10262.240439
290,-1,345.960000,89.088972,950735.317053,545817.455849,3492.790299,10173.200045,10174.486192
291,-1,345.600000,89.107431,950719.080537,545755.631826,3489.503400,10172.647828,10173.882312
292,-1,345.240000,89.127058,950788.330726,545671.289475,3487.362700,10260.900026,10262.091057
293,-1,344.879999,89.148109,950771.709696,545608.997605,3483.591900,10260.900153,10262.034427
294,-1,344.519999,89.177795,950754.697263,545546.811705,3478.274300,10260.899867,10261.956458
295,-1,344.160000,89.208934,950652.925157,545508.671690,3471.485799,10173.200135,10174.169846
296,-1,343.800000,89.233111,950635.284772,545447.234149,3467.192100,10173.199902,10174.111239
297,-1,343.440000,89.260820,950617.258890,545385.908484,3462.271500,10173.199885,10174.046553
298,-1,343.080000,89.282125,950598.848165,545324.697320,3458.488000,10173.199975,10173.998536
299,-1,342.720000,89.284560,950580.053256,545263.602954,3458.055600,10173.200138,10173.993291
300,-1,342.359999,89.295708,950477.298212,545229.204073,3454.997700,10085.499968,10086.261966
301,-1,341.999999,89.306429,950457.905534,545168.875453,3453.110400,10085.499925,10086.238901
302,-1,341.639999,89.311071,950437.614892,545108.842109,3452.286600,10084.952770,10085.681848
303,-1,341.280000,89.314422,950417.985010,545048.589605,3451.703200,10085.499931,10086.221971
304,-1,340.919999,89.318305,950397.458804,544988.636969,3451.019600,10085.500091,10086.213975
305,-1,340.560000,89.322757,950376.556287,544928.814910,3450.235799,10085.500087,10086.204676
306,-1,340.199999,89.335390,950354.763024,544869.310436,3448.005399,10084.952567,10085.631076
307,-1,339.839999,89.355907,950333.625599,544809.570070,3444.399800,10085.500177,10086.137473
308,-1,339.480000,89.400789,950311.086274,544750.344466,3436.492800,10084.952502,10085.504042
309,-1,339.120000,89.422556,950289.199507,544690.874441,3432.666600,10085.499816,10086.012040
310,-1,338.759999,89.447034,950266.428227,544631.738076,3428.357399,10085.499933,10085.969649
311,-1,338.399999,89.525737,950243.285884,544572.746068,3414.502500,10085.500055,10085.845574
312,-1,338.039999,89.592877,950219.773136,544513.900714,3402.683500,10085.499954,10085.754567
313,-1,337.680000,89.646752,950195.891294,544455.204309,3393.199700,10085.499995,10085.691680
314,-1,337.319999,89.654068,1029876.264413,511088.178523,3913.477900,96470.000108,96471.758457
315,-1,336.960000,89.661409,1029156.565394,510735.589661,3898.006400,95943.799911,95945.475227
316,-1,336.600000,89.631259,1028596.943153,510320.908076,3946.238800,95593.000078,95594.979785
317,-1,336.239999,89.720891,1028030.877028,509913.853444,3794.956800,95237.031061,95238.161070
318,-1,335.879998,89.801745,950151.019009,544128.197417,3366.219800,10173.199915,10173.260816
319,-1,335.520000,89.815282,950124.715255,544069.940643,3363.816300,10173.200087,10173.252956
320,-1,335.160000,89.832270,950098.045689,544011.850208,3360.800000,10173.200024,10173.243615
321,-1,334.800001,89.874049,950070.512280,543954.163644,3353.380500,10172.647984,10172.672563
322,-1,334.439999,89.917801,950043.614368,543896.177540,3345.613300,10173.200119,10173.210588
323,-1,334.079999,89.953157,950015.854581,543838.600227,3339.335700,10173.199962,10173.203362
324,-1,333.719999,89.902234,1025005.923432,506737.476595,3491.139700,93839.000105,93839.136715
325,-1,333.360000,89.918491,1024508.040898,506327.603399,3464.139700,93575.900032,93575.994721
326,-1,333.000000,89.972479,949930.412823,543666.930295,3335.905000,10173.200072,10173.201246
327,-1,332.639999,89.975008,949900.724562,543610.322140,3335.455700,10172.648002,10172.648970
328,-1,332.280000,89.974624,949871.660315,543553.391480,3335.524100,10173.199980,10173.200978
329,-1,331.920000,89.972620,949841.750270,543496.901107,3335.879900,10173.200039,10173.201201
330,-1,331.559999,89.976504,949811.485895,543440.599711,3335.190300,10173.200146,10173.201001
331,-1,331.199999,89.978440,949857.720383,543342.239999,3334.879500,10260.900079,10260.900805
332,-1,330.840000,89.983111,949826.483897,543285.841490,3334.043000,10260.900068,10260.900514
333,-1,330.480001,89.989393,949871.208873,543186.428303,3332.934200,10348.600069,10348.600247
334,-1,330.120000,89.992452,949838.993058,543129.948101,3332.381700,10348.600002,10348.600092
335,-1,329.759999,90.003727,949882.189166,543029.503420,3330.339600,10436.300129,10436.300151
336,-1,329.399999,90.026132,949848.987132,542972.957273,3326.258500,10436.300071,10436.301156
337,-1,329.040000,90.060981,949890.635671,542871.504720,3319.817599,10524.000004,10524.005965
338,-1,328.679999,90.093094,949931.360983,542769.320541,3313.776500,10611.700093,10611.714100
339,-1,328.319999,90.180438,949896.523127,542712.470589,3297.599600,10611.699956,10611.752578
340,-1,327.959999,90.227778,1077282.411399,462910.566545,2691.241800,160929.499972,160930.771686
341,-1,327.600000,90.197284,1088220.667738,454771.366616,2730.087199,174523.000058,174524.034642
342,-1,327.240000,90.126969,1087925.199825,453657.536823,2943.490900,174873.799954,174874.229343
343,-1,326.879999,90.149575,1088062.248107,452256.222696,2872.203899,175750.799991,175751.398880
344,-1,326.520000,90.177465,1088333.761343,450752.711268,2783.393900,176803.200027,176804.048123
345,-1,326.160000,90.303276,1083056.069471,452953.706866,2424.869300,171190.400075,171192.798284
346,-1,325.800000,90.282446,1074185.293249,457681.785336,2536.394600,161192.599913,161194.558512
347,-1,325.439999,90.338589,1074407.847594,456298.665071,2372.739300,162157.300046,162160.131528
348,-1,325.079999,90.389882,1074474.433419,455009.597767,2222.194600,162946.599925,162950.372560
349,-1,324.720000,90.376741,1082262.105836,448245.542398,2192.096500,173207.499910,173211.244347
350,-1,324.359999,90.456013,1081338.032553,447568.979118,1955.309700,172847.318959,172852.793573
351,-1,323.999999,90.492987,1164999.571922,385442.912426,947.197799,277044.300011,277054.555584
352,-1,323.640000,90.490541,1163041.794670,384722.656976,968.918099,275889.226291,275899.337987
353,-1,323.280000,90.461875,1177979.238220,371417.937851,946.353099,295812.099924,295821.711662
354,-1,322.920000,90.465009,1176933.240312,369878.735549,929.458499,295899.800070,295909.545591
355,-1,322.559999,90.489843,1177966.247104,366746.232628,777.950599,298618.500169,298629.413821
356,-1,322.200000,90.506508,1165456.288200,374075.401040,818.240900,284235.699945,284246.806798
357,-1,321.839999,90.507814,1160633.563266,375593.766114,853.737500,279499.900091,279510.878271
358,-1,321.479999,90.503009,1159955.872364,373888.633041,872.556500,280026.099911,280036.891617
359,-1,321.120000,90.497548,1175104.319757,359413.951688,717.992100,300898.700101,300910.045744
360,-1,320.759999,90.500486,1175271.467389,356836.398773,687.240699,302652.700035,302664.246980
361,-1,320.400000,90.506946,1151291.496648,374206.377156,914.616399,273097.799991,273108.490090
362,-1,320.039999,90.460912,1149510.040565,373460.423595,1141.226200,272206.026298,272214.834171
363,-1,319.679999,90.387900,1144072.432018,375831.917212,1526.612400,266520.300188,266526.408248
364,-1,319.319999,90.359020,1143184.395408,374387.048711,1659.309400,266783.400179,266788.637731
365,-1,318.959999,90.362816,1140500.224596,374501.267642,1654.960000,264678.600038,264683.906746
366,-1,318.600000,90.351233,1139470.157758,373192.370654,1707.932800,264766.300081,264771.275001
367,-1,318.240000,90.361384,1131824.198312,377788.892629,1716.337100,255996.299889,256001.392092
368,-1,317.879999,90.351766,1130293.819155,377004.174054,1763.083900,255382.400022,255387.213188
369,-1,317.520000,90.374361,1135487.845513,370072.364427,1606.782500,263889.300024,263894.932988
370,-1,317.159999,90.399779,1131277.553408,371715.376889,1519.081300,259679.700005,259686.021401
371,-1,316.799999,90.431826,1129972.587842,370702.583639,1375.812400,259416.599881,259423.967907
372,-1,316.439999,90.433247,1157070.199658,342684.640331,1074.934700,298355.400058,298363.929887
373,-1,316.080000,90.455187,1153942.150468,343094.425272,980.884200,295812.100037,295821.435429
374,-1,315.720000,90.433633,1131552.056140,362332.667636,1315.193000,266344.900031,266352.528287
375,-1,315.360000,90.430039,1121955.697380,369457.254765,1420.767100,254505.400051,254512.568875
376,-1,315.000000,90.432291,1133417.212187,355734.279258,1276.434100,272308.500212,272316.251085
377,-1,314.639999,90.438086,1131833.849868,354902.663467,1252.914600,271782.299895,271790.244586
378,-1,314.280000,90.442573,1128839.384400,355527.443713,1251.275599,269238.999936,269247.032327
379,-1,313.920000,90.436330,1125434.545409,356624.344407,1304.659799,266081.800097,266089.515901
380,-1,313.559999,90.458962,1215483.942082,259504.816861,138.735900,398508.800191,398521.585988
381,-1,313.200000,90.452655,1213904.210005,257529.331311,179.834199,398859.599938,398872.047686
382,-1,312.840000,90.454422,1111771.082907,363983.055083,1337.491200,251348.199859,251356.105403
383,-1,312.480000,90.463636,1213960.280103,250046.445686,58.674100,404384.699940,404397.939885
384,-1,312.120000,90.453863,1214316.137659,245864.513433,101.254199,407717.300105,407730.092318
385,-1,311.759999,90.415140,1247047.265110,205358.866755,0.000000,459723.399910,459735.467535
386,-1,311.399999,90.412097,1247131.826949,200895.104357,0.000000,463118.564699,463130.543857
387,-1,311.040000,90.411374,1245477.824679,198363.360404,0.000000,463933.000177,463944.958306
388,-1,310.679999,90.410830,1243673.361425,195990.789362,0.000000,464546.900051,464558.842377
389,-1,310.320000,90.409593,1242361.815163,193025.302183,0.000000,465950.099958,465962.006321
390,-1,309.960000,90.375939,954778.437903,531681.771522,3188.884500,21661.899987,21662.366286
391,-1,309.600000,90.333342,954617.937896,531662.259422,3205.500100,21574.200176,21574.565305
392,-1,309.239999,90.367272,954235.838267,531915.801894,3195.534499,21135.700074,21136.134310
393,-1,308.879999,90.392490,1084928.034231,369619.883048,1758.785699,229510.899789,229516.284908
394,-1,308.520000,90.404643,1234604.255547,179270.371031,0.000000,471650.600105,471662.362569
395,-1,308.160000,90.382143,1080070.599064,371133.660532,1828.313700,225301.299835,225306.311117
396,-1,307.800000,90.362423,1081481.122818,367005.574957,1879.784799,229423.200048,229427.789946
397,-1,307.439999,90.376500,1078153.404408,368980.599550,1847.043800,225827.500021,225832.375772
398,-1,307.080000,90.399737,1228727.981867,167387.446635,0.000000,477438.799802,477450.419668
399,-1,306.720000,90.383654,1074368.761058,369308.223238,1835.878500,223284.200182,223289.205951
400,-1,306.360000,90.349999,1072617.663511,369320.445327,1973.467999,222231.800075,222235.946480
401,-1,306.000000,90.380460,1071387.502257,368638.065130,1856.476800,222056.399942,222061.295656
402,-1,305.640000,90.394162,1222999.919176,154785.697232,0.000000,484191.700117,484203.157927
403,-1,305.279999,90.391679,1222294.793618,150515.023359,0.000000,487261.200022,487272.585655
404,-1,304.920000,90.362530,1063861.653792,372106.456487,1971.473700,214864.999906,214869.301080
405,-1,304.560000,90.260597,1063150.263810,370759.344352,2350.553000,215566.599963,215568.829686
406,-1,304.200000,90.333793,1062377.490749,369486.774391,2071.579500,216180.499864,216184.168496
407,-1,303.840000,90.356604,1117171.174797,285321.296396,1360.518500,316597.000106,316603.132243
408,-1,303.479999,90.353197,1060653.277991,367169.338081,1992.420100,217145.199959,217149.325836
409,-1,303.119999,90.383466,1212805.125589,131449.854468,0.000000,497697.500182,497708.647073
410,-1,302.760000,90.383439,1210038.350611,129970.702571,2.000000,497434.400093,497445.539492
411,-1,302.400000,90.382533,1206699.825136,129398.424844,18.649300,496118.899824,496129.957322
412,-1,302.040000,90.382989,1203736.969513,128256.810657,18.799299,495504.999974,495516.070168
413,-1,301.680000,90.383491,1196196.693911,134546.915859,76.863200,486182.412863,486193.303228
414,-1,301.319999,90.377776,1191599.920296,136224.747149,150.625000,482349.999988,482360.484898
415,-1,300.959999,90.385612,1179711.966710,150149.731766,206.243499,464283.800015,464294.315252
416,-1,300.600000,90.379444,1177875.351945,147524.581177,247.518100,465599.299910,465609.510268
417,-1,300.239999,90.372439,1177561.022849,142255.023802,275.940400,469984.299967,469994.229451
418,-1,299.879999,90.367167,1178937.378036,133932.060790,268.604999,477877.299909,477887.112344
419,-1,299.519999,90.379694,1175020.162445,134756.300611,181.723299,475220.507694,475230.942799
420,-1,299.160000,90.365248,1108460.286051,247918.636294,1138.318499,343959.400057,343966.389086
421,-1,298.800000,90.377095,1168930.430530,133437.853117,215.233200,473404.599904,473414.853303
422,-1,298.439999,90.386376,1162268.070495,139493.336084,195.912899,464897.699987,464908.270888
423,-1,298.080000,90.379723,1161635.395252,134473.588250,222.577000,469019.600054,469029.900585
424,-1,297.719999,90.371511,1161886.560104,127660.195709,250.000000,475158.600023,475168.588872
425,-1,297.360000,90.375882,1157413.863340,129807.537871,239.805099,471186.526602,471196.666427
426,-1,296.999999,90.365563,1156065.920826,125931.890110,306.606400,474018.500128,474028.148460
427,-1,296.639999,90.379992,1149436.320568,132505.474404,245.969400,465160.799977,465171.030228
428,-1,296.279999,90.383502,1148722.463072,127350.068704,188.708799,469458.100131,469468.616511
429,-1,295.920000,90.378309,1150213.748147,117533.579151,168.724300,478929.699905,478940.139846
430,-1,295.560000,90.359475,1149168.042234,112745.565433,301.951499,482788.499876,482798.002129
431,-1,295.199999,90.373466,1148070.367592,107953.824360,158.903399,486647.299864,486657.638159
432,-1,294.839999,90.348833,1080421.696787,246812.243493,1308.418000,332207.600133,332213.757239
433,-1,294.480000,90.340161,1076853.068426,249612.895700,1382.648000,328173.399893,328179.183595
434,-1,294.119999,90.385208,1072751.792835,253727.034126,1161.179500,322736.000025,322743.294142
435,-1,293.759999,90.377194,1122310.707825,136116.214230,366.262400,450339.500004,450349.258957
436,-1,293.400000,90.369313,1123513.863555,126211.215339,366.594299,459898.799998,459908.353969
437,-1,293.040000,90.369832,1122265.567167,121763.066427,339.216600,463494.499945,463504.155707
438,-1,292.680000,90.370224,1120258.399266,119013.358016,324.707399,465248.500141,465258.213028
439,-1,292.320000,90.373508,1117624.292985,117732.424882,296.899200,465423.900078,465433.789753
440,-1,291.960000,90.369198,1114686.003586,117199.684478,335.863299,464810.000145,464819.650175
441,-1,291.600000,90.365023,1115622.149680,106901.879942,306.598800,474720.100069,474729.734190
442,-1,291.240000,90.349312,1118405.444638,91507.613158,343.206999,490067.600068,490076.707928
443,-1,290.880000,90.359027,1118126.296903,83600.050233,214.502200,497346.699889,497356.464284
444,-1,290.519999,90.364203,1097249.866215,130462.558870,495.130799,446129.900095,446138.913364
445,-1,290.159999,90.364269,1094984.240168,128500.300656,487.929300,447182.300113,447191.337898
446,-1,289.799999,90.370606,1092284.212760,127705.270422,439.605100,447006.900107,447016.251399
447,-1,289.440000,90.364750,1104320.359948,85163.954258,204.460200,491120.000125,491129.952141
448,-1,289.079999,90.365685,1098683.806588,92019.881819,249.621299,482788.500031,482798.333438
449,-1,288.720000,90.362846,1098628.584586,82731.244228,218.000000,491558.499968,491568.357175
450,-1,288.360000,90.322579,949816.304127,521317.089168,3171.039500,28414.800041,28415.250389
451,-1,288.000000,90.196976,949673.304085,521179.449023,3233.035099,28500.953270,28501.121698
452,-1,287.639999,90.113096,949556.440145,520956.020008,3274.411100,28677.900026,28677.955894
453,-1,287.280000,90.107552,949410.604479,520818.214837,3277.020999,28765.599964,28765.650645
454,-1,286.920000,90.245826,949314.426850,520513.359148,3206.470800,29028.700099,29028.967284
455,-1,286.559999,90.349229,1083619.262242,68205.323149,278.167600,500854.700078,500864.003986
456,-1,286.200000,90.358565,1080330.889226,68244.255814,202.594800,499890.000019,499899.789111
457,-1,285.839999,90.354146,1077024.713423,68389.891349,247.656600,498837.600118,498847.129301
458,-1,285.479999,90.337696,1067616.578696,90617.428259,531.989400,474895.499987,474903.748640
459,-1,285.119999,90.345481,1063846.326394,93131.965225,488.087599,471475.199851,471483.771015
460,-1,284.759999,90.343876,1064648.420263,78460.057561,414.971999,485857.999911,485866.750668
461,-1,284.399999,90.349387,1059578.416295,85931.228970,420.113200,477351.099954,477359.975278
462,-1,284.039999,90.353506,1060394.326409,70305.450510,291.102400,492698.599893,492707.977839
463,-1,283.679999,90.354903,1057430.231615,69393.447741,278.000000,492873.999830,492883.455424
464,-1,283.320000,90.370309,1054216.931939,69523.918281,151.137199,491996.999962,492007.275980
465,-1,282.959999,90.374203,1051481.926255,67624.644520,109.679699,493224.799874,493235.319330
466,-1,282.599999,90.360909,1048287.501213,67709.407802,229.093900,492435.499899,492445.269544
467,-1,282.239999,90.363533,1043815.596443,73729.049634,249.948900,485594.899960,485604.674459
468,-1,281.879999,90.349833,1039188.930171,80901.330565,414.794500,477614.199984,477623.102863
469,-1,281.519999,90.349765,1037213.648689,75566.448518,385.914600,482437.699991,482446.689292
470,-1,281.160000,90.357484,1035277.017063,69721.873593,287.533599,487787.400100,487796.894719
471,-1,280.800000,90.364112,1029885.434999,81629.377994,311.922600,475070.900099,475080.493244
472,-1,280.439999,90.351827,1028747.377564,71333.227326,352.933199,484981.000042,484990.143605
473,-1,280.079999,90.366530,1025533.989962,71999.318842,236.324099,483753.200055,483763.098734
474,-1,279.720000,90.313570,1004608.838899,176156.828046,1264.735500,377548.499855,377554.154087
475,-1,279.359999,90.358482,1001698.911648,179224.962330,990.731299,374040.500079,374047.821332
476,-1,279.000000,90.340720,999557.201692,177723.962051,1099.910000,375180.600064,375187.233937
477,-1,278.640000,90.364792,1013432.736277,70715.659336,255.470799,483051.599857,483061.390631
478,-1,278.280000,90.340656,1010342.255909,70876.639657,462.617800,482437.700055,482446.227218
479,-1,277.919999,90.346558,1007462.097956,69580.899466,407.610799,483314.700022,483323.541295
480,-1,277.559999,90.350998,1002814.590190,81517.066538,446.448000,470861.299919,470870.135503
481,-1,277.199999,90.353501,997176.630010,102541.129149,558.986499,449287.100143,449295.651567
482,-1,276.839999,90.343915,987878.164027,156357.270532,961.594100,394737.700085,394744.811290
483,-1,276.479999,90.314984,984573.406857,163476.498420,1201.901100,387283.200004,387289.052448
484,-1,276.120000,90.327814,989026.835942,99117.342690,746.372399,451742.699993,451750.093959
485,-1,275.759999,90.336315,986432.541918,96554.920321,665.958400,454022.899922,454030.721647
486,-1,275.400000,90.335128,986118.864068,69560.435924,518.391799,480859.100125,480867.325821
487,-1,275.039999,90.335719,975266.840496,158218.969565,1036.563599,391580.500025,391587.222114
488,-1,274.680000,90.351113,980049.524828,69641.438387,388.000000,480245.200016,480254.217572
489,-1,274.320000,90.322361,975956.047123,83771.838932,710.068400,465837.117119,465844.490217
490,-1,273.960000,90.329274,971160.959600,110657.400974,809.952699,438675.400091,438682.644309
491,-1,273.599999,90.321517,970695.973654,74152.010074,665.114900,475070.900154,475078.380076
492,-1,273.240000,90.312616,967711.379557,74061.503038,739.397700,474983.200144,474990.270339
493,-1,272.880000,90.317504,962884.939407,110602.078578,902.507500,438236.899979,438243.628783
494,-1,272.519999,90.316288,958098.506723,156733.189400,1167.429999,391931.300094,391937.271906
495,-1,272.159999,90.299406,955641.292805,156545.006705,1282.456000,392018.999851,392024.352372
496,-1,271.799999,90.294476,955080.398586,95976.763669,1005.168200,452531.999884,452537.976857
497,-1,271.439999,90.252947,950732.927294,155776.564017,1597.625499,392632.899992,392636.726259
498,-1,271.079999,90.255328,948251.264606,156532.738357,1584.920700,391822.334277,391826.224870
499,-1,270.719999,90.241469,945871.498368,149983.517204,1652.254200,398333.399858,398336.937393
500,-1,270.360000,90.270530,943766.656121,86641.779058,1151.240999,461652.799906,461657.945985
501,-1,270.000000,90.260284,940866.025111,77800.501465,1193.672200,470484.964868,470489.819673
502,-1,269.639999,90.244239,937925.168788,80239.805313,1335.788300,468054.900022,468059.152649
503,-1,269.280000,90.222998,935749.245647,141126.516545,1746.197400,407191.099883,407194.183998
504,-1,268.920000,90.204330,933173.342662,140224.321499,1875.512300,408133.648804,408136.244145
505,-1,268.560000,90.152405,930620.050525,140696.927837,2246.497700,407717.299986,407718.742387
506,-1,268.199999,90.106446,933753.328707,321955.801539,2910.325100,226441.399959,226441.790751
507,-1,267.839999,90.181509,924606.619638,117195.685142,1964.375400,431396.300069,431398.464794
508,-1,267.480000,90.205968,921670.837452,112137.058776,1761.615699,436570.599839,436573.420708
509,-1,267.120000,90.076502,938746.533944,506155.046329,3274.694200,42183.699844,42183.737446
510,-1,266.759999,89.982970,938397.600586,504680.677887,3343.999700,43674.600113,43674.602042
511,-1,266.400000,89.912898,938123.674297,504697.048261,3397.413100,43674.599918,43674.650385
512,-1,266.040000,89.855902,937856.076079,504804.989646,3440.632500,43584.534483,43584.672321
513,-1,265.680000,89.849387,937582.941455,504824.759948,3445.588699,43584.534388,43584.684972
514,-1,265.319999,89.868787,937273.965695,504406.850022,3431.840700,44025.400170,44025.515616
515,-1,264.959999,89.940528,936998.550891,504432.665916,3376.713200,44023.010588,44023.034303
516,-1,264.599999,89.961752,936458.763257,501661.507416,3362.281200,46831.800116,46831.810551
517,-1,264.240000,90.020294,936148.301935,501515.604821,3314.368500,47007.200064,47007.203012
518,-1,263.879999,90.141781,935854.533166,501546.170376,3214.696600,47007.199853,47007.343775
519,-1,263.519999,90.247404,888983.304074,91499.096443,1345.912100,459723.399947,459727.685817
520,-1,263.159999,90.256307,884223.761100,76073.378935,1203.461100,475597.100030,475601.858761
521,-1,262.799990,90.243090,940767.099456,547502.390143,3327.669700,789.300072,789.307176
522,-1,262.440005,90.126996,940762.187065,547503.069604,3329.269100,789.257234,789.259173
523,-1,262.079990,90.010895,940757.267127,547503.695259,3330.868400,789.299887,789.299901
524,-1,261.719998,89.894794,940752.357360,547504.393748,3332.467800,789.300158,789.301489
525,-1,261.359996,89.778689,940747.458419,547505.165728,3334.067100,789.257305,789.263193
526,-1,260.999992,89.662595,940742.551277,547505.883903,3335.666600,789.300040,789.313726
527,-1,260.639997,89.546518,940737.662507,547506.717234,3337.265400,789.257319,789.282041
528,-1,260.279999,89.430458,940732.764879,547507.497089,3338.864700,789.299965,789.338962
529,-1,259.920006,89.294729,940712.530012,547422.003493,3341.814300,876.999898,877.066343
530,-1,259.560008,89.148263,940707.107778,547422.984790,3344.056600,877.000074,877.096985
531,-1,259.200001,89.001734,940701.700637,547424.047124,3346.299199,876.952442,877.085563
532,-1,258.840005,88.855334,940696.282341,547425.050075,3348.541700,876.999854,877.174901
533,-1,258.480002,88.708818,940690.888979,547426.179994,3350.784300,876.952494,877.175218
534,-1,258.119992,88.562452,940685.483478,547427.250858,3353.027000,877.000047,877.276157
535,-1,257.760011,88.416054,940680.095037,547428.402102,3355.269400,877.000050,877.335280
536,-1,257.399997,88.269683,940674.713486,547429.587467,3357.511700,876.999869,877.399943
537,-1,257.039990,88.120758,940689.008077,547516.272333,3356.916000,789.299968,789.724711
538,-1,256.679997,87.969670,940684.178690,547517.399628,3358.999800,789.300059,789.795883
539,-1,256.320004,87.818501,940679.356522,547518.557434,3361.085100,789.299957,789.872409
540,-1,255.960002,87.667247,940674.541571,547519.745424,3363.172000,789.299979,789.954622
541,-1,255.599992,87.446129,940626.113846,547351.074173,3374.047000,964.700017,965.659140
542,-1,255.239994,87.198737,940620.247716,547352.600089,3378.221500,964.699931,965.854068
543,-1,254.880005,86.950751,940614.391428,547354.162750,3382.407800,964.699888,966.067666
544,-1,254.519999,86.704198,940608.558763,547355.812681,3386.568799,964.647518,966.245657
545,-1,254.159998,86.458568,940602.708381,547357.398307,3390.722299,964.699933,966.545655
546,-1,253.799995,86.212956,940596.882277,547359.070876,3394.874700,964.700164,966.811265
547,-1,253.439995,85.967257,940591.067000,547360.780518,3399.030900,964.699859,967.094362
548,-1,253.079990,85.721552,940585.277641,547362.576447,3403.185800,964.647544,967.343270
549,-1,252.719999,85.475680,940579.484674,547364.358595,3407.349900,964.647545,967.662838
550,-1,252.360004,85.229655,940573.687113,547366.127293,3411.523800,964.699837,968.053139
551,-1,251.999998,84.983716,940567.932532,547368.031816,3415.690500,964.647748,968.356662
552,-1,251.639996,84.737636,940562.174013,547369.922889,3419.867100,964.647753,968.730799
553,-1,251.280006,84.491440,940556.410901,547371.800510,3424.054000,964.700055,969.175835
554,-1,250.920005,84.246585,940550.693393,547373.813301,3428.211500,964.647782,969.531754
555,-1,250.560006,84.075198,940544.954231,547375.763428,3431.132600,964.699893,969.880775
556,-1,250.200000,83.903687,940539.244597,547377.798529,3434.052400,964.700133,970.186750
557,-1,249.840011,83.688388,940563.773419,547462.196654,3428.020099,877.000028,882.348207
558,-1,249.479998,83.440721,940558.623167,547464.156624,3431.853800,876.952446,882.730622
559,-1,249.120001,83.193276,940553.451918,547466.059835,3435.698800,877.000005,883.225325
560,-1,248.759998,82.986554,940548.309540,547468.039818,3438.909499,877.000166,883.611769
561,-1,248.400006,82.823316,940543.179957,547470.052282,3441.446800,877.000039,883.925041
562,-1,248.039998,82.660967,940538.062841,547472.096897,3443.972100,877.000051,884.244087
563,-1,247.679999,82.499520,940532.958848,547474.173664,3446.485200,876.999960,884.568532
564,-1,247.320003,82.338996,940527.867979,547476.282256,3448.985799,877.000066,884.898525
565,-1,246.959989,82.179377,940522.808934,547478.466963,3451.467600,876.952295,885.185468
566,-1,246.599997,82.011886,940552.556250,547561.082611,3441.780400,789.300008,797.033689
567,-1,246.240006,81.829203,940548.028372,547563.105573,3444.341600,789.257241,797.351314
568,-1,245.880003,81.682500,940543.478512,547565.078994,3446.411100,789.299832,797.690214
569,-1,245.520003,81.536419,940538.958508,547567.119673,3448.467300,789.299998,797.990418
570,-1,245.159989,81.390959,940534.451300,547569.188894,3450.516300,789.300045,798.294611
571,-1,244.800000,81.242500,940492.616738,547491.933143,3466.119200,876.999850,887.344880
572,-1,244.439999,81.089935,940487.638073,547494.294687,3468.510899,877.000184,887.712500
573,-1,244.079991,80.938428,940482.674500,547496.688055,3470.887900,876.999921,888.083505
574,-1,243.719989,80.787999,940477.726019,547499.112263,3473.250000,876.999948,888.458613
575,-1,243.359998,80.638668,940472.792958,547501.567310,3475.596900,877.000116,888.837509
576,-1,242.999995,80.490447,940467.875317,547504.053526,3477.928300,877.000133,889.219727
577,-1,242.639998,80.344139,940462.995406,547506.612904,3480.223499,876.952454,889.554798
578,-1,242.280013,80.237897,940458.109917,547509.160471,3481.897200,876.952448,889.837052
579,-1,241.920002,80.111121,940494.498624,547589.074025,3468.615500,789.299802,801.203539
580,-1,241.560014,79.972356,940490.150863,547591.459519,3470.578500,789.257187,801.501030
581,-1,241.199995,79.834253,940485.776856,547593.797441,3472.548899,789.300064,801.888674
582,-1,240.839999,79.696894,940481.438610,547596.200323,3474.502800,789.299948,802.235721
583,-1,240.479997,79.560291,940477.136454,547598.667510,3476.439799,789.257253,802.542438
584,-1,240.120007,79.424393,940472.829047,547601.124526,3478.376200,789.257153,802.895476
585,-1,239.760001,79.289210,940468.515408,547603.571700,3480.312200,789.299851,803.295004
586,-1,239.399995,79.154837,940464.260495,547606.119595,3482.222200,789.257117,803.610202
587,-1,239.039997,79.052721,940460.000005,547608.657319,3483.681000,789.257137,803.885979
588,-1,238.679998,78.963615,940455.733281,547611.185201,3484.963099,789.299962,804.172475
589,-1,238.319999,78.875074,940451.527253,547613.812821,3486.221200,789.257192,804.372297
590,-1,237.959991,78.787664,940447.315319,547616.430598,3487.472200,789.257059,804.614482
591,-1,237.600001,78.672302,940490.109525,547693.118108,3471.557100,701.561791,715.499857
592,-1,237.239987,78.548274,940486.394965,547695.491791,3473.137400,701.561834,715.811979
593,-1,236.880001,78.424953,940482.674828,547697.856616,3474.717900,701.600042,716.164881
594,-1,236.520006,78.302495,940478.990452,547700.276887,3476.281000,701.599968,716.480083
595,-1,236.160004,78.180891,940475.342494,547702.751947,3477.826600,701.561802,716.757686
596,-1,235.800007,78.060020,940471.688958,547705.218150,3479.372099,701.561797,717.075830
597,-1,235.439999,77.941606,940468.029188,547707.675822,3480.895699,701.600049,717.429999
598,-1,235.080004,77.824614,940464.406820,547710.187956,3482.394300,701.599930,717.744450
599,-1,234.720001,77.732452,940460.822182,547712.753896,3483.567500,701.561793,717.955533
600,-1,234.359989,77.654655,940457.209328,547715.280138,3484.573800,701.600058,718.207402
601,-1,233.999999,77.576967,940453.634860,547717.859857,3485.571000,701.600193,718.421399
602,-1,233.640007,77.499516,940450.076796,547720.462214,3486.565700,701.600068,718.635921
603,-1,233.280013,77.422306,940446.535137,547723.086880,3487.557900,701.599948,718.851216
604,-1,232.920004,77.340487,940495.906757,547795.726827,3468.903600,613.866744,629.161887
605,-1,232.559992,77.231679,940492.836881,547798.062124,3470.128700,613.866693,629.431462
606,-1,232.199994,77.123437,940489.761428,547800.390204,3471.356100,613.900000,629.736335
607,-1,231.840000,77.015913,940486.741749,547802.790133,3472.561200,613.866583,629.973427
608,-1,231.479994,76.908953,940483.716493,547805.182845,3473.768600,613.866523,630.245745
609,-1,231.119995,76.802587,940480.685331,547807.568339,3474.978200,613.900023,630.553435
610,-1,230.759992,76.696937,940477.711256,547810.024699,3476.165100,613.866759,630.793099
611,-1,230.399993,76.591875,940474.731603,547812.473841,3477.354200,613.866848,631.067860
612,-1,230.040014,76.487439,940471.767698,547814.941684,3478.537200,613.866723,631.343108
613,-1,229.679993,76.383654,940468.818885,547817.428227,3479.713900,613.866805,631.619170
614,-1,229.320007,76.280502,940465.886148,547819.933143,3480.884400,613.866712,631.895662
615,-1,228.959995,76.179136,940462.968831,547822.456432,3482.035699,613.866869,632.169857
616,-1,228.600011,76.104514,940460.067918,547824.998094,3482.883800,613.866632,632.372763
617,-1,228.240016,76.030527,940457.182753,547827.557800,3483.725300,613.866678,632.575422
618,-1,227.879999,75.957171,940454.313665,547830.135879,3484.560100,613.866547,632.777339
619,-1,227.519985,75.884449,940451.460652,547832.731674,3485.388300,613.866730,632.978986
620,-1,227.160017,75.797097,940508.253189,547899.648207,3464.188700,526.171430,542.762081
621,-1,226.800001,75.695764,940505.816514,547901.883111,3465.186600,526.199887,543.035358
622,-1,226.439998,75.595148,940503.432989,547904.174445,3466.163900,526.171598,543.250246
623,-1,226.080006,75.495152,940501.044542,547906.460201,3467.143200,526.171515,543.494616
624,-1,225.720006,75.395815,940498.670531,547908.761050,3468.116899,526.171320,543.739118
625,-1,225.359983,75.297147,940496.310628,547911.076662,3469.085000,526.171478,543.984175
626,-1,224.999999,75.199130,940493.965816,547913.407038,3470.047500,526.171301,544.229088
627,-1,224.640016,75.101800,940491.635440,547915.751849,3471.004200,526.171478,544.474445
628,-1,224.279993,75.005118,940489.319828,547918.111753,3471.955300,526.171320,544.719597
629,-1,223.919993,74.909132,940487.018980,547920.485764,3472.900500,526.171515,544.965105
630,-1,223.560001,74.813808,940484.733223,547922.874211,3473.840000,526.171598,545.210539
631,-1,223.199998,74.719127,940482.441889,547925.257736,3474.781700,526.199887,545.485269
632,-1,222.839982,74.625200,940480.206985,547927.694411,3475.701300,526.171430,545.700913
633,-1,222.480003,74.531920,940477.966832,547930.125508,3476.623100,526.171388,545.945994
634,-1,222.120001,74.439324,940475.741771,547932.570713,3477.539000,526.171458,546.191047
635,-1,221.759986,74.347423,940473.532130,547935.030026,3478.448800,526.171403,546.435759
636,-1,221.400020,74.256202,940471.338237,547937.502790,3479.352700,526.171413,546.680337
637,-1,221.040029,74.158433,940535.303988,547997.568943,3455.438400,438.476189,455.786880
638,-1,220.680018,74.061385,940533.501498,547999.652600,3456.241299,438.476274,456.006790
639,-1,220.319988,73.965116,940531.712132,548001.747740,3457.038500,438.476234,456.226312
640,-1,219.960016,73.869627,940529.936217,548003.853707,3457.830000,438.476243,456.445585
641,-1,219.599995,73.774914,940528.173425,548005.971157,3458.615800,438.476128,456.664413
642,-1,219.240004,73.680991,940526.424085,548008.099434,3459.395800,438.476058,456.882901
643,-1,218.880003,73.587853,940524.687868,548010.238537,3460.170100,438.476286,457.101290
644,-1,218.519997,73.495499,940522.965430,548012.388795,3460.938500,438.476095,457.318808
645,-1,218.160012,73.403938,940521.256444,548014.549552,3461.701100,438.476152,457.536094
646,-1,217.800001,73.313161,940519.560909,548016.721136,3462.457899,438.476253,457.752924
647,-1,217.440010,73.223188,940517.879154,548018.903218,3463.208700,438.476341,457.969159
648,-1,217.079990,73.133987,940516.211179,548021.096127,3463.953700,438.476217,458.184636
649,-1,216.719995,73.045594,940514.556982,548023.299207,3464.692700,438.476279,458.399650
650,-1,216.360003,72.957991,940512.916894,548025.512785,3465.425700,438.476066,458.613732
651,-1,215.999983,72.871190,940511.290257,548027.736534,3466.152800,438.476301,458.827577
652,-1,215.639996,72.785185,940509.678055,548029.970453,3466.873800,438.476190,459.040337
653,-1,215.279978,72.699981,940508.079633,548032.214543,3467.588800,438.476264,459.252524
654,-1,214.920000,72.615565,940506.495647,548034.468476,3468.297800,438.476180,459.463781
655,-1,214.560023,72.531955,940504.925768,548036.732251,3469.000700,438.476201,459.674305
656,-1,214.199997,72.449144,940503.369997,548039.006196,3469.697499,438.476146,459.883894
657,-1,213.840003,72.367145,940501.828661,548041.289656,3470.388100,438.476115,460.092587
658,-1,213.480003,72.285943,940500.301433,548043.582631,3471.072700,438.476378,460.300676
659,-1,213.119994,72.205533,940498.788969,548045.885447,3471.751099,438.476207,460.507382
660,-1,212.760011,72.125936,940497.290941,548048.197451,3472.423299,438.476237,460.713282
661,-1,212.400003,72.047145,940495.807348,548050.518968,3473.089300,438.476289,460.918180
662,-1,212.040015,71.969154,940494.338519,548052.849672,3473.749100,438.476263,461.121955
663,-1,211.680033,71.834823,940567.512585,548101.244917,3446.113200,350.780926,369.180238
664,-1,211.320031,71.699983,940566.361013,548103.124178,3447.028300,350.780891,369.466517
665,-1,210.960025,71.566338,940565.221251,548105.010657,3447.936700,350.780862,369.752726
666,-1,210.600000,71.433898,940564.093301,548106.904354,3448.838300,350.780841,370.038787
667,-1,210.239989,71.302655,940562.977161,548108.804941,3449.733200,350.780996,370.324840
668,-1,209.880004,71.172589,940561.873161,548110.712418,3450.621400,350.781043,370.610568
669,-1,209.519985,71.043719,940560.781299,548112.627112,3451.502700,350.780816,370.895704
670,-1,209.159983,70.916072,940559.701249,548114.548368,3452.377100,350.780928,371.180777
671,-1,208.800012,70.789614,940558.633338,548116.476186,3453.244700,350.781089,371.465498
672,-1,208.440011,70.664362,940557.577566,548118.410893,3454.105300,350.781140,371.749605
673,-1,208.079989,70.540285,940556.534261,548120.352490,3454.959000,350.780797,372.032815
674,-1,207.719977,70.417437,940555.502767,548122.300321,3455.805700,350.780949,372.315886
675,-1,207.360010,70.295799,940554.483740,548124.254385,3456.645300,350.781012,372.598190
676,-1,207.000004,70.175361,940553.476852,548126.215011,3457.477900,350.781125,372.879843
677,-1,206.639967,70.056117,940552.482431,548128.182199,3458.303400,350.781001,373.160497
678,-1,206.279980,69.938079,940551.500478,548130.155292,3459.121799,350.780935,373.440383
679,-1,205.920031,69.831332,940550.530992,548132.134291,3459.863000,350.780921,373.695276
680,-1,205.559984,69.752836,940549.573645,548134.119851,3460.408700,350.780969,373.883822
681,-1,205.200016,69.675205,940548.629093,548136.110989,3460.948900,350.780916,374.071063
682,-1,204.839995,69.598393,940547.697008,548138.108360,3461.483900,350.780777,374.257096
683,-1,204.480002,69.522441,940546.777390,548140.111309,3462.013500,350.780829,374.442092
684,-1,204.119975,69.447327,940545.870240,548142.120163,3462.537800,350.780937,374.625936
685,-1,203.760020,69.373089,940544.975885,548144.134267,3463.056500,350.781069,374.808474
686,-1,203.400024,69.306214,940544.094325,548146.154276,3463.524100,350.780958,374.973351
687,-1,203.040001,69.240180,940543.225232,548148.179862,3463.986300,350.781038,375.137005
688,-1,202.680007,69.174989,940542.368935,548150.210698,3464.443000,350.781139,375.299220
689,-1,202.319999,69.110602,940541.525760,548152.247111,3464.894300,350.780828,375.459611
690,-1,201.960020,69.047064,940540.695053,548154.288446,3465.340200,350.780964,375.618960
691,-1,201.599978,68.984343,940539.877142,548156.335358,3465.780700,350.780995,375.776738
692,-1,201.239978,68.922447,940539.072353,548158.387191,3466.215700,350.780863,375.932836
693,-1,200.879985,68.861364,940538.280360,548160.443945,3466.645399,350.780871,376.087590
694,-1,200.519987,68.801105,940537.501162,548162.505621,3467.069699,350.781017,376.240948
695,-1,200.159987,68.741653,940536.735088,548164.572218,3467.488600,350.780995,376.392607
696,-1,199.800021,68.682997,940535.982136,548166.643408,3467.902200,350.780918,376.542693
697,-1,199.440008,68.625160,940535.241980,548168.719519,3468.310400,350.780983,376.691338
698,-1,199.080000,68.568115,940534.514948,548170.800224,3468.713300,350.780993,376.838378
699,-1,198.719984,68.511877,940533.801038,548172.885522,3469.110799,350.780948,376.983762
700,-1,198.359996,68.456433,940533.100252,548174.975084,3469.503000,350.780954,377.127610
701,-1,198.000022,68.401768,940532.412590,548177.068912,3469.890000,350.781007,377.269941
702,-1,197.639996,68.347904,940531.738050,548179.167333,3470.271599,350.781009,377.410575
703,-1,197.280024,68.294804,940531.076962,548181.269691,3470.648000,350.780847,377.549466
704,-1,196.920008,68.242510,940530.428670,548183.376314,3471.019100,350.781047,377.687055
705,-1,196.560015,68.190991,940529.793829,548185.486874,3471.384900,350.781082,377.822834
706,-1,196.199982,68.140227,940529.172439,548187.601699,3471.745500,350.780857,377.956741
707,-1,195.839979,68.090242,940528.564172,548189.720134,3472.100900,350.780872,378.089227
708,-1,195.480010,68.041005,940527.969357,548191.842177,3472.451200,350.780808,378.220021
709,-1,195.119993,67.992555,940527.387665,548193.968157,3472.796200,350.780894,378.349246
710,-1,194.759980,67.944849,940526.819425,548196.097745,3473.136100,350.780903,378.476755
711,-1,194.400008,67.897905,940526.264636,548198.230615,3473.470800,350.780916,378.602573
712,-1,194.040012,67.851701,940525.723299,548200.367094,3473.800399,350.780849,378.726649
713,-1,193.680016,67.806275,940525.195084,548202.506853,3474.124800,350.781103,378.849304
714,-1,193.319980,67.761555,940524.680650,548204.650222,3474.444200,350.780964,378.969941
715,-1,192.959981,67.717582,940524.179667,548206.796543,3474.758500,350.780906,379.088949
716,-1,192.600004,67.674339,940523.692135,548208.945817,3475.067800,350.780923,379.206351
717,-1,192.239984,67.631836,940523.218054,548211.098372,3475.372000,350.780946,379.322033
718,-1,191.880011,67.590065,940522.757425,548213.253551,3475.671200,350.781114,379.436152
719,-1,191.519976,67.548985,940522.310576,548215.412011,3475.965500,350.780971,379.548314
720,-1,191.160013,67.508653,940521.877178,548217.572768,3476.254700,350.781037,379.658913
721,-1,190.800012,67.469013,940521.457559,548219.736478,3476.539000,350.780860,379.767597
722,-1,190.440002,67.430086,940521.051392,548221.902812,3476.818400,350.780826,379.874715
723,-1,190.080021,67.391875,940520.658676,548224.071443,3477.092900,350.780996,379.980311
724,-1,189.720012,67.354370,940520.279740,548226.242698,3477.362400,350.780986,380.083987
725,-1,189.360013,67.317533,940519.914583,548228.416250,3477.627200,350.780857,380.185902
726,-1,189.000001,67.281408,940519.562878,548230.592099,3477.887100,350.780930,380.286269
727,-1,188.640023,67.247895,940519.224952,548232.769916,3478.128300,350.780932,380.379489
728,-1,188.280013,67.217516,940518.900806,548234.950030,3478.346999,350.780815,380.464015
729,-1,187.920001,67.187776,940518.590111,548237.132112,3478.561300,350.780952,380.547177
730,-1,187.559981,67.158656,940518.293195,548239.316163,3478.771200,350.781019,380.628669
731,-1,187.199992,67.130170,940518.010059,548241.501854,3478.976599,350.781059,380.708485
732,-1,186.840019,67.102304,940517.740703,548243.689186,3479.177600,350.781070,380.786656
733,-1,186.479995,67.075069,940517.485126,548245.878486,3479.374100,350.781012,380.863102
734,-1,186.120011,67.048455,940517.243329,548248.069098,3479.566200,350.780964,380.937927
735,-1,185.760001,67.022459,940517.015311,548250.261351,3479.753900,350.780888,381.011090
736,-1,185.400004,66.997083,940516.801072,548252.454916,3479.937200,350.780819,381.082618
737,-1,185.040000,66.972358,940516.600285,548254.649794,3480.115999,350.781082,381.152768
738,-1,184.679985,66.948218,940516.413606,548256.845984,3480.290500,350.781027,381.221010
739,-1,184.319993,66.924710,940516.240706,548259.043158,3480.460500,350.781006,381.287589
740,-1,183.960011,66.901808,940516.081586,548261.241316,3480.626200,350.781018,381.352575
741,-1,183.600024,66.879536,940515.936245,548263.440459,3480.787400,350.781062,381.415884
742,-1,183.240021,66.857849,940515.805011,548265.640585,3480.944300,350.780813,381.477291
743,-1,182.879981,66.836797,940515.687229,548267.841696,3481.096800,350.780927,381.537357
744,-1,182.520001,66.816364,940515.583227,548270.043136,3481.244900,350.781113,381.595807
745,-1,182.160016,66.796528,940515.493332,548272.245231,3481.388600,350.781022,381.652319
746,-1,181.800008,66.777293,940515.417217,548274.447982,3481.528000,350.780985,381.707229
747,-1,181.440018,66.758675,940515.354881,548276.651062,3481.663000,350.781013,381.760507
748,-1,181.079976,66.740673,940515.306325,548278.854798,3481.793600,350.781099,381.812140
749,-1,180.719979,66.723252,940515.271876,548281.058534,3481.919899,350.780930,381.861877
750,-1,180.360009,66.706433,940515.251207,548283.262269,3482.041900,350.780829,381.910012
751,-1,180.000000,66.690248,940515.243989,548285.466333,3482.159499,350.781122,381.956801
752,-1,179.639990,66.674624,940515.251207,548287.670397,3482.272800,350.780829,382.001378
753,-1,179.280020,66.659619,940515.271876,548289.874133,3482.381800,350.780930,382.044643
754,-1,178.920023,66.645213,940515.306325,548292.077868,3482.486500,350.781099,382.086292
755,-1,178.559981,66.631388,940515.354881,548294.281604,3482.586899,350.781013,382.126025
756,-1,178.199991,66.618160,940515.417217,548296.484684,3482.683000,350.780985,382.164127
757,-1,177.839983,66.605531,940515.493332,548298.687435,3482.774800,350.781022,382.200602
758,-1,177.479998,66.593498,940515.583227,548300.889531,3482.862299,350.781113,382.235436
759,-1,177.120018,66.582029,940515.687229,548303.090970,3482.945600,350.780927,382.268365
760,-1,176.759978,66.571158,940515.805011,548305.292081,3483.024600,350.780813,382.299664
761,-1,176.399975,66.560901,940515.936245,548307.492208,3483.099300,350.781062,382.329600
762,-1,176.039988,66.551206,940516.081586,548309.691350,3483.169800,350.781018,382.357608
763,-1,175.680006,66.542092,940516.240706,548311.889509,3483.236099,350.781006,382.383985
764,-1,175.320014,66.533571,940516.413606,548314.086683,3483.298100,350.781027,382.408689
765,-1,174.959999,66.525631,940516.600285,548316.282873,3483.355900,350.781082,382.431760
766,-1,174.599995,66.518250,940516.801072,548318.477750,3483.409499,350.780819,382.452872
767,-1,174.239998,66.500916,940517.015311,548320.671315,3483.535699,350.780888,382.503239
768,-1,173.879988,66.474606,940517.243329,548322.863568,3483.727300,350.780964,382.579746
769,-1,173.520004,66.448840,940517.485126,548325.054180,3483.914999,350.781012,382.654751
770,-1,173.159980,66.423592,940517.740703,548327.243481,3484.099000,350.781070,382.728361
771,-1,172.800007,66.398872,940518.010059,548329.430812,3484.279200,350.781059,382.800462
772,-1,172.440018,66.374679,940518.293195,548331.616503,3484.455600,350.781019,382.871084
773,-1,172.079998,66.351002,940518.590111,548333.800554,3484.628300,350.780952,382.940265
774,-1,171.719986,66.327821,940518.900806,548335.982636,3484.797400,350.780815,383.008003
775,-1,171.359976,66.305158,940519.224952,548338.162750,3484.962900,350.780932,383.074589
776,-1,170.999998,66.282988,940519.562878,548340.340567,3485.124800,350.780930,383.139677
777,-1,170.639986,66.261314,940519.914583,548342.516416,3485.283100,350.780857,383.203309
778,-1,170.279987,66.240138,940520.279740,548344.689968,3485.437900,350.780986,383.265771
779,-1,169.919978,66.219427,940520.658676,548346.861223,3485.589300,350.780996,383.326804
780,-1,169.559997,66.199190,940521.051392,548349.029854,3485.737200,350.780826,383.386312
781,-1,169.199987,66.179436,940521.457559,548351.196189,3485.881700,350.780860,383.444680
782,-1,168.839986,66.160149,940521.877178,548353.359898,3486.022900,350.781037,383.501891
783,-1,168.480023,66.141303,940522.310576,548355.520655,3486.160800,350.780971,383.557587
784,-1,168.119988,66.122926,940522.757425,548357.679115,3486.295400,350.781114,383.612181
785,-1,167.760015,66.104972,940523.218054,548359.834295,3486.426800,350.780946,383.665234
786,-1,167.399995,66.087469,940523.692135,548361.986849,3486.554999,350.780923,383.717160
787,-1,167.040018,66.070407,940524.179667,548364.136123,3486.679999,350.780906,383.767829
788,-1,166.680019,66.053778,940524.680650,548366.282444,3486.801900,350.780964,383.817343
789,-1,166.319983,66.037567,940525.195084,548368.425813,3486.920800,350.781103,383.865744
790,-1,165.959987,66.021772,940525.723299,548370.565572,3487.036500,350.780849,383.912516
791,-1,165.599991,66.006397,940526.264636,548372.702051,3487.149300,350.780916,383.958432
792,-1,165.240019,65.991429,940526.819425,548374.834921,3487.259100,350.780903,384.003082
793,-1,164.880006,65.976859,940527.387665,548376.964510,3487.365999,350.780894,384.046581
794,-1,164.519989,65.962684,940527.969357,548379.090490,3487.470000,350.780808,384.088853
795,-1,164.160020,65.948916,940528.564172,548381.212533,3487.571100,350.780872,384.130104
796,-1,163.800017,65.935527,940529.172439,548383.330967,3487.669400,350.780857,384.170162
797,-1,163.439984,65.922537,940529.793829,548385.445792,3487.764899,350.781082,384.209320
798,-1,163.079991,65.909901,940530.428670,548387.556352,3487.857699,350.781047,384.247157
799,-1,162.719975,65.897639,940531.076962,548389.662975,3487.947700,350.780847,384.283718
800,-1,162.360003,65.885755,940531.738050,548391.765333,3488.035099,350.781009,384.319566
801,-1,161.999977,65.874217,940532.412590,548393.863754,3488.119900,350.781007,384.354218
802,-1,161.640003,65.863045,940533.100252,548395.957582,3488.202000,350.780954,384.387734
803,-1,161.280015,65.852218,940533.801038,548398.047145,3488.281600,350.780948,384.420286
804,-1,160.919999,65.841749,940534.514948,548400.132442,3488.358600,350.780993,384.451833
805,-1,160.559991,65.831619,940535.241980,548402.213147,3488.433099,350.780983,384.482320
806,-1,160.199978,65.821813,940535.982136,548404.289258,3488.505200,350.780918,384.511786
807,-1,159.840012,65.812357,940536.735088,548406.360448,3488.574800,350.780995,384.540367
808,-1,159.480012,65.806107,940537.501162,548408.427045,3488.620800,350.781017,384.559237
809,-1,159.120014,65.802361,940538.280360,548410.488721,3488.648300,350.780871,384.570374
810,-1,158.760021,65.799099,940539.072353,548412.545475,3488.672300,350.780863,384.580206
811,-1,158.400021,65.796307,940539.877142,548414.597308,3488.692899,350.780995,384.588771
812,-1,158.039979,65.793996,940540.695053,548416.644220,3488.709900,350.780964,384.595712
813,-1,157.680000,65.792153,940541.525760,548418.685555,3488.723400,350.780828,384.601124
814,-1,157.319992,65.790813,940542.368935,548420.721968,3488.733400,350.781139,384.605508
815,-1,156.959998,65.789924,940543.225232,548422.752804,3488.739900,350.781038,384.608082
816,-1,156.599975,65.789498,940544.094325,548424.778390,3488.743000,350.780958,384.609280
817,-1,156.239979,65.789573,940544.975885,548426.798400,3488.742499,350.781069,384.609177
818,-1,155.880024,65.790081,940545.870240,548428.812503,3488.738700,350.780937,384.607498
819,-1,155.519997,65.791066,940546.777390,548430.821357,3488.731400,350.780829,384.604406
820,-1,155.160004,65.792530,940547.697008,548432.824306,3488.720600,350.780777,384.599929
821,-1,154.799983,65.794468,940548.629093,548434.821677,3488.706400,350.780916,384.594234
822,-1,154.440015,65.796863,940549.573645,548436.812815,3488.688800,350.780969,384.587066
823,-1,154.079968,65.799727,940550.530992,548438.798376,3488.667700,350.780921,384.578373
824,-1,153.720019,65.839176,940551.500478,548440.777374,3488.377500,350.780935,384.459515
825,-1,153.360032,65.892844,940552.482431,548442.750467,3487.982999,350.781001,384.298276
826,-1,152.999995,65.947433,940553.476852,548444.717655,3487.582100,350.781125,384.134818
827,-1,152.639989,66.002940,940554.483740,548446.678281,3487.174700,350.781012,383.968849
828,-1,152.280022,66.059371,940555.502767,548448.632345,3486.760899,350.780949,383.800689
829,-1,151.920010,66.116706,940556.534261,548450.580176,3486.340800,350.780797,383.630270
830,-1,151.559988,66.174997,940557.577566,548452.521773,3485.914300,350.781140,383.458103
831,-1,151.199987,66.234179,940558.633338,548454.456481,3485.481499,350.781089,383.283434
832,-1,150.840016,66.294270,940559.701249,548456.384298,3485.042400,350.780928,383.106540
833,-1,150.480014,66.355256,940560.781299,548458.305554,3484.597200,350.780816,382.927667
834,-1,150.119995,66.417170,940561.873161,548460.220249,3484.145800,350.781043,382.747057
835,-1,149.760010,66.479963,940562.977161,548462.127725,3483.688299,350.780996,382.564210
836,-1,149.399999,66.543649,940564.093301,548464.028312,3483.224700,350.780841,382.379295
837,-1,149.039974,66.608232,940565.221251,548465.922009,3482.755099,350.780862,382.192633
838,-1,148.679968,66.673705,940566.361013,548467.808488,3482.279500,350.780891,382.004088
839,-1,148.319966,66.740070,940567.512585,548469.687749,3481.797900,350.780926,381.813679
840,-1,147.960000,66.807291,940568.675969,548471.559465,3481.310500,350.780795,381.621345
841,-1,147.599993,66.875437,940569.850835,548473.424291,3480.817100,350.781122,381.427603
842,-1,147.240010,66.944417,940571.037841,548475.281242,3480.317899,350.780828,381.231557
843,-1,146.880002,67.014274,940572.236329,548477.130976,3479.812999,350.780820,381.034102
844,-1,146.520003,67.085013,940573.446300,548478.973164,3479.302300,350.780920,380.835055
845,-1,146.159996,67.156637,940574.667755,548480.807806,3478.785800,350.781128,380.634437
846,-1,145.799984,67.229093,940575.901020,548482.634574,3478.263700,350.780991,380.431929
847,-1,145.440012,67.302417,940577.145440,548484.453468,3477.736000,350.781049,380.228049
848,-1,145.080004,67.376593,940578.401671,548486.264488,3477.202600,350.780761,380.022280
849,-1,144.719994,67.451652,940579.668729,548488.067962,3476.663700,350.781125,379.815642
850,-1,144.360008,67.527519,940580.947598,548489.862906,3476.119300,350.780768,379.606888
851,-1,143.999993,67.604275,940582.237293,548491.650304,3475.569399,350.781065,379.397309
852,-1,143.640002,67.681844,940583.538472,548493.429172,3475.014100,350.780905,379.185939
853,-1,143.280004,67.716738,940514.556982,548547.633460,3510.701100,438.476279,473.864204
854,-1,142.920009,67.732255,940516.211179,548549.836539,3510.562400,438.476217,473.811571
855,-1,142.559989,67.748299,940517.879154,548552.029448,3510.419100,438.476341,473.757403
856,-1,142.199998,67.764885,940519.560909,548554.211531,3510.270900,438.476253,473.701221
857,-1,141.839987,67.782001,940521.256444,548556.383114,3510.118000,438.476152,473.643291
858,-1,141.480002,67.799661,940522.965430,548558.543871,3509.960300,438.476095,473.583629
859,-1,141.119996,67.817863,940524.687868,548560.694129,3509.797900,438.476286,473.522467
860,-1,140.759995,67.836589,940526.424085,548562.833232,3509.630699,438.476058,473.459155
861,-1,140.400004,67.855861,940528.173425,548564.961509,3509.458799,438.476128,473.394398
862,-1,140.039983,67.875677,940529.936217,548567.078959,3509.282100,438.476243,473.327927
863,-1,139.680002,67.854506,939662.498647,549306.853398,3973.447200,1578.514328,1704.236521
864,-1,139.320005,67.807712,939668.939907,549314.395050,3974.950400,1578.514266,1704.803678
865,-1,138.960002,67.768415,939675.428411,549321.896347,3976.213600,1578.514388,1705.281323
866,-1,138.599995,67.749727,939681.964159,549329.356634,3976.814499,1578.514269,1705.508654
867,-1,138.240004,67.731592,939688.546167,549336.775582,3977.397900,1578.514428,1705.729793
868,-1,137.879998,67.714009,939695.175091,549344.153192,3977.963600,1578.514376,1705.944195
869,-1,137.520004,67.696974,939701.849946,549351.488807,3978.511799,1578.514406,1706.152192
870,-1,137.160000,67.680486,939708.571062,549358.782428,3979.042500,1578.514275,1706.353545
871,-1,136.799998,67.664553,939715.337780,549366.033726,3979.555500,1578.514245,1706.548406
872,-1,136.439999,67.656235,939722.149775,549373.242373,3979.823399,1578.514332,1706.650314
873,-1,136.079998,67.680185,939729.007044,549380.408041,3979.052200,1578.514310,1706.357261
874,-1,135.720000,67.675545,939924.261903,549203.852948,3871.171000,1315.428414,1422.011475
875,-1,135.360003,67.634622,939930.050605,549209.752214,3872.269400,1315.428700,1422.429331
876,-1,134.999999,67.593488,939935.876709,549215.614735,3873.373900,1315.428485,1422.849774
877,-1,134.639996,67.554223,939941.739230,549221.440839,3874.429000,1315.428700,1423.252485
878,-1,134.279999,67.515192,939947.638497,549227.229541,3875.478200,1315.428414,1423.653145
879,-1,133.919993,67.475988,939953.573852,549232.981498,3876.532800,1315.428557,1424.056930
880,-1,133.560005,67.436606,939959.544969,549238.695726,3877.592800,1315.428646,1424.463403
881,-1,133.200001,67.397045,939965.552175,549244.372552,3878.658200,1315.428692,1424.872586
882,-1,132.839997,67.357306,939971.595142,549250.011320,3879.728900,1315.428448,1425.284219
883,-1,132.480008,67.317402,939977.672886,549255.612031,3880.804800,1315.428580,1425.698890
884,-1,132.120001,67.277332,939983.786062,549261.174684,3881.885800,1315.428646,1426.116161
885,-1,131.760001,67.237095,939989.934016,549266.698623,3882.971900,1315.428604,1426.536003
886,-1,131.400006,67.196701,939996.116418,549272.183848,3884.062900,1315.428671,1426.958547
887,-1,131.040009,67.156149,940002.333269,549277.630031,3885.158800,1315.428600,1427.383576
888,-1,130.680008,67.115447,940008.584241,549283.037173,3886.259400,1315.428609,1427.811221
889,-1,130.319997,67.082631,940014.869333,549288.404944,3887.147200,1315.428453,1428.156555
890,-1,129.960005,67.053018,940021.187562,549293.733017,3887.948800,1315.428519,1428.468953
891,-1,129.600006,67.025504,940027.539256,549299.021393,3888.693900,1315.428595,1428.759686
892,-1,129.240006,67.000023,940033.924085,549304.269742,3889.384200,1315.428638,1429.029306
893,-1,128.879992,66.975296,940040.342052,549309.478065,3890.054300,1315.428653,1429.291281
894,-1,128.519999,66.951329,940046.792170,549314.645705,3890.704100,1315.428748,1429.545649
895,-1,128.160003,66.928112,940053.274768,549319.772663,3891.333700,1315.428715,1429.792232
896,-1,127.800001,66.905653,940059.789519,549324.858939,3891.943000,1315.428759,1430.031158
897,-1,127.440007,66.883946,940066.336094,549329.903877,3892.532000,1315.428564,1430.262115
898,-1,127.079998,66.862994,940072.914493,549334.907804,3893.100700,1315.428391,1430.485320
899,-1,126.720004,66.842805,940079.523732,549339.870392,3893.649000,1315.428576,1430.701023
900,-1,126.360006,66.823368,940086.164138,549344.791314,3894.177000,1315.428657,1430.908819
901,-1,125.999991,66.804689,940092.835713,549349.670570,3894.684500,1315.428638,1431.108613
902,-1,125.639996,66.786765,940099.537471,549354.507502,3895.171600,1315.428570,1431.300472
903,-1,125.279998,66.769600,940106.269413,549359.302440,3895.638300,1315.428715,1431.484622
904,-1,124.920000,66.757420,940113.031539,549364.054727,3895.969400,1315.428540,1431.615089
905,-1,124.560000,66.779243,940119.782838,549368.823418,3895.406700,1315.499945,1431.458747
906,-1,124.199997,66.811667,940126.644700,549373.431677,3894.494800,1315.428440,1431.033724
907,-1,123.839995,66.867893,940133.495080,549378.056011,3892.967800,1315.428618,1430.433314
908,-1,123.479998,66.924772,940140.374332,549382.637039,3891.424300,1315.428679,1429.827707
909,-1,123.119994,66.982306,940147.282454,549387.174760,3889.864300,1315.428623,1429.216950
910,-1,122.759999,67.040487,940154.218792,549391.668845,3888.288100,1315.428536,1428.601288
911,-1,122.399998,67.099320,940161.183345,549396.119296,3886.695600,1315.428416,1427.980727
912,-1,122.039997,67.109931,939935.559125,549772.212703,4071.538600,1753.904707,1903.825554
913,-1,121.680003,67.141683,939944.918686,549778.029621,4070.393700,1753.904847,1903.380650
914,-1,121.320001,67.182377,939954.314993,549783.787483,4068.927000,1753.904675,1902.811226
915,-1,120.959999,67.227980,939963.747060,549789.486619,4067.284600,1753.904986,1902.175194
916,-1,120.599998,67.278454,939973.214889,549795.126043,4065.467900,1753.904938,1901.472706
917,-1,120.240003,67.293909,940247.710075,549346.133831,3844.743800,1227.733287,1330.880426
918,-1,119.880001,67.302415,940254.386571,549349.997997,3844.529700,1227.733426,1330.797925
919,-1,119.520001,67.311163,940261.087345,549353.819839,3844.309400,1227.733242,1330.712765
920,-1,119.160007,67.320167,940267.811741,549357.599688,3844.082800,1227.733344,1330.625470
921,-1,118.800002,67.329095,940274.527935,549361.395612,3843.885899,1227.799952,1330.611022
922,-1,118.439991,67.338970,940281.331727,549365.032415,3843.609600,1227.733391,1330.443127
923,-1,118.079995,67.348967,940288.126333,549368.684639,3843.357999,1227.733235,1330.346067
924,-1,117.720004,67.366446,940294.943576,549372.294212,3842.918300,1227.733260,1330.176816
925,-1,117.360004,67.420945,940301.783458,549375.861134,3841.548100,1227.733466,1329.650306
926,-1,116.999994,67.475808,940308.645977,549379.384749,3840.169700,1227.733277,1329.121493
927,-1,116.639994,67.531050,940315.530149,549382.865385,3838.783000,1227.733432,1328.591046
928,-1,116.280006,67.586966,940322.406448,549386.362097,3837.407900,1227.799957,1328.127613
929,-1,115.920003,67.642650,940329.363455,549389.696080,3835.984800,1227.733304,1327.524022
930,-1,115.559997,67.699016,940336.312260,549393.046139,3834.573200,1227.733167,1326.987591
931,-1,115.199999,67.755765,940343.281734,549396.352563,3833.153200,1227.733217,1326.449437
932,-1,114.839994,67.813193,940350.243991,549399.675719,3831.744600,1227.799951,1325.978637
933,-1,114.479999,67.870413,940357.282363,549402.833849,3830.288000,1227.733419,1325.367641
934,-1,114.120003,67.928317,940364.312860,549406.008383,3828.842699,1227.733549,1324.823989
935,-1,113.760005,67.986602,940371.363371,549409.138298,3827.388900,1227.733245,1324.278104
936,-1,113.400007,68.060608,940378.433239,549412.224250,3825.544899,1227.733374,1323.588152
937,-1,113.040007,68.155441,940385.522464,549415.265583,3823.184700,1227.733333,1322.708096
938,-1,112.680005,68.250841,940392.630717,549418.262296,3820.813500,1227.733255,1321.827556
939,-1,112.320000,68.346817,940399.757671,549421.214390,3818.431200,1227.733266,1320.946673
940,-1,111.959999,68.443364,940406.902998,549424.121536,3816.037900,1227.733190,1320.065378
941,-1,111.599995,68.540490,940414.066370,549426.984063,3813.633600,1227.733453,1319.184129
942,-1,111.240006,68.638187,940421.247458,549429.800987,3811.218200,1227.733261,1318.302208
943,-1,110.880000,68.736614,940428.422640,549432.635299,3808.814000,1227.799885,1317.490454
944,-1,110.519997,68.835333,940435.662455,549435.299991,3806.354100,1227.733463,1316.538412
945,-1,110.160007,68.934776,940442.895380,549437.981088,3803.905400,1227.733289,1315.656129
946,-1,109.799997,69.034806,940450.145366,549440.616910,3801.445600,1227.733203,1314.773925
947,-1,109.440003,69.135423,940457.411427,549443.207128,3798.974700,1227.733232,1313.891888
948,-1,109.079995,69.246483,940464.693893,549445.751742,3796.251200,1227.733267,1312.924385
949,-1,108.720004,69.384574,940500.137064,549365.194489,3759.880999,1140.038136,1218.035302
950,-1,108.360005,69.500210,940506.928389,549367.472043,3757.256500,1140.038075,1217.113653
951,-1,108.000007,69.618327,940513.733821,549369.706947,3754.579800,1140.038096,1216.178866
952,-1,107.639998,69.738897,940520.553361,549371.899200,3751.851800,1140.038202,1215.231570
953,-1,107.279999,69.881022,940527.386353,549374.048474,3748.641500,1140.038282,1214.123657
954,-1,106.920001,70.024905,940534.232796,549376.154440,3745.397300,1140.038020,1213.011326
955,-1,106.559998,70.170496,940541.074646,549378.277140,3742.143100,1140.100111,1211.961922
956,-1,106.199994,70.317327,940547.964724,549380.237766,3738.822300,1140.038113,1210.781086
957,-1,105.839998,70.555186,940554.849553,549382.214468,3733.491800,1140.038025,1208.996053
958,-1,105.479994,70.851080,940538.340727,549468.662129,3757.333600,1227.733418,1299.643763
959,-1,105.119998,71.026617,940545.781329,549470.697558,3753.123100,1227.733333,1298.268628
960,-1,104.759998,71.256298,940553.217666,549472.750704,3747.649900,1227.799932,1296.562531
961,-1,104.399997,71.596628,940560.700263,549474.628325,3739.511300,1227.733483,1293.907212
962,-1,104.039997,71.939933,940568.161862,549476.587639,3731.378400,1227.799853,1291.425773
963,-1,103.679998,72.285648,940575.667424,549478.371100,3723.177100,1227.733427,1288.843565
964,-1,103.319995,72.634144,940583.168394,549480.171949,3714.963500,1227.733452,1286.368218
965,-1,102.959994,72.985233,940590.680518,549481.925554,3706.720300,1227.733404,1283.931912
966,-1,102.599995,73.338872,940598.203469,549483.631916,3698.448399,1227.733356,1281.535769
967,-1,102.239999,73.695020,940605.736918,549485.291033,3690.148700,1227.733380,1279.180892
968,-1,101.879997,74.038621,940631.321185,549401.146516,3657.105400,1140.100085,1185.816541
969,-1,101.520001,74.371176,940638.348073,549402.538574,3649.941200,1140.038255,1183.806957
970,-1,101.159998,74.616759,940645.371353,549403.947036,3644.678600,1140.038228,1182.400026
971,-1,100.800005,74.862149,940652.403163,549405.311206,3639.432500,1140.038103,1181.019082
972,-1,100.440005,75.109157,940659.443504,549406.631414,3634.164099,1140.038200,1179.654336
973,-1,100.080004,75.357750,940666.492046,549407.907330,3628.874100,1140.038260,1178.306069
974,-1,99.720007,75.608058,940673.537964,549409.199650,3623.575500,1140.099938,1177.037581
975,-1,99.359992,75.824521,940694.875191,549323.798246,3596.823000,1052.342841,1085.392780
976,-1,99.000001,76.038380,940701.402409,549324.853034,3592.648400,1052.342790,1084.377956
977,-1,98.640006,76.254296,940707.936189,549325.866811,3588.441500,1052.342749,1083.370603
978,-1,98.279993,76.472185,940714.476530,549326.839578,3584.204000,1052.342723,1082.371519
979,-1,97.919984,76.576210,940793.523944,548806.618834,3456.601100,526.171406,540.950402
980,-1,97.559984,76.679483,940796.799856,548807.064043,3455.599100,526.171366,540.718626
981,-1,97.199992,76.783335,940800.078393,548807.488911,3454.592399,526.171589,540.487789
982,-1,96.840003,76.887741,940803.359554,548807.892782,3453.581100,526.171422,540.257306
983,-1,96.479995,76.992718,940806.643340,548808.276311,3452.565200,526.171519,540.027840
984,-1,96.119992,77.098249,940809.929423,548808.639171,3451.544800,526.171592,539.799160
985,-1,95.759991,77.204370,940813.214850,548809.009577,3450.526000,526.200011,539.600310
986,-1,95.399984,77.313300,940816.508150,548809.302556,3449.467999,526.171376,539.339041
987,-1,95.039984,77.423508,940819.800466,548809.603408,3448.405100,526.171446,539.106673
988,-1,94.680001,77.534367,940823.092126,548809.911807,3447.343100,526.199862,538.904173
989,-1,94.319995,77.645749,940826.390348,548810.142777,3446.264400,526.171346,538.644505
990,-1,93.960011,77.757792,940829.687586,548810.381622,3445.186600,526.171527,538.415110
991,-1,93.600007,77.870403,940832.986464,548810.599469,3444.104200,526.171419,538.186527
992,-1,93.240002,77.983600,940836.286654,548810.796647,3443.017100,526.171374,537.959107
993,-1,92.880017,78.097352,940839.587828,548810.973156,3441.925600,526.171408,537.732959
994,-1,92.520002,78.211660,940842.890315,548811.128996,3440.829700,526.171505,537.508096
995,-1,92.160001,78.236650,940618.131250,554857.936128,4700.664999,6577.143039,6718.239509
996,-1,91.800000,78.238958,940659.432021,554859.363946,4700.388600,6577.143037,6718.183162
997,-1,91.440000,78.241548,940700.731807,554860.889206,4700.152700,6577.500120,6718.484672
998,-1,91.079999,78.219111,940755.279598,554160.003797,4556.446100,5875.581246,6002.010311
999,-1,90.720000,78.180519,940793.290349,554073.209351,4542.290500,5788.200029,5913.580932
1000,-1,90.359999,78.136183,940829.659042,554073.237894,4546.900400,5787.885808,5914.219384
1001,-1,90.000000,78.092722,940866.025111,554073.352067,4551.485100,5787.885733,5915.163564
