"OBJECTID","FEATURE_ID","HORIZ_ANG","ZENITH_ANG","VERTEX_X","VERTEX_Y","VERTEX_Z","DIST_2D","DIST_3D"
1,-1,90.000000,77.612321,942482.279097,553531.919751,4491.298899,8155.657245,8350.059691
2,-1,89.640001,77.798072,942533.522105,553531.758990,4463.602700,8155.657468,8344.162224
3,-1,89.279999,77.950083,942584.769049,553531.718636,4441.060600,8156.100102,8339.859764
4,-1,88.919999,78.031876,942636.000574,553530.470935,4428.796700,8155.657263,8336.874919
5,-1,88.560000,78.114180,942687.242598,553529.786881,4416.651700,8156.100157,8334.798307
6,-1,88.200000,78.195563,942738.454437,553527.895481,4404.464700,8155.657298,8331.863289
7,-1,87.840000,78.272972,942789.667262,553526.125143,4392.967999,8155.657452,8329.519142
8,-1,87.480000,78.350695,942840.867947,553524.032956,4381.431200,8155.657500,8327.182005
9,-1,87.119999,78.432034,942892.076834,553522.060847,4369.455100,8156.099852,8325.205410
10,-1,86.759999,78.527911,942943.225025,553518.883360,4355.150100,8155.657270,8321.914886
11,-1,86.400000,78.632188,942988.870603,553428.304473,4322.070200,8067.962245,8229.406207
12,-1,86.039999,78.779813,943039.452851,553424.962288,4300.453599,8067.961996,8225.172490
13,-1,85.680000,78.949285,943090.012789,553421.302846,4275.665299,8067.962216,8220.385359
14,-1,85.319999,79.091153,943140.584867,553417.761843,4255.020900,8068.399969,8216.883111
15,-1,84.960000,79.229676,943191.059175,553413.030881,4234.715600,8067.962265,8212.634601
16,-1,84.600000,79.355861,943208.529941,553059.194647,4150.385400,7717.181257,7852.292937
17,-1,84.239999,79.405087,943256.830697,553054.896427,4143.600300,7717.599955,7851.454062
18,-1,83.880000,79.466149,943305.016625,553049.461726,4135.011400,7717.181047,7849.467563
19,-1,83.519998,79.527148,943353.212394,553044.140871,4126.513000,7717.181054,7847.918371
20,-1,83.160000,79.602424,943401.373387,553038.517523,4116.030199,7717.181237,7846.019868
21,-1,82.800000,79.684590,943449.498291,553032.591353,4104.593700,7717.181116,7843.963784
22,-1,82.439999,79.821883,943497.585137,553026.363019,4085.497399,7717.181105,7840.566769
23,-1,82.080000,79.950848,943545.631629,553019.832849,4067.574299,7717.181233,7837.419579
24,-1,81.720000,80.046491,943581.007214,552926.219519,4038.901900,7629.485852,7746.077244
25,-1,81.359999,80.131851,943628.423130,552919.167039,4027.188299,7629.485890,7744.061191
26,-1,81.000001,80.208203,943662.074966,552825.201348,4001.581400,7541.790779,7653.281799
27,-1,80.640001,80.270006,943708.854400,552817.641324,3993.205600,7541.790615,7651.861630
28,-1,80.280000,80.314182,943711.234644,552550.868235,3942.384999,7279.100158,7384.363181
29,-1,79.919999,80.326877,943756.220447,552542.615955,3940.657900,7278.705126,7383.683386
30,-1,79.560000,80.341516,943801.293847,552534.858425,3938.811400,7279.099906,7383.762531
31,-1,79.200000,80.367406,943846.172366,552526.041513,3935.360200,7278.704878,7382.794831
32,-1,78.839999,80.402047,943891.068602,552517.330901,3930.833199,7278.704946,7382.038746
33,-1,78.480000,80.437239,943935.909064,552508.338465,3926.235200,7278.705074,7381.273625
34,-1,78.120000,80.468196,943980.773475,552499.450687,3922.257500,7279.099894,7381.003228
35,-1,77.759998,80.491597,944025.416430,552489.508778,3919.134800,7278.704923,7380.097222
36,-1,77.400000,80.516258,944070.079399,552479.672840,3915.914300,7278.705116,7379.566095
37,-1,77.039999,80.547678,944095.012420,552384.094619,3897.211600,7191.009643,7289.988704
38,-1,76.680000,80.568422,944139.011676,552373.823314,3894.536100,7191.009671,7289.549821
39,-1,76.320000,80.591723,944182.945643,552363.275763,3891.531200,7191.009731,7289.058070
40,-1,75.959999,80.610671,944205.631293,552267.750691,3874.650599,7103.699895,7200.163625
41,-1,75.600000,80.627838,944248.801482,552256.413444,3872.400500,7103.314597,7199.416726
42,-1,75.239998,80.654084,944292.094047,552245.550933,3869.121700,7103.699996,7199.263795
43,-1,74.880000,80.678591,944243.620062,551895.034245,3808.360700,6752.533375,6842.891963
44,-1,74.519999,80.671568,944284.543865,551883.839058,3809.210700,6752.533663,6843.029975
45,-1,74.159999,80.662562,944349.434155,551957.108924,3824.781300,6840.599943,6932.455594
46,-1,73.800000,80.637709,944390.642078,551944.891101,3827.767700,6840.228862,6932.574620
47,-1,73.439999,80.636326,944431.981890,551933.126689,3827.998600,6840.600039,6932.978417
48,-1,73.080000,80.651937,944473.032989,551920.391806,3826.023000,6840.228750,6932.290902
49,-1,72.719998,80.672030,944488.062487,551824.017327,3809.154700,6752.533542,6843.020779
50,-1,72.360000,80.704025,944528.534847,551811.287365,3805.282600,6752.533416,6842.394110
51,-1,71.999998,80.734857,944568.926826,551798.303468,3801.551900,6752.533514,6841.792561
52,-1,71.640001,80.756889,944581.613153,551701.834828,3784.615200,6664.838234,6752.514999
53,-1,71.279998,80.775951,944621.316485,551688.519566,3782.339200,6664.838343,6752.149901
54,-1,70.920000,80.788571,944660.934844,551674.954961,3780.832599,6664.838145,6751.908368
55,-1,70.559999,80.801100,944700.587980,551661.482875,3779.395399,6665.199876,6752.035531
56,-1,70.200001,80.806949,944710.206728,551564.570011,3764.446100,6577.143096,6662.721426
57,-1,69.839999,80.796884,944749.044904,551550.449304,3765.631700,6577.142985,6662.910833
58,-1,69.479999,80.788286,944787.793515,551536.085160,3766.644700,6577.143138,6663.073073
59,-1,69.119999,80.756415,944764.063575,551357.929676,3741.912300,6402.099854,6486.328991
60,-1,68.760001,80.701757,944801.476230,551343.151163,3748.125499,6401.752540,6486.987178
61,-1,68.400000,80.646267,944838.921365,551328.461559,3754.492800,6401.752600,6488.019067
62,-1,68.040000,80.593368,944876.273325,551313.536721,3760.564499,6401.752374,6489.008438
63,-1,67.680001,80.540345,944913.530796,551298.377958,3766.652400,6401.752592,6490.006440
64,-1,67.319999,80.495790,944917.010776,551202.387337,3757.145099,6314.400121,6402.281207
65,-1,66.959999,80.462935,944953.434916,551186.659022,3760.810200,6314.057233,6402.549260
66,-1,66.600000,80.463993,944989.893504,551171.017649,3760.690300,6314.057109,6402.529273
67,-1,66.240000,80.459993,945026.253340,551155.147602,3761.143600,6314.057166,6402.604441
68,-1,65.880000,80.493761,945062.512781,551139.049537,3757.317599,6314.057350,6401.971628
69,-1,65.520000,80.523246,945098.670189,551122.723782,3753.977499,6314.057296,6401.420788
70,-1,65.160001,80.557322,945098.026818,551026.895890,3735.589300,6226.700071,6312.229319
71,-1,64.799999,80.592301,945133.335146,551010.043233,3731.627100,6226.361976,6311.246939
72,-1,64.440001,80.632236,945168.680548,550993.275222,3727.168699,6226.362068,6310.519800
73,-1,64.080000,80.672339,945203.919979,550976.285098,3722.692599,6226.361869,6309.792570
74,-1,63.720001,80.698070,945200.371758,550880.741982,3705.512100,6139.000083,6220.801926
75,-1,63.360000,80.696079,945156.112004,550706.485769,3676.942899,5963.276150,6042.770877
76,-1,62.999999,80.682936,945189.549929,550689.580619,3678.347599,5963.276342,6042.998325
77,-1,62.639998,80.723919,945222.880899,550672.465496,3673.967800,5963.276310,6042.290759
78,-1,62.279999,80.773840,945256.103602,550655.141384,3668.634300,5963.276330,6041.433356
79,-1,61.920000,80.822504,945289.216724,550637.608939,3663.436500,5963.276375,6040.602206
80,-1,61.560002,80.908879,945322.218955,550619.868817,3654.214300,5963.276409,6039.138222
81,-1,61.200001,80.988516,945355.265149,550602.205138,3645.766699,5963.600024,6038.128840
82,-1,60.840000,81.099702,945387.886146,550583.767839,3633.855900,5963.276290,6035.954850
83,-1,60.479998,81.227995,945420.548483,550565.408624,3620.180600,5963.276315,6033.854220
84,-1,60.119998,81.349493,945453.094677,550546.844684,3607.238400,5963.276387,6031.894129
85,-1,59.760000,81.482666,945485.523418,550528.076677,3593.062100,5963.276424,6029.778240
86,-1,59.399999,81.616303,945517.833721,550509.104930,3578.846200,5963.276216,6027.688933
87,-1,59.040000,81.759992,945550.024274,550489.931084,3563.572100,5963.276515,6025.481190
88,-1,58.680000,81.928985,945582.093435,550470.554811,3545.622200,5963.276198,6022.934494
89,-1,58.319999,82.089234,945614.040550,550450.977750,3528.615000,5963.276331,6020.570357
90,-1,57.960001,82.235208,945599.340448,550356.863109,3501.176500,5875.581148,5929.952581
91,-1,57.599999,82.310461,945489.604447,550115.048960,3457.795600,5612.495240,5663.422727
92,-1,57.240000,82.371435,945519.319611,550096.060153,3451.714900,5612.495426,5662.612489
93,-1,56.880000,82.432600,945548.914696,550076.884666,3445.616700,5612.495219,5661.805971
94,-1,56.519999,82.554565,945578.389046,550057.523813,3433.462000,5612.495366,5660.218259
95,-1,56.159999,82.683574,945607.741022,550037.978248,3420.612700,5612.495514,5658.567713
96,-1,55.800000,82.810203,945636.969310,550018.248301,3408.007600,5612.495207,5656.975978
97,-1,55.440000,82.963429,945666.246154,549998.586266,3392.802000,5612.799940,5655.395457
98,-1,55.079998,83.103640,945695.051871,549978.239850,3378.824700,5612.495378,5653.397858
99,-1,54.719999,83.229559,945723.903191,549957.962660,3366.312999,5612.495262,5651.909065
100,-1,54.359998,83.358333,945752.626887,549937.504696,3353.524399,5612.495432,5650.415836
101,-1,54.000000,83.483172,945781.220990,549916.866614,3341.132900,5612.495280,5648.995899
102,-1,53.640001,83.604091,945809.685172,549896.049398,3329.136400,5612.495410,5647.647062
103,-1,53.279998,83.709581,945838.018120,549875.053377,3318.675300,5612.495318,5646.491195
104,-1,52.919999,83.807343,945866.218523,549853.880191,3308.984300,5612.495539,5645.437808
105,-1,52.559999,83.899100,945894.285068,549832.529840,3299.891800,5612.495282,5644.463966
106,-1,52.200000,83.987262,945922.217099,549811.003964,3291.158600,5612.495457,5643.542659
107,-1,51.840000,84.091540,946004.196594,549858.256495,3289.908000,5700.190608,5730.633858
108,-1,51.479999,84.183629,946032.480986,549836.281473,3280.681300,5700.500209,5729.999425
109,-1,51.120000,84.277380,946060.239461,549813.646020,3271.227499,5700.190594,5728.741019
110,-1,50.760000,84.191125,950026.660333,554613.413979,3913.321500,11926.552543,11988.110970
111,-1,50.400000,84.114931,950028.650815,554498.259026,3920.308699,11838.857487,11901.583925
112,-1,50.039999,84.061070,950029.494317,554383.446263,3922.434700,11751.162360,11814.574195
113,-1,49.680000,84.054089,950085.938758,554335.848261,3923.882000,11751.162374,11814.724046
114,-1,49.319999,84.101501,950142.083003,554287.896257,3914.053199,11751.162155,11813.709712
115,-1,48.960000,84.164106,950082.765864,554107.304427,3883.151100,11575.771772,11636.079178
116,-1,48.600000,84.242503,950079.480438,553993.595993,3858.306800,11488.076629,11546.323193
117,-1,48.239999,84.304575,950016.662322,553814.860458,3828.243800,11312.686063,11368.808207
118,-1,47.879999,84.300563,950069.534592,553767.354319,3829.043900,11312.686142,11368.887715
119,-1,47.519999,84.329716,950062.883686,553654.840437,3814.523400,11224.990801,11280.185322
120,-1,47.160000,84.348707,950114.749396,553607.046897,3810.766399,11224.990626,11279.814562
121,-1,46.799999,84.351087,950106.282550,553495.001518,3801.621300,11137.295533,11191.645155
122,-1,46.439999,84.418017,950157.143340,553446.938622,3788.485600,11137.295637,11190.359914
123,-1,46.080000,84.459279,950146.870723,553335.389304,3771.881800,11049.600182,11101.468136
124,-1,45.720000,84.468614,950197.146541,553287.503901,3770.122800,11050.200002,11101.895464
125,-1,45.360000,84.459874,950184.661330,553176.049072,3763.259900,10961.905059,11013.350269
126,-1,45.000000,84.454708,950233.937150,553127.920559,3764.315400,10962.499949,11014.044325
127,-1,44.639999,84.467964,950282.065663,553078.644739,3761.697600,10961.905059,11013.199550
128,-1,44.279999,84.525935,950267.522713,552968.259789,3742.099500,10874.209897,10924.029122
129,-1,43.919999,84.568396,950315.070518,552919.193942,3733.967399,10874.209677,10923.256139
130,-1,43.560000,84.583718,950298.760511,552809.398558,3722.718500,10786.514417,10834.890234
131,-1,43.199999,84.626380,950345.309959,552760.139798,3714.615200,10786.514645,10834.128585
132,-1,42.839999,84.686695,950327.245690,552650.960883,3695.005300,10698.819436,10744.988267
133,-1,42.479999,84.686121,950308.122369,552542.302636,3686.956700,10611.124071,10656.924396
134,-1,42.120000,84.688618,950352.993014,552492.990398,3686.490300,10611.124043,10656.881184
135,-1,41.759999,84.696109,950397.553292,552443.396994,3685.091000,10611.124137,10656.751838
136,-1,41.400000,84.688030,950441.800579,552393.524718,3686.600100,10611.123935,10656.891241
137,-1,41.039999,84.687366,950419.589994,552285.795931,3678.569300,10523.428929,10568.829372
138,-1,40.680000,84.678938,950462.846797,552235.788485,3680.130699,10523.428978,10568.974106
139,-1,40.320000,84.716097,950438.925913,552128.766061,3665.136600,10435.733458,10480.268197
140,-1,39.960000,84.728579,950481.195842,552078.640177,3662.843800,10435.733589,10480.057429
141,-1,39.599999,84.723590,950455.579751,551972.350364,3655.661400,10348.038381,10392.073280
142,-1,39.240000,84.719224,950496.866414,551922.122774,3656.456600,10348.038292,10392.146349
143,-1,38.879999,84.718686,950469.569553,551816.591161,3648.448200,10260.343171,10304.086373
144,-1,38.520000,84.725553,950509.877215,551766.278925,3647.208000,10260.343141,10303.972262
145,-1,38.159999,84.724594,950549.868277,551715.714066,3647.381299,10260.343135,10303.988188
146,-1,37.799999,84.732592,950589.540769,551664.899207,3645.936800,10260.343239,10303.855579
147,-1,37.440000,84.731570,950628.893053,551613.835989,3646.121300,10260.343166,10303.872447
148,-1,37.079999,84.732136,950667.923815,551562.526380,3646.019100,10260.343082,10303.862979
149,-1,36.719999,84.719622,950636.337920,551458.539383,3640.174199,10172.647998,10216.001900
150,-1,36.359999,84.714317,950674.392634,551407.186140,3641.124200,10172.647840,10216.089214
151,-1,35.999999,84.694490,950641.177149,551304.048879,3636.530799,10084.952588,10128.344319
152,-1,35.639999,84.679604,950678.261392,551252.668404,3639.173800,10084.952754,10128.589215
153,-1,35.280000,84.659729,950715.021818,551201.055974,3642.702500,10084.952734,10128.917003
154,-1,34.920000,84.651517,950679.551416,551099.013856,3635.950400,9997.257448,10040.974038
155,-1,34.559999,84.624336,950715.346620,551047.396177,3640.735000,9997.257521,10041.421228
156,-1,34.200000,84.607616,950750.816365,550995.554745,3643.678199,9997.257315,10041.697186
157,-1,33.839999,84.577253,950713.120903,550894.655997,3640.698900,9909.562228,9954.111611
158,-1,33.479999,84.553846,950747.631332,550842.831625,3644.783800,9909.562327,9954.498578
159,-1,33.120000,84.526143,950708.367960,550742.875132,3641.215300,9821.866882,9866.861471
160,-1,32.760000,84.504136,950741.924979,550691.083569,3645.022500,9821.867084,9867.225575
161,-1,32.400000,84.470771,950701.112069,550592.092625,3642.306200,9734.171729,9779.674852
162,-1,32.040001,84.437664,950733.721583,550540.349619,3647.983900,9734.171706,9780.223529
163,-1,31.680000,84.395331,950691.377180,550442.347190,3646.638900,9646.476318,9692.813346
164,-1,31.319999,84.352583,950648.130219,550345.082621,3645.234000,9558.781192,9605.402917
165,-1,30.960000,84.309114,950679.188884,550293.677540,3652.557500,9558.781338,9606.126506
166,-1,30.599999,84.263210,950709.923731,550242.077905,3660.292400,9558.781079,9606.896336
167,-1,30.239998,84.220339,950740.334103,550190.286342,3667.517400,9558.781197,9607.621344
168,-1,29.879999,84.175410,950846.456266,550181.993380,3684.036200,9646.476504,9696.537330
169,-1,29.520000,84.119484,950876.486062,550129.345191,3693.551000,9646.476329,9697.507369
170,-1,29.160000,84.066114,950676.441842,549948.320947,3675.288100,9383.390724,9433.939175
171,-1,28.800000,83.996285,950858.702961,549981.240501,3705.295000,9558.781254,9611.499212
172,-1,28.439999,83.915458,950887.471276,549928.519149,3718.930700,9558.781099,9612.934821
173,-1,28.080000,83.841147,950916.365575,549875.862759,3731.526700,9559.300034,9614.794043
174,-1,27.720000,83.768834,950944.011517,549822.540031,3743.677100,9558.781270,9615.589491
175,-1,27.359999,83.675174,950893.895804,549728.982803,3749.771500,9471.085978,9529.086515
176,-1,27.000000,83.617332,950921.078492,549676.045573,3759.451500,9471.085980,9530.157770
177,-1,26.639999,83.584200,950947.928176,549622.938396,3764.997200,9471.086022,9530.775911
178,-1,26.279999,83.545057,950895.812138,549530.835890,3761.628000,9383.390551,9443.255384
179,-1,25.919999,83.530318,950921.750079,549477.890457,3764.072900,9383.390768,9443.530772
180,-1,25.560000,83.525768,950947.354686,549424.783280,3764.827699,9383.390922,9443.616003
181,-1,25.200000,83.507874,950893.275726,549334.177162,3757.816600,9295.695386,9355.689642
182,-1,24.839999,83.497221,950917.978105,549281.251415,3759.567300,9295.695570,9355.887931
183,-1,24.480000,83.496566,950942.347150,549228.171797,3759.675099,9295.695598,9355.900169
184,-1,24.120000,83.501680,950966.382207,549174.939948,3758.834500,9295.695557,9355.804957
185,-1,23.759999,83.518883,950909.819984,549086.224902,3746.045100,9208.000130,9267.225946
186,-1,23.399999,83.551819,950932.963967,549033.200402,3740.683999,9208.000301,9266.622509
187,-1,23.040000,83.564442,950875.074319,548945.709763,3728.737800,9120.305113,9178.140706
188,-1,22.680000,83.543449,950897.335757,548892.906063,3732.122000,9120.304847,9178.520378
189,-1,22.319999,83.550410,950919.265504,548839.963584,3730.999900,9120.305081,9178.394499
190,-1,21.960000,83.563896,950940.861917,548786.884622,3728.825800,9120.305178,9178.150634
191,-1,21.600001,83.552338,950880.587103,548701.388073,3720.778500,9032.609667,9090.105948
192,-1,21.239999,83.543923,950901.313768,548648.554518,3722.122200,9032.609800,9090.257069
193,-1,20.880000,83.602084,950921.707756,548595.592025,3712.836800,9032.609736,9089.217624
194,-1,20.520000,83.624544,950859.637670,548511.762140,3699.452999,8944.914455,9000.577810
195,-1,20.159999,83.612939,950796.850722,548428.840390,3691.470900,8857.219261,8912.538785
196,-1,19.799998,83.593398,950733.355770,548346.832680,3684.682900,8769.524128,8824.633354
197,-1,19.439999,83.579353,950751.857374,548294.931537,3686.859700,8769.524148,8824.876535
198,-1,19.079999,83.567319,950770.032534,548242.914909,3688.724900,8769.524105,8825.085267
199,-1,18.720001,83.560483,950704.824331,548162.640135,3679.886799,8681.828749,8736.951903
200,-1,18.359998,83.547109,950722.169441,548110.921407,3681.939199,8681.828850,8737.182428
201,-1,17.999999,83.545987,950739.189092,548059.095067,3682.111300,8681.828909,8737.201830
202,-1,17.639999,83.546330,950755.882628,548007.162756,3682.058600,8681.828812,8737.195809
203,-1,17.280000,83.547374,950688.512684,547929.077610,3671.980300,8594.133734,8648.923652
204,-1,16.919999,83.543052,950704.390277,547877.466165,3672.636900,8594.133580,8648.997314
205,-1,16.559999,83.549864,950719.943396,547825.755966,3671.602000,8594.133540,8648.880954
206,-1,16.199999,83.561415,950735.171384,547773.949312,3669.847299,8594.133645,8648.684113
207,-1,15.839999,83.568628,950750.073257,547722.047841,3668.751600,8594.133412,8648.561080
208,-1,15.479999,83.581276,950680.135076,547646.647729,3656.964800,8506.438251,8560.097741
209,-1,15.119999,83.585864,950609.579115,547572.220056,3646.416600,8418.743086,8471.773104
210,-1,14.760000,83.575870,950538.851894,547498.884901,3638.080500,8331.499929,8384.144923
211,-1,14.399999,83.560630,950551.591698,547448.109740,3640.273700,8331.047762,8383.941284
212,-1,14.040000,83.550433,950564.450268,547397.368372,3641.775299,8331.047939,8384.109999
213,-1,13.679999,83.542712,950576.989613,547346.546951,3642.912400,8331.047901,8384.237767
214,-1,13.319999,83.533875,950503.873290,547275.443747,3634.274600,8243.352642,8296.127519
215,-1,12.960000,83.522054,950515.647873,547225.005528,3635.997300,8243.352755,8296.321811
216,-1,12.599999,83.513080,950527.105199,547174.494146,3637.305100,8243.352718,8296.469423
217,-1,12.240000,83.503493,950538.244940,547123.911898,3638.702300,8243.352720,8296.627391
218,-1,11.879999,83.497512,950549.504432,547073.352616,3639.625000,8243.800061,8297.176302
219,-1,11.520000,83.501300,950559.569701,547022.542350,3639.021900,8243.352523,8296.663362
220,-1,11.159999,83.520226,950569.754064,546971.758987,3636.263700,8243.352495,8296.351612
221,-1,10.799999,83.548196,950579.619201,546920.912632,3632.187900,8243.352520,8295.892662
222,-1,10.440000,83.617884,950589.164786,546870.005581,3622.034799,8243.352713,8294.758111
223,-1,10.079998,83.696803,950598.390161,546819.039148,3610.540100,8243.352670,8293.488199
224,-1,9.720000,83.793956,950607.735943,546768.091743,3596.443100,8243.799948,8292.396988
225,-1,9.359999,83.898644,950615.879299,546716.937974,3581.157500,8243.352653,8290.313715
226,-1,8.999999,84.009772,950624.142406,546665.806843,3564.989800,8243.352639,8288.610866
227,-1,8.639999,84.094068,950632.083991,546614.624859,3552.730100,8243.352542,8287.340330
228,-1,8.280000,84.162087,950726.485049,546576.023230,3551.806900,8331.047808,8374.481033
229,-1,7.920000,84.176880,950647.001941,546512.116533,3540.690000,8243.352684,8286.110255
230,-1,7.560000,84.196984,950740.910545,546472.331508,3546.679999,8331.047992,8373.961289
231,-1,7.199998,84.244220,950747.634285,546420.419538,3539.741299,8331.047971,8373.262551
232,-1,6.839999,84.287905,950754.031582,546368.466558,3533.325300,8331.047836,8372.621400
233,-1,6.480000,84.328301,950760.102436,546316.474536,3527.393200,8331.047827,8372.033050
234,-1,6.119999,84.363728,950765.846519,546264.445113,3522.191500,8331.047808,8371.520557
235,-1,5.760001,84.398347,950771.263503,546212.380912,3517.109000,8331.047741,8371.022852
236,-1,5.400000,84.420457,950689.047460,546152.030639,3505.296300,8243.352665,8282.594116
237,-1,5.040000,84.440877,950693.759721,546100.451018,3502.330500,8243.352657,8282.306277
238,-1,4.680000,84.458838,950610.744795,546041.687684,3491.214200,8155.657256,8193.946862
239,-1,4.320000,84.474915,950614.765456,545990.602156,3488.904400,8155.657398,8193.724290
240,-1,3.959999,84.487178,950618.464924,545939.492351,3487.142500,8155.657402,8193.554844
241,-1,3.600000,84.485396,950621.843198,545888.360563,3487.398500,8155.657434,8193.579472
242,-1,3.240000,84.491494,950624.899951,545837.208434,3486.522400,8155.657270,8193.495164
243,-1,2.879999,84.505234,950627.635509,545786.037933,3484.548500,8155.657361,8193.306007
244,-1,2.519999,84.519684,950630.049547,545734.851356,3482.472599,8155.657500,8193.107629
245,-1,2.159999,84.534796,950632.141734,545683.650671,3480.301800,8155.657452,8192.900547
246,-1,1.799999,84.550330,950546.260016,545629.683259,3469.704100,8067.961969,8104.594668
247,-1,1.440000,84.562917,950548.131075,545579.022271,3467.957299,8068.400068,8104.865086
248,-1,1.080000,84.572835,950461.128297,545526.678216,3458.174799,7980.266877,8016.201623
249,-1,0.719999,84.572100,950374.227552,545475.440785,3449.945400,7892.571618,7928.121142
250,-1,0.359999,84.563965,950374.695070,545425.852630,3451.076200,7892.571766,7928.228335
251,-1,0.000000,84.559952,950374.850582,545376.262506,3451.633900,7892.571485,7928.280908
252,-1,359.640000,84.556948,950374.695070,545326.672382,3452.051500,7892.571766,7928.320789
253,-1,359.280000,84.557063,950374.227552,545277.084227,3452.035500,7892.571618,7928.319124
254,-1,358.920001,84.557266,950373.448682,545227.500008,3452.007300,7892.571678,7928.316509
255,-1,358.559999,84.557940,950372.786282,545177.910540,3451.954400,7892.999881,7928.737765
256,-1,358.200000,84.553995,950283.304177,545131.105516,3444.101299,7804.876312,7840.266640
257,-1,357.840001,84.539011,950281.609955,545082.095443,3446.160999,7804.876430,7840.462507
258,-1,357.480000,84.534138,950279.607662,545033.096854,3446.830900,7804.876387,7840.526246
259,-1,357.119999,84.531303,950277.297627,544984.111715,3447.220600,7804.876433,7840.563421
260,-1,356.759999,84.537102,950274.679851,544935.142325,3446.423400,7804.876457,7840.487511
261,-1,356.400000,84.546685,950271.754331,544886.190323,3445.106100,7804.876371,7840.362126
262,-1,356.039998,84.566691,950268.943970,544837.228151,3442.396400,7805.299986,7840.526786
263,-1,355.679999,84.599596,950264.981051,544788.346031,3437.833499,7804.876391,7839.674340
264,-1,355.320001,84.646984,950261.133618,544739.458005,3431.321100,7804.876528,7839.064241
265,-1,354.960000,84.668280,950256.978770,544690.594914,3428.394700,7804.876364,7838.791609
266,-1,354.599999,84.677146,950252.517165,544641.758726,3427.176500,7804.876388,7838.678530
267,-1,354.240000,84.739040,950247.748802,544592.951737,3418.672900,7804.876392,7837.894247
268,-1,353.879999,84.806100,950242.674009,544544.175587,3409.461500,7804.876541,7837.055151
269,-1,353.519999,84.864092,950237.292458,544495.432247,3401.497300,7804.876307,7836.337961
270,-1,353.160000,84.912600,950144.534113,544457.168215,3387.029400,7717.181237,7747.702604
271,-1,352.800000,84.946212,950138.607944,544409.043312,3382.466500,7717.181116,7747.299201
272,-1,352.439999,84.977380,950132.794964,544360.901348,3378.272800,7717.600100,7747.348275
273,-1,352.080000,85.003867,950125.849440,544312.909974,3374.641000,7717.181233,7746.613884
274,-1,351.719999,85.028153,950119.017432,544264.905149,3371.345000,7717.181323,7746.327625
275,-1,351.359998,85.051300,950111.883588,544216.944286,3368.203899,7717.181054,7746.055762
276,-1,350.999999,85.071327,950104.448892,544169.029356,3365.486300,7717.181108,7745.821859
277,-1,350.639999,85.089420,950096.713343,544121.161998,3363.031300,7717.181232,7745.611446
278,-1,350.280000,85.100771,950089.089671,544073.273642,3361.527000,7717.599826,7745.899886
279,-1,349.920000,85.109465,950080.340344,544025.577871,3360.311500,7717.181072,7745.378943
280,-1,349.560000,85.142978,949985.460285,543993.755756,3348.312900,7629.485752,7656.981289
281,-1,349.200000,85.165770,949976.625985,543946.639381,3345.256200,7629.486061,7656.723393
282,-1,348.839999,85.193763,949967.495426,543899.579436,3341.502100,7629.485983,7656.407860
283,-1,348.480000,85.212279,949872.541875,543870.009941,3331.708400,7542.199992,7568.608605
284,-1,348.120000,85.210992,949862.531397,543823.689824,3331.844700,7541.790632,7568.212052
285,-1,347.759999,85.205229,949853.030759,543777.262423,3332.643000,7542.200032,7568.686709
286,-1,347.400000,85.201931,949842.438917,543731.071899,3333.045800,7541.790550,7568.312341
287,-1,347.039999,85.198846,949831.956655,543684.859393,3333.454800,7541.790549,7568.346561
288,-1,346.680000,85.193845,949735.848251,543658.917843,3326.744200,7454.095395,7480.397479
289,-1,346.319999,85.183390,949724.914874,543613.376268,3328.114000,7454.095578,7480.512555
290,-1,345.959999,85.176467,949713.695408,543567.904574,3329.021100,7454.095537,7480.588735
291,-1,345.600000,85.180526,949702.190510,543522.504402,3328.489300,7454.095513,7480.544012
292,-1,345.239999,85.186430,949690.400507,543477.177065,3327.715800,7454.095503,7480.479055
293,-1,344.880000,85.194097,949762.985336,543409.050561,3334.084300,7541.790647,7568.399373
294,-1,344.520000,85.205033,949750.875780,543363.234380,3332.668999,7542.199943,7568.688792
295,-1,344.159999,85.219561,949737.690439,543317.716098,3330.708900,7541.790706,7568.117386
296,-1,343.799999,85.239109,949724.613037,543272.169929,3328.117900,7541.790667,7567.901860
297,-1,343.439999,85.260056,949711.249875,543226.706766,3325.341600,7541.790794,7567.672066
298,-1,343.080000,85.277877,949781.500063,543155.806317,3330.223800,7629.485722,7655.470882
299,-1,342.719998,85.300948,949767.799959,543109.864808,3327.164800,7629.899917,7655.632465
300,-1,342.360000,85.335666,949753.021445,543064.259256,3322.476700,7629.485783,7654.837069
301,-1,342.000001,85.383381,949821.754575,542991.522525,3323.162500,7717.181161,7742.300470
302,-1,341.640000,85.435554,949889.857129,542917.831727,3323.091100,7804.876309,7829.708597
303,-1,341.280000,85.469210,949874.264313,542871.337398,3318.477400,7804.876375,7829.342854
304,-1,340.919999,85.501334,949858.779764,542824.803370,3314.107500,7805.299854,7829.421040
305,-1,340.559999,85.562807,949842.203681,542778.646966,3305.649100,7804.876448,7828.340003
306,-1,340.199999,85.673049,949908.247841,542702.749152,3297.179000,7892.571535,7915.131596
307,-1,339.840000,85.769956,949891.303321,542656.143602,3283.755200,7892.571621,7914.130207
308,-1,339.480000,85.872553,949874.066150,542609.645336,3269.546900,7892.571596,7913.094848
309,-1,339.120000,85.880669,947398.451023,543500.925049,3078.948699,5261.714262,5275.342557
310,-1,338.759998,85.822088,947304.832772,543501.842698,3077.950800,5174.019091,5187.804966
311,-1,338.399999,85.795925,947211.423510,543503.861723,3073.879900,5086.323974,5100.046838
312,-1,338.040001,85.780591,947199.565594,543474.184945,3075.248600,5086.323912,5100.147297
313,-1,337.680001,85.781481,947187.776904,543444.478312,3075.189499,5086.600021,5100.418310
314,-1,337.319999,85.733558,947337.119453,543347.429621,3092.531200,5261.714336,5276.335707
315,-1,336.960000,85.677950,947324.276303,543316.966100,3097.666700,5261.714419,5276.720329
316,-1,336.599999,85.617939,947311.241880,543286.583614,3103.209700,5261.714495,5277.141033
317,-1,336.239999,85.560529,947298.016841,543256.283806,3108.513300,5261.714521,5277.548940
318,-1,335.879998,85.511720,947284.601513,543226.067659,3113.022900,5261.714403,5277.899808
319,-1,335.519999,85.474501,947270.996882,543195.936486,3116.462100,5261.714509,5278.170161
320,-1,335.159998,85.435166,947257.202946,543165.891270,3120.097299,5261.714431,5278.458155
321,-1,334.799998,85.402487,947243.220690,543135.933325,3123.117600,5261.714520,5278.699479
322,-1,334.439999,85.387922,947229.050443,543106.063962,3124.463800,5261.714515,5278.807550
323,-1,334.079999,85.372961,947214.692532,543076.284166,3125.846699,5261.714291,5278.918705
324,-1,333.720001,85.366831,947200.148270,543046.595249,3126.413400,5261.714460,5278.964619
325,-1,333.360000,85.364116,947185.417328,543016.998196,3126.664300,5261.714293,5278.984725
326,-1,332.999998,85.357824,947170.501020,542987.493989,3127.246000,5261.714532,5279.032010
327,-1,332.640000,85.350349,947155.399344,542958.084599,3127.936900,5261.714286,5279.087726
328,-1,332.280000,85.343743,947140.113613,542928.770354,3128.547600,5261.714570,5279.137549
329,-1,331.919999,85.336690,947124.895468,542899.418378,3129.222899,5261.999962,5279.476858
330,-1,331.560000,85.330565,947031.878593,542912.196896,3122.603099,5174.019221,5191.249203
331,-1,331.200001,85.322123,947016.306774,542883.659880,3123.370500,5174.019214,5191.311723
332,-1,330.839999,85.331938,947000.555821,542855.220960,3122.478300,5174.019234,5191.239057
333,-1,330.479999,85.340604,946984.626391,542826.881778,3121.690500,5174.019062,5191.174831
334,-1,330.119999,85.340425,947044.557374,542754.954756,3128.854300,5261.714301,5279.162187
335,-1,329.759999,85.331739,947027.997368,542726.340968,3129.657300,5261.714430,5279.227608
336,-1,329.399999,85.310499,946935.774783,542742.472498,3124.427300,5174.019098,5191.397900
337,-1,329.039999,85.283203,946919.379146,542714.398079,3126.932000,5174.299863,5191.883089
338,-1,328.680001,85.264854,946902.327015,542686.717688,3128.577200,5174.019223,5191.738951
339,-1,328.320000,85.245151,946810.712697,542705.054266,3123.074299,5086.323907,5103.888983
340,-1,327.959998,85.220244,946793.843636,542677.910619,3125.300800,5086.323985,5104.074103
341,-1,327.599999,85.190443,946776.804300,542650.873928,3127.964900,5086.323783,5104.296580
342,-1,327.240000,85.161732,946759.595673,542623.944520,3130.531800,5086.323956,5104.512613
343,-1,326.879998,85.151558,946742.218083,542597.123707,3131.441500,5086.324078,5104.589542
344,-1,326.519998,85.142459,946724.672187,542570.412803,3132.255099,5086.323985,5104.658280
345,-1,326.160001,85.129377,946706.958968,542543.812790,3133.424799,5086.323957,5104.757434
346,-1,325.799999,85.119814,946689.078754,542517.324326,3134.279899,5086.323905,5104.830056
347,-1,325.440000,85.114195,946598.812858,542540.695670,3127.286100,4998.628760,5016.857871
348,-1,325.080001,85.116460,946580.915256,542514.886995,3127.087100,4998.628630,5016.840796
349,-1,324.720000,85.124415,946563.077366,542489.034356,3126.411100,4998.899968,5017.053649
350,-1,324.360000,85.127317,946544.635473,542463.609210,3126.133000,4998.628666,5016.759699
351,-1,324.000000,85.130229,946526.474092,542437.982949,3125.900200,4998.899870,5017.010154
352,-1,323.640000,85.153999,946507.714287,542412.791399,3123.788400,4998.628759,5016.561181
353,-1,323.280000,85.182791,946489.014850,542387.557525,3121.258500,4998.628697,5016.348032
354,-1,322.919998,85.209003,946470.157276,542362.441434,3118.955600,4998.628794,5016.155262
355,-1,322.560000,85.238471,946451.142222,542337.444765,3116.366700,4998.628589,5015.939493
356,-1,322.200001,85.269815,946431.970672,542312.567846,3113.613400,4998.628663,5015.711769
357,-1,321.839999,85.305795,946412.642955,542287.811662,3110.453100,4998.628679,5015.452165
358,-1,321.479999,85.342385,946393.160383,542263.177525,3107.239500,4998.628865,5015.190379
359,-1,321.120000,85.382183,946441.790535,542183.620925,3110.827800,5086.323926,5102.888453
360,-1,320.759998,85.422871,946353.732312,542214.279000,3100.171900,4998.628780,5014.621345
361,-1,320.399999,85.464009,946333.788782,542190.016582,3096.560100,4998.628806,5014.334438
362,-1,320.040001,85.516481,946246.475309,542222.202541,3085.077500,4910.933453,4926.007720
363,-1,319.680000,85.568411,946226.583616,542198.613677,3080.599400,4910.933557,4925.659784
364,-1,319.319999,85.628751,946206.543958,542175.150470,3075.396900,4910.933416,4925.260384
365,-1,318.959999,85.717557,946186.357319,542151.813574,3067.741599,4910.933351,4924.682758
366,-1,318.600000,85.808023,946166.224485,542128.427794,3059.964500,4911.199846,4924.373907
367,-1,318.240000,85.912917,946145.546377,542105.522656,3050.907200,4910.933345,4923.454294
368,-1,317.879998,86.022803,946059.876272,542141.386102,3035.344700,4823.238217,4834.881898
369,-1,317.520000,86.117617,946039.480644,542118.971448,3027.325500,4823.238318,4834.332411
370,-1,317.159999,86.176336,945890.338226,542215.942711,3010.637800,4647.847698,4658.216834
371,-1,316.799999,86.224164,945870.598108,542194.419132,3006.757500,4648.099931,4658.211366
372,-1,316.439997,86.284283,945850.356350,542173.366353,3001.843100,4647.847690,4657.638608
373,-1,316.080000,86.367447,945830.165774,542152.267642,2995.069000,4647.847683,4657.204505
374,-1,315.720001,86.436881,945747.058656,542192.521826,2983.953599,4560.152441,4568.984562
375,-1,315.360000,86.510914,945726.990455,542172.071408,2978.039000,4560.152672,4568.621025
376,-1,314.999999,86.619154,945706.793973,542151.747629,2969.393100,4560.152670,4568.103000
377,-1,314.639999,86.721644,945686.470195,542131.551148,2961.208400,4560.152672,4567.627635
378,-1,314.280000,86.816233,945666.192676,542111.305781,2953.669800,4560.399993,4567.449667
379,-1,313.919999,86.904297,945645.444030,542091.543354,2946.626000,4560.152662,4566.816910
380,-1,313.560000,86.994450,945624.743284,542071.733682,2939.430400,4560.152620,4566.433929
381,-1,313.200000,87.030538,945484.018172,542179.735106,2927.464600,4384.999987,4390.895698
382,-1,312.840000,87.074415,945463.712766,542161.112440,2924.085500,4384.761871,4390.484139
383,-1,312.479999,87.108321,945384.229330,542207.119238,2917.054300,4297.066930,4302.545383
384,-1,312.120000,87.135977,945364.416377,542188.775443,2914.986600,4297.300208,4302.674554
385,-1,311.759998,87.168315,945344.331772,542170.729547,2912.555200,4297.299973,4302.553518
386,-1,311.400001,87.202929,945323.980434,542152.985160,2909.941400,4297.066830,4302.192317
387,-1,311.040000,87.235167,945303.672076,542135.193857,2907.517900,4297.066945,4302.074849
388,-1,310.680001,87.267243,945283.252169,542117.530834,2905.106700,4297.066704,4301.958974
389,-1,310.319999,87.309862,945262.872617,542099.818271,2901.914200,4297.299983,4302.040967
390,-1,309.960000,87.358977,945242.081648,542082.590944,2898.211700,4297.066729,4301.635777
391,-1,309.600001,87.410466,945221.332674,542065.315716,2894.342099,4297.066807,4301.459286
392,-1,309.239997,87.444949,945145.001790,542116.091205,2887.837400,4209.371574,4213.560482
393,-1,308.880002,87.477362,945124.608786,542099.247734,2885.461500,4209.599980,4213.683420
394,-1,308.519997,87.514860,945103.966439,542082.710038,2882.701200,4209.600025,4213.562875
395,-1,308.159999,87.554059,945083.079669,542066.482380,2879.806100,4209.371461,4213.209979
396,-1,307.800000,87.590979,945062.232598,542050.206494,2877.088800,4209.371528,4213.094955
397,-1,307.439998,87.625556,945041.283493,542034.061841,2874.544100,4209.371542,4212.988775
398,-1,307.080002,87.659817,945020.233667,542018.049406,2872.022800,4209.371523,4212.885052
399,-1,306.720000,87.705005,944999.083446,542002.169188,2868.697499,4209.371669,4212.750727
400,-1,306.360001,87.756604,944977.833817,541986.422501,2864.900700,4209.371523,4212.600249
401,-1,306.000001,87.804769,944956.619949,541970.624632,2861.365600,4209.599978,4212.691637
402,-1,305.639997,87.849489,944935.172813,541955.145004,2858.075200,4209.600045,4212.566950
403,-1,305.280000,87.894746,944913.497331,541939.987226,2854.737100,4209.371675,4212.214794
404,-1,304.920001,87.935447,944891.858595,541924.779579,2851.743000,4209.371419,4212.105612
405,-1,304.559998,87.976166,944870.254308,541909.519767,2848.755699,4209.599841,4212.227330
406,-1,304.200001,88.017216,944848.297003,541894.773078,2845.728099,4209.371612,4211.893404
407,-1,303.840000,88.069344,944826.375458,541879.975863,2841.893900,4209.371454,4211.762329
408,-1,303.479998,88.121664,944804.361395,541865.316444,2838.045900,4209.371502,4211.634495
409,-1,303.120001,88.174063,944782.380796,541850.604531,2834.199500,4209.599978,4211.738535
410,-1,302.760001,88.227334,944760.059646,541836.414271,2830.274699,4209.371658,4211.387094
411,-1,302.400000,88.340034,944737.773273,541822.172501,2821.987500,4209.371656,4211.138883
412,-1,302.040000,88.421254,944761.921191,541733.733702,2818.432700,4297.066926,4298.698695
413,-1,301.679999,88.506027,944738.989478,541719.482418,2812.070300,4297.066715,4298.527900
414,-1,301.319998,88.569827,944761.678081,541630.255890,2809.477700,4385.000033,4386.366453
415,-1,300.960000,88.639213,944737.974060,541616.212283,2804.158600,4384.761960,4385.998912
416,-1,300.599999,88.709097,944714.304488,541602.113558,2798.807600,4384.761980,4385.875120
417,-1,300.239999,88.777885,944690.666740,541587.958403,2793.545900,4384.999881,4385.997582
418,-1,299.880000,88.842288,944666.702221,541574.363942,2788.610000,4384.761918,4385.657169
419,-1,299.519998,88.901505,944642.771167,541560.713707,2784.076500,4384.762094,4385.568091
420,-1,299.160000,88.962224,944576.139082,541623.591862,2777.843800,4297.299920,4298.004916
421,-1,298.799999,89.005285,944552.519051,541610.509867,2774.613100,4297.299897,4297.947593
422,-1,298.439999,89.045318,944528.706434,541597.781546,2771.605800,4297.066815,4297.663388
423,-1,298.079999,89.082210,944504.925314,541584.998107,2768.838200,4297.066844,4297.618196
424,-1,297.720002,89.130543,944481.064469,541572.364602,2765.212499,4297.066700,4297.561506
425,-1,297.360002,89.190815,944457.124557,541559.881031,2760.691200,4297.066691,4297.495267
426,-1,297.000000,89.252314,944433.106560,541547.548050,2756.078100,4297.066693,4297.432596
427,-1,296.640001,89.309269,944409.011792,541535.366316,2751.805900,4297.066722,4297.378999
428,-1,296.279997,89.382579,944384.943927,541523.126839,2746.309599,4297.300073,4297.549592
429,-1,295.919998,89.453210,944360.696600,541511.248254,2741.011600,4297.300022,4297.495716
430,-1,295.559999,89.521036,944336.375126,541499.522228,2735.924100,4297.299997,4297.450152
431,-1,295.199998,89.605246,944349.219917,541408.811123,2730.210400,4384.762080,4384.866151
432,-1,294.840001,89.651502,944324.355137,541396.943365,2726.671800,4384.999995,4385.081110
433,-1,294.480000,89.721308,955673.967280,516402.948077,2854.849800,31835.099907,31835.476509
434,-1,294.119999,89.728139,955491.663183,516320.634594,2851.054099,31835.099931,31835.458297
435,-1,293.760000,89.752619,955272.816836,516321.311758,2837.066300,31745.677164,31745.973064
436,-1,293.400000,89.786826,955090.692200,516239.939217,2818.119200,31747.400142,31747.619878
437,-1,293.040000,89.806276,954872.379645,516243.579302,2807.039600,31657.981967,31658.162924
438,-1,292.679999,89.858145,954655.276076,516247.219714,2778.162700,31570.286495,31570.383254
439,-1,292.320000,89.885432,954338.794754,516495.809440,2762.425800,31219.505646,31219.568058
440,-1,291.959999,89.869833,954157.100563,516421.883407,2770.925700,31219.505525,31219.586091
441,-1,291.599999,89.849406,953911.000334,516510.607639,2781.599300,31045.800038,31045.907273
442,-1,291.240000,89.817012,953697.636259,516521.111883,2798.872300,30958.099969,30958.257856
443,-1,290.879999,89.802831,953391.084379,516778.976197,2805.327399,30607.300059,30607.481288
444,-1,290.520000,89.799766,952380.620849,518930.090989,2798.684200,28237.867436,28238.039873
445,-1,290.159999,89.720664,952789.066882,517302.769440,2845.801300,29905.699914,29906.055329
446,-1,289.800000,89.662518,952582.218214,517322.602406,2875.625499,29816.381658,29816.898891
447,-1,289.440000,89.621630,951910.091606,518664.075445,2887.069000,28327.099856,28327.717541
448,-1,289.079999,89.486945,950652.238479,521756.165389,2923.806900,24993.143541,24994.145587
449,-1,288.719999,89.394680,950532.250858,521620.953389,2964.998700,25082.199994,25083.599839
450,-1,288.360000,89.312612,950382.405357,521572.135245,3000.913500,25080.838693,25082.643769
451,-1,288.000000,89.237298,950259.783883,521439.564316,3035.054399,25168.533944,25170.764040
452,-1,287.639999,89.145460,950109.646388,521389.867893,3075.425200,25169.899846,25172.699544
453,-1,287.280000,89.052191,949958.380286,521343.721660,3116.385299,25168.534094,25171.978174
454,-1,286.920000,88.909413,949781.710364,521381.121848,3177.454400,25080.838742,25085.382889
455,-1,286.559999,88.793553,949656.185353,521250.364892,3230.067400,25169.900012,25175.480891
456,-1,286.200000,88.713593,949577.474880,520954.438646,3271.087600,25431.619764,25438.031073
457,-1,285.839999,88.696754,949448.203485,520824.642974,3280.591900,25520.699916,25527.303249
458,-1,285.479999,88.813182,949363.653129,520529.152423,3234.129600,25782.400742,25787.932884
459,-1,285.120000,88.974359,949207.764333,520485.055399,3161.600000,25783.800009,25787.931624
460,-1,284.759999,89.149404,949051.236431,520443.289406,3082.806500,25783.800108,25786.641675
461,-1,284.400000,89.404103,948872.639348,520487.452704,2967.258200,25696.100044,25697.489847
462,-1,284.039999,89.540077,948716.133099,520447.792350,2906.271299,25696.100094,25696.927985
463,-1,283.680000,89.662070,948559.381116,520409.116246,2851.557100,25696.100118,25696.547061
464,-1,283.319999,89.788689,948382.183636,520456.766741,2794.445900,25608.399847,25608.574008
465,-1,282.959999,89.871613,948225.494316,520420.188402,2757.382600,25608.400100,25608.464391
466,-1,282.599999,89.972263,948087.405354,520300.368760,2712.438800,25694.705437,25694.708448
467,-1,282.240000,89.900270,955273.585207,486413.449657,2805.019000,60334.325313,60334.416712
468,-1,281.879999,89.877503,954885.480668,486416.860740,2828.812400,60249.900131,60250.037829
469,-1,281.519999,89.832112,954479.105169,486515.154835,2876.021100,60071.239641,60071.497530
470,-1,281.160000,89.943189,954109.666603,486437.740291,2759.566100,60074.499923,60074.529454
471,-1,280.800000,89.988266,953689.209767,486627.475476,2712.248500,59808.153896,59808.155150
472,-1,280.439999,90.008423,953320.449350,486555.028114,2691.206600,59811.399831,59811.400477
473,-1,280.080000,90.024274,947041.087236,519731.413861,2688.964800,26046.899885,26046.902223
474,-1,279.720000,90.021997,946879.867086,519703.276450,2690.000000,26046.899875,26046.901795
475,-1,279.360000,90.035460,946689.718188,519850.602599,2683.989000,25870.095813,25870.100767
476,-1,278.999999,90.084610,946529.253614,519824.670236,2661.796800,25870.096061,25870.124269
477,-1,278.639999,90.116949,946342.281219,519973.147302,2647.553000,25694.705261,25694.758787
478,-1,278.280000,90.187988,946157.535198,520121.587294,2616.265600,25520.699980,25520.837347
479,-1,277.919999,90.224554,945986.509293,520187.224301,2600.327399,25431.619589,25431.814908
480,-1,277.560000,90.274989,1003769.840905,83588.373419,464.207500,465837.117176,465842.482505
481,-1,277.200000,90.274479,998405.138708,102701.247267,562.464999,446193.383348,446198.503358
482,-1,276.839999,90.270613,995518.201240,103229.324623,596.710500,445316.430997,445321.398030
483,-1,276.479999,90.221840,985853.145767,163530.044901,1212.035500,384301.399913,384304.280503
484,-1,276.120000,90.243451,990306.497096,99347.345182,793.934399,448585.500118,448589.549590
485,-1,275.759999,90.254597,951970.535711,451312.996236,2279.899300,94540.600140,94541.533515
486,-1,275.399999,90.222077,951379.335450,451255.237166,2333.560000,94540.599865,94541.310024
487,-1,275.039999,90.243864,976734.849043,156990.702336,1040.512300,389893.039045,389896.570638
488,-1,274.680000,90.258061,977973.542432,111834.557084,740.771299,434992.000056,434996.412272
489,-1,274.320000,90.255595,977321.280613,84185.586464,636.762799,462504.698024,462509.300060
490,-1,273.959999,90.249262,973114.718488,102872.739050,770.292799,443562.526160,443566.723710
491,-1,273.600000,90.254708,969865.754185,110128.392190,761.264100,436108.430694,436112.740033
492,-1,273.240000,90.241459,966690.682123,117734.121401,894.903999,428326.800032,428330.603620
493,-1,272.879999,90.229049,962275.947843,151925.436548,1125.115300,393948.399881,393951.547821
494,-1,272.519999,90.219650,959621.286485,155947.886180,1205.622600,389805.343552,389808.208001
495,-1,272.160000,90.226481,957127.840357,157074.747116,1164.006200,388577.610418,388580.646193
496,-1,271.799999,90.221230,954698.815031,156639.784075,1198.260400,388928.391112,388931.290377
497,-1,271.440000,90.204901,952276.452422,155760.546332,1306.206800,389738.799865,389741.292116
498,-1,271.080000,90.158878,949822.890072,155990.885438,1620.059500,389454.562745,389456.060056
499,-1,270.720000,90.147297,947359.915667,157246.710026,1702.108200,388160.199977,388161.482677
500,-1,270.359999,90.165872,944969.085147,149593.975004,1554.173100,395790.100058,395791.758661
501,-1,270.000000,90.181245,942482.279097,87344.021748,1251.089200,458032.240757,458034.532449
502,-1,269.639999,90.134820,941272.764455,352878.562200,2247.032300,192501.500120,192502.033049
503,-1,269.279999,90.147143,940059.991290,352626.882257,2204.951600,192764.600132,192765.235811
504,-1,268.919999,90.133411,934857.366197,140909.983842,1758.043600,404538.143903,404539.240562
505,-1,268.560000,90.077923,941457.461265,504608.641285,2644.537300,40780.500138,40780.537854
506,-1,268.199999,90.030203,941198.647478,504530.445248,2678.457800,40865.982156,40865.987834
507,-1,267.840000,89.955433,934073.724064,322438.087320,2873.531700,223096.691488,223096.758977
508,-1,267.480000,89.945652,940708.613681,505075.463186,2738.264100,40339.810544,40339.828692
509,-1,267.120000,89.864920,940464.135823,505260.394575,2794.696400,40166.600081,40166.711709
510,-1,266.760000,89.834549,940212.121892,505273.866661,2815.987500,40166.600132,40166.767598
511,-1,266.400000,89.788790,939993.372985,505816.230734,2846.119200,39638.248793,39638.518113
512,-1,266.039999,89.671960,939762.881648,506092.975587,2925.452000,39377.299978,39377.945378
513,-1,265.680000,89.562697,939516.273874,506112.968329,3000.531800,39375.162940,39376.309831
514,-1,265.319999,89.443801,939262.305550,506042.841501,3083.118500,39465.000159,39466.859735
515,-1,264.960000,89.317313,938930.481738,505102.879470,3181.747700,40429.700043,40432.570119
516,-1,264.599999,89.178939,938776.547663,506173.720504,3264.323600,39377.299867,39381.343374
517,-1,264.239999,89.087590,938371.874588,504627.148138,3352.259500,40955.900026,40961.093606
518,-1,263.879999,89.022294,938125.273047,504740.978947,3397.450000,40868.200004,40874.150854
519,-1,263.520000,88.962888,937870.041930,504769.156712,3439.836300,40868.200016,40874.896089
520,-1,263.159999,88.955233,937625.700883,504888.210936,3443.659100,40778.286769,40785.067128
521,-1,262.800000,88.972971,937360.135470,504830.320632,3432.642100,40868.199835,40874.766326
522,-1,262.440000,89.048066,937047.789638,504428.615727,3386.348000,41306.699849,41312.401600
523,-1,262.080000,89.140254,936392.168574,501599.451110,3363.263800,44198.401127,44203.377485
524,-1,261.719999,89.231521,936104.257404,501549.420698,3294.054399,44288.499902,44292.483834
525,-1,261.359999,89.348589,935855.362561,501763.769350,3201.554999,44113.099891,44115.951076
526,-1,261.000000,89.457387,935568.125930,501722.017137,3118.587799,44198.401019,44200.383125
527,-1,260.639999,89.592599,935265.059607,501590.889775,3015.541400,44376.199953,44377.321783
528,-1,260.280000,89.723807,935019.705767,501809.982841,2913.070300,44200.800044,44201.313594
529,-1,259.920000,89.860721,920440.365175,421382.986871,3006.138400,125937.200111,125937.572204
530,-1,259.560000,89.835393,919598.165744,421178.934457,3062.816500,126287.999977,126288.521149
531,-1,259.200000,89.829329,918391.000836,419085.358920,3082.975400,128568.199865,128568.770262
532,-1,258.840000,89.945350,917462.178218,418550.887548,2823.298500,129269.799957,129269.858759
533,-1,258.480000,90.070000,918802.586955,429194.457140,2555.138100,118570.399838,118570.488330
534,-1,258.119999,90.031905,918036.958893,429173.890252,2633.874800,118745.799914,118745.818325
535,-1,257.759999,90.068589,917288.732043,429244.070886,2557.742300,118833.500089,118833.585239
536,-1,257.399999,90.092952,916483.029586,429062.306486,2506.644499,119184.299889,119184.456731
537,-1,257.040000,90.131651,915693.719813,428971.561261,2425.539000,119447.400057,119447.715379
538,-1,256.679999,90.121154,860611.000254,199575.586326,1948.573900,355360.400080,355361.194542
539,-1,256.320000,90.065727,881649.037575,295449.164592,2404.920600,257224.099854,257224.269106
540,-1,255.960000,90.027974,879122.492431,292007.717079,2572.484600,261170.600141,261170.631270
541,-1,255.600000,89.997207,878276.820238,295312.510338,2712.583000,258174.787877,258174.788184
542,-1,255.239999,90.023472,877060.825294,297064.205325,2594.803100,256785.599983,256785.621531
543,-1,254.879999,90.013387,875341.805766,296887.511453,2639.857699,257399.499919,257399.506945
544,-1,254.520000,90.054229,868444.975072,278044.036345,2437.448099,277395.100049,277395.224301
545,-1,254.160000,90.088925,866096.488955,276152.145115,2265.660200,279850.700053,279851.037109
546,-1,253.800000,90.153901,862820.357712,271178.130129,1933.023900,285535.702702,285536.732785
547,-1,253.440000,90.097472,858795.037351,263935.478276,2200.489700,293619.599923,293620.024810
548,-1,253.080000,90.103543,857743.024691,266816.154601,2173.817400,291164.000098,291164.475548
549,-1,252.720000,90.123801,856593.626727,269280.139502,2075.224700,289146.899937,289147.574929
550,-1,252.360000,90.143180,849412.450801,252692.101156,1932.503400,307125.399867,307126.358841
551,-1,252.000000,90.131174,847548.210435,253199.241874,1996.657200,307213.099945,307213.905070
552,-1,251.639999,90.163585,801550.658730,120730.605565,1422.565700,447421.116598,447422.940198
553,-1,251.280000,90.163312,784100.491202,77994.708754,1293.389000,493487.900079,493489.904738
554,-1,250.919999,90.187432,806452.238493,152101.022155,1338.679800,416136.499984,416138.726643
555,-1,250.560000,90.171755,827013.467056,218213.994260,1659.968900,346941.200087,346942.758942
556,-1,250.199999,90.152639,824877.399478,218716.142862,1775.076700,347185.456890,347186.688914
557,-1,249.839999,90.175932,822397.621629,218291.253291,1630.100700,348432.099858,348433.742477
558,-1,249.480000,90.187825,812113.127106,197058.829549,1480.792800,371915.514455,371917.512842
559,-1,249.119999,90.193902,823454.397730,233346.274034,1569.793000,333961.599960,333963.512402
560,-1,248.759999,90.193875,787341.801977,146226.968286,1250.936000,428239.099939,428241.551584
561,-1,248.400000,90.175134,792746.660262,167187.259371,1456.684899,406752.600041,406754.500248
562,-1,248.040000,90.173360,772302.681465,123318.881229,1323.065900,455075.299858,455077.382967
563,-1,247.679999,90.177308,772418.643175,131130.204517,1314.235200,447796.200098,447798.344309
564,-1,247.320000,90.166193,797751.014098,199045.513568,1611.227199,375355.999989,375357.579055
565,-1,246.960000,90.153730,827498.652765,275016.746796,1911.715400,293795.000058,293796.057584
566,-1,246.600000,90.190381,825419.086058,274859.184447,1720.573999,294759.699901,294761.327112
567,-1,246.239999,90.150703,834469.369139,300014.427771,1994.861800,268084.349901,268085.277256
568,-1,245.879999,90.178040,833999.067258,303085.943610,1875.086100,265467.899908,265469.181572
569,-1,245.520000,90.179912,817070.390813,269930.233347,1749.645500,302652.699810,302654.191902
570,-1,245.160000,90.168856,750537.968432,130731.201706,1353.416600,456916.999948,456918.984207
571,-1,244.799999,90.186448,812281.822963,268686.209260,1704.902900,305793.303299,305794.922392
572,-1,244.439999,90.203969,811446.877454,271393.578189,1618.821400,303705.100038,303707.024509
573,-1,244.080000,90.187248,823988.631242,301564.857413,1814.076300,271080.699857,271082.147505
574,-1,243.720000,90.184118,822614.387599,302628.724380,1830.012000,270729.899860,270731.297705
575,-1,243.360000,90.198478,820862.197534,302929.482309,1760.388500,271241.378604,271243.006061
576,-1,242.999999,90.231257,801616.926314,268912.441419,1447.626399,310282.600196,310285.127623
577,-1,242.639999,90.227919,796988.570413,264210.187372,1440.654400,316579.817854,316582.322665
578,-1,242.280000,90.186485,793911.443365,262630.371962,1660.404500,319403.399871,319405.091706
579,-1,241.920000,90.216083,792137.842910,263569.444887,1495.407700,319403.400027,319405.671508
580,-1,241.559999,90.148302,840865.380953,357752.936310,2147.708700,213374.099930,213374.814696
581,-1,241.200000,90.068076,839604.022911,358241.409086,2446.268600,213549.500023,213549.650760
582,-1,240.839999,90.016413,841806.073297,364941.726066,2640.810800,206621.200157,206621.208635
583,-1,240.480000,90.037299,836396.358067,358022.654602,2559.836700,215303.499821,215303.545444
584,-1,240.119999,90.079213,836182.480542,360365.832003,2405.001500,213374.100039,213374.303963
585,-1,239.760000,90.121351,829015.317055,350733.193459,2222.814100,225301.300046,225301.805383
586,-1,239.399999,90.086892,828017.801005,351827.400261,2358.983100,224862.799994,224863.058579
587,-1,239.040000,90.162776,834970.023977,366162.538257,2106.264000,208989.100098,208989.943496
588,-1,238.680000,90.165311,844057.828308,383623.700185,2153.697200,189344.299968,189345.088072
589,-1,238.319999,90.246185,848570.394086,393201.173812,1931.650700,178820.300204,178821.950906
590,-1,237.959999,90.286857,848453.574766,395132.384188,1812.613100,177241.699974,177243.921378
591,-1,237.600000,90.281419,823733.470007,358258.080641,1611.471200,221617.900100,221620.573367
592,-1,237.240000,90.294583,847142.504554,397210.825242,1794.123000,176189.299929,176191.628696
593,-1,236.879999,90.281705,845686.334894,397004.820076,1828.982399,177154.000075,177156.141340
594,-1,236.519999,90.300272,844804.385870,397689.080519,1772.032600,177066.299866,177068.731491
595,-1,236.160000,90.341284,844073.726242,398597.092810,1647.375300,176715.499975,176718.634982
596,-1,235.799999,90.354675,818900.435382,363531.101919,1338.967099,219863.900004,219868.112593
597,-1,235.439999,90.326773,816914.574196,363083.369218,1437.539900,221354.799941,221358.400027
598,-1,235.079999,90.336428,805580.613924,349278.238036,1295.699900,239157.899990,239162.022877
599,-1,234.719999,90.317334,815748.157566,366250.695889,1484.694099,219425.400024,219428.765535
600,-1,234.360000,90.309892,815391.717005,368119.619645,1520.310600,218109.899846,218113.090112
601,-1,233.999999,90.338756,779845.920315,321526.518933,1064.054900,276693.499915,276698.336120
602,-1,233.640000,90.289588,894130.908280,479698.110726,2287.787900,81556.573500,81557.615217
603,-1,233.279999,90.251621,893873.859582,480210.549990,2342.967500,81297.899945,81298.683923
604,-1,232.920000,90.213726,893148.112017,480097.450478,2394.775299,81824.100002,81824.669282
605,-1,232.560000,90.161795,892738.929765,480408.712651,2468.939300,81824.099976,81824.426218
606,-1,232.200000,90.144881,892495.679923,480933.927152,2493.770699,81556.573510,81556.834252
607,-1,231.840000,90.114646,892251.590188,481452.664303,2537.326700,81297.899821,81298.062572
608,-1,231.479999,90.088360,891304.755468,481083.376000,2573.271900,82174.899939,82174.997657
609,-1,231.119999,90.007742,890956.852620,481474.472003,2688.907500,82087.199995,82087.200745
610,-1,230.760000,89.955660,890611.842155,481867.398710,2763.457700,81999.500053,81999.524608
611,-1,230.400000,89.914323,890157.928693,482126.987758,2822.748500,82087.199984,82087.291759
612,-1,230.040000,89.864493,889761.557111,482456.997597,2894.140000,82087.200119,82087.429694
613,-1,229.680000,89.805271,889310.520283,482722.625346,2979.285300,82174.899967,82175.374565
614,-1,229.320000,89.738221,888746.410519,482858.422975,3076.654000,82437.999923,82438.860373
615,-1,228.960000,89.676898,888239.497491,483064.991459,3165.877200,82613.399977,82614.713564
616,-1,228.599999,89.641788,887791.060395,483341.252062,3217.051200,82701.099895,82702.716193
617,-1,228.239999,89.651921,886759.863311,482966.499858,3208.285300,83665.800030,83667.343980
618,-1,227.880000,89.645726,886251.195693,483187.742198,3218.417500,83841.199888,83842.802645
619,-1,227.519999,89.642833,885802.339307,483477.597918,3223.196700,83928.899982,83930.530721
620,-1,227.159999,89.706448,885414.539886,483834.947925,3130.008000,83928.900022,83930.001583
621,-1,226.800000,89.777268,937379.322767,539942.165763,2728.978800,7454.500031,7454.556357
622,-1,226.440000,89.756651,937405.715431,540037.887684,2731.288700,7366.800146,7366.866591
623,-1,226.080000,89.733536,937372.273897,540069.889917,2734.260800,7366.800065,7366.879733
624,-1,225.720000,89.701928,937277.804926,540039.313862,2738.781099,7454.500132,7454.601008
625,-1,225.359999,89.649777,937244.374874,540072.119899,2745.566400,7454.499945,7454.639208
626,-1,225.000000,89.606886,937149.138188,540043.121597,2751.748800,7542.200202,7542.377731
627,-1,224.639999,89.546515,937115.734712,540076.736031,2759.696200,7542.199910,7542.436153
628,-1,224.280000,89.529156,937082.542849,540110.559127,2761.981400,7542.200184,7542.454860
629,-1,223.919999,89.511836,937049.564240,540144.590555,2764.261600,7542.200084,7542.473842
630,-1,223.559999,89.498534,937016.800198,540178.828347,2766.012700,7542.200038,7542.488919
631,-1,223.200000,89.489360,936920.321389,540153.236535,2768.002100,7629.899989,7630.203020
632,-1,222.839999,89.481960,936887.614105,540188.286333,2768.987599,7629.899942,7630.211820
633,-1,222.479998,89.475610,936855.127621,540223.540856,2769.833300,7629.900007,7630.219578
634,-1,222.120001,89.466390,936822.863578,540258.998462,2771.061100,7629.900084,7630.230991
635,-1,221.759999,89.457992,936790.822632,540294.658496,2772.179600,7629.900130,7630.241536
636,-1,221.400001,89.450939,936759.006751,540330.518988,2773.118900,7629.899998,7630.250347
637,-1,221.039999,89.446899,936727.416591,540366.578956,2773.656900,7629.899850,7630.255374
638,-1,220.679999,89.439486,936629.545067,540345.670533,2775.502200,7717.600094,7717.969409
639,-1,220.319999,89.430770,936598.052676,540382.543491,2776.676300,7717.600026,7717.980916
640,-1,219.959999,89.418684,936499.571246,540363.287952,2779.194300,7805.299937,7805.701688
641,-1,219.599999,89.370891,936265.470008,540233.270823,2788.594700,8068.400008,8068.886398
642,-1,219.239999,89.260234,936233.278471,540272.433475,2804.179699,8068.400064,8069.072623
643,-1,218.879999,89.059801,935791.706848,539981.506235,2841.046200,8594.600179,8595.757457
644,-1,218.520000,88.791252,935826.558812,540078.269165,2879.493500,8506.899902,8508.793325
645,-1,218.159999,88.633440,935793.402055,540120.192637,2902.936200,8506.899937,8509.320163
646,-1,217.799999,88.522704,935829.805853,540216.075320,2917.126000,8419.200202,8421.999510
647,-1,217.439999,88.448832,935797.515235,540257.975826,2927.988600,8419.199867,8422.286222
648,-1,217.079999,88.425058,935765.488068,540300.078104,2931.484600,8419.200068,8422.381784
649,-1,216.720000,88.379333,935804.023753,540394.817088,2935.727400,8331.500038,8334.834149
650,-1,216.359999,88.343176,935772.856492,540436.876059,2940.989300,8331.499874,8334.984463
651,-1,215.999999,88.262066,935812.904640,540530.678365,2950.133100,8243.800173,8247.594065
652,-1,215.640001,88.224560,935782.591053,540572.678609,2955.534600,8243.799981,8247.759457
653,-1,215.279999,88.196868,935752.541572,540614.868813,2959.522900,8243.799915,8247.883921
654,-1,214.919999,88.198631,935722.757839,540657.246681,2959.269000,8243.799972,8247.875993
655,-1,214.559999,88.209297,935693.241166,540699.810901,2957.732800,8243.799830,8247.827704
656,-1,214.200000,88.216935,935663.992208,540742.559503,2956.632700,8243.800071,8247.793641
657,-1,213.840000,88.222297,935635.012608,540785.491176,2955.860500,8243.800081,8247.769660
658,-1,213.480000,88.244298,935533.154544,540780.224782,2955.380200,8331.500153,8335.413238
659,-1,213.119999,88.285500,935577.865412,540871.896843,2946.758300,8243.799994,8247.492225
660,-1,212.759999,88.310514,935549.700114,540915.367228,2943.156099,8243.799975,8247.385216
661,-1,212.400000,88.347285,935521.808438,540959.013466,2937.860900,8243.800147,8247.230970
662,-1,212.040000,88.371069,935494.191695,541002.834245,2934.436100,8243.800112,8247.132869
663,-1,211.680000,88.393091,935466.850870,541046.827923,2931.265000,8243.799912,8247.043137
664,-1,211.319999,88.451262,935514.707074,541136.580368,2920.517700,8156.099835,8159.080375
665,-1,210.959999,88.460307,935488.205815,541180.442157,2919.229300,8156.100138,8159.045958
666,-1,210.600001,88.457522,935537.468183,541269.112584,2917.264400,8068.400033,8071.324731
667,-1,210.239999,88.456676,935511.799271,541312.829032,2917.383600,8068.400126,8071.328033
668,-1,209.879999,88.470318,935486.405949,541356.705912,2915.461200,8068.399860,8071.276220
669,-1,209.519999,88.494604,935461.288546,541400.741257,2912.038799,8068.399935,8071.185660
670,-1,209.160001,88.542600,935513.033521,541487.665296,2903.044200,7980.699979,7983.282476
671,-1,208.799999,88.554967,935488.738294,541531.531022,2901.320500,7980.700040,7983.238884
672,-1,208.439999,88.563307,935541.835301,541617.314315,2897.958600,7893.000164,7895.482201
673,-1,208.080000,88.568803,935518.354376,541660.996314,2897.201000,7893.000087,7895.463166
674,-1,207.719999,88.573116,935572.783073,541745.618849,2894.421900,7805.300036,7807.721084
675,-1,207.360000,88.576752,935550.107594,541789.103670,2893.926300,7805.300139,7807.708862
676,-1,206.999998,88.585058,935527.705736,541832.730551,2892.794100,7805.300080,7807.680764
677,-1,206.640000,88.607025,935505.578483,541876.496868,2889.799799,7805.300184,7807.607504
678,-1,206.280000,88.629256,935483.726821,541920.401635,2886.769600,7805.300014,7807.534258
679,-1,205.920000,88.656200,935541.029200,542002.777783,2881.039699,7717.599970,7719.723096
680,-1,205.559999,88.663643,935519.970187,542046.457486,2880.036500,7717.599810,7719.699474
681,-1,205.200000,88.666703,935499.185780,542090.268094,2879.624200,7717.600116,7719.690175
682,-1,204.840000,88.658644,935558.263745,542171.050412,2878.656700,7629.899943,7631.991310
683,-1,204.479999,88.643118,935538.261489,542214.618239,2880.725500,7629.900065,7632.040141
684,-1,204.119998,88.631455,935518.533510,542258.311065,2882.279500,7629.899985,7632.077017
685,-1,203.760000,88.613683,935499.080465,542302.126594,2884.647500,7629.900047,7632.134002
686,-1,203.399999,88.592157,935479.903010,542346.063842,2887.515700,7629.900052,7632.203937
687,-1,203.040000,88.567051,935461.002129,542390.120512,2890.861099,7629.900016,7632.286828
688,-1,202.680000,88.539061,935523.296624,542468.110842,2892.354100,7542.200153,7544.652626
689,-1,202.320000,88.486384,935505.161817,542511.892578,2899.293000,7542.199984,7544.832556
690,-1,201.959998,88.413964,935568.639053,542588.583698,2906.404800,7454.500103,7457.357087
691,-1,201.599999,88.338216,935551.260150,542632.078034,2916.267900,7454.500120,7457.636613
692,-1,201.240000,88.275944,935615.897488,542707.452227,2921.737200,7366.800166,7370.136503
693,-1,200.879999,88.239201,935517.323867,542719.390195,2929.161800,7454.500106,7458.021652
694,-1,200.520001,88.211080,935582.903460,542793.946148,2930.085000,7366.799980,7370.392191
695,-1,200.160000,88.159115,935566.814581,542837.346980,2936.773000,7366.799950,7370.603975
696,-1,199.800000,88.103469,935550.998668,542880.847877,2943.935400,7366.800021,7370.837607
697,-1,199.439999,88.032268,935535.456376,542924.447528,2953.100400,7366.800024,7371.146614
698,-1,199.080000,87.955186,935520.188362,542968.143634,2963.023400,7366.800112,7371.494095
699,-1,198.719999,87.883137,935505.195282,543011.935214,2972.299300,7366.799990,7371.830777
700,-1,198.359998,87.796238,935490.477464,543055.819968,2983.488200,7366.800095,7372.252654
701,-1,198.000000,87.741348,935392.628250,543072.695263,2994.015499,7454.500062,7460.295992
702,-1,197.639998,87.682769,935461.870894,543143.862443,2998.100300,7366.799941,7372.828844
703,-1,197.280000,87.653481,935364.241496,543161.966081,3005.465900,7454.499845,7460.755817
704,-1,196.920000,87.656982,935350.469213,543206.733380,3005.009700,7454.499905,7460.737212
705,-1,196.559995,87.577184,940548.844643,544801.350270,2785.346200,2017.100112,2018.904861
706,-1,196.199996,87.395815,940545.270832,544813.509694,2791.743600,2017.099835,2019.185141
707,-1,195.840001,87.239348,940541.773135,544825.691100,2797.264100,2017.099962,2019.443627
708,-1,195.480002,87.073122,940453.833351,544814.487055,2807.614500,2104.800181,2107.549449
709,-1,195.120001,86.901286,940450.343856,544827.243263,2813.944500,2104.799978,2107.881946
710,-1,194.759999,86.727083,940446.934414,544840.021124,2820.363800,2104.799942,2108.238658
711,-1,194.400001,86.550610,940443.605353,544852.819983,2826.869000,2104.799921,2108.620035
712,-1,194.040003,86.371956,940440.356671,544865.639511,2833.457100,2104.799998,2109.026749
713,-1,193.680001,86.191217,940437.188699,544878.479381,2840.124700,2104.799937,2109.459103
714,-1,193.320003,85.999860,940348.760726,544871.133595,2853.319900,2192.499909,2197.854145
715,-1,192.959997,85.792827,940345.628843,544884.548922,2861.283100,2192.500070,2198.424161
716,-1,192.599996,85.584604,940342.581605,544897.983607,2869.296300,2192.499957,2199.026443
717,-1,192.239997,85.385583,940339.618684,544911.436992,2876.959600,2192.500034,2199.629765
718,-1,191.880001,85.187122,940422.562088,544942.962848,2877.221399,2104.799931,2112.247659
719,-1,191.520000,84.979837,940419.880334,544955.912953,2884.892500,2104.799848,2112.905023
720,-1,191.160002,84.773389,940417.279618,544968.879462,2892.537500,2104.800178,2113.588058
721,-1,190.799998,84.567767,940414.760922,544981.862376,2900.156900,2104.799958,2114.295544
722,-1,190.439997,84.379664,940412.323591,544994.860710,2907.131700,2104.800020,2114.967296
723,-1,190.079994,84.202661,940409.967953,545007.874135,2913.698999,2104.800102,2115.620649
724,-1,189.719996,84.026042,940407.694335,545020.901996,2920.256200,2104.799996,2116.292942
725,-1,189.360003,83.849811,940405.502410,545033.943637,2926.803199,2104.800136,2116.984483
726,-1,188.999996,83.673977,940403.392835,545046.999385,2933.339700,2104.799822,2117.694432
727,-1,188.640002,83.498555,940401.364952,545060.067600,2939.865400,2104.799966,2118.423543
728,-1,188.280000,83.323550,940399.419417,545073.148611,2946.380099,2104.799866,2119.170977
729,-1,187.920001,83.180040,940397.555904,545086.241432,2951.725900,2104.799993,2119.799269
730,-1,187.560002,83.041654,940395.774740,545099.345737,2956.883800,2104.800068,2120.418028
731,-1,187.199997,82.904458,940394.075924,545112.461196,2962.000400,2104.800138,2121.044042
732,-1,186.839998,82.765341,940479.535727,545136.031687,2956.058699,2017.099861,2033.287463
733,-1,186.479998,82.608963,940478.065586,545148.619917,2961.654700,2017.100133,2034.000031
734,-1,186.120003,82.453775,940476.674840,545161.217004,2967.212000,2017.100146,2034.722402
735,-1,185.760000,82.392647,940388.106120,545165.021130,2981.115200,2104.800079,2123.489847
736,-1,185.400001,82.355137,940212.198663,545161.676649,3006.061000,2280.200049,2300.648952
737,-1,185.039996,82.344107,940210.895188,545175.944337,3006.507900,2280.200041,2300.708439
738,-1,184.680000,82.340007,940209.681608,545190.219571,3006.674000,2280.199842,2300.730375
739,-1,184.319999,82.336212,940208.557266,545204.502351,3006.827800,2280.200103,2300.751140
740,-1,183.960003,82.332716,940207.523148,545218.791692,3006.969400,2280.199922,2300.769848
741,-1,183.599999,82.329528,940206.578596,545233.087595,3007.098600,2280.199952,2300.787120
742,-1,183.239996,82.291429,940380.843667,545257.302442,2984.900700,2104.799838,2123.994060
743,-1,182.879996,82.156685,940292.548240,545266.101965,3002.023900,2192.500072,2213.204691
744,-1,182.519999,82.006019,940291.899291,545279.862436,3007.900899,2192.500094,2214.014369
745,-1,182.159998,81.855563,940291.336956,545293.626844,3013.774000,2192.499969,2214.838648
746,-1,181.799996,81.705375,940290.860907,545307.394533,3019.641099,2192.500052,2215.677528
747,-1,181.439998,81.555505,940290.471473,545321.164847,3025.500199,2192.500037,2216.530350
748,-1,181.079995,81.406015,940290.168652,545334.937457,3031.349000,2192.499934,2217.396699
749,-1,180.720002,81.272620,940289.952117,545348.711380,3036.572000,2192.500091,2218.183347
750,-1,180.360002,81.143694,940289.822524,545362.486615,3041.623500,2192.499851,2218.955208
751,-1,180.000000,81.015282,940289.779217,545376.262506,3046.658400,2192.499880,2219.735968
752,-1,179.639997,80.887390,940289.822524,545390.038397,3051.676500,2192.499851,2220.525154
753,-1,179.279997,80.760020,940289.952117,545403.813632,3056.677700,2192.500091,2221.322946
754,-1,178.920004,80.633181,940290.168652,545417.587554,3061.661600,2192.499934,2222.128501
755,-1,178.560001,80.513653,940290.471473,545431.360165,3066.361600,2192.500037,2222.898386
756,-1,178.200003,80.403532,940290.860907,545445.130478,3070.694600,2192.500052,2223.616640
757,-1,177.840001,80.293842,940291.336956,545458.898167,3075.013400,2192.499969,2224.340613
758,-1,177.480000,80.184562,940291.899291,545472.662576,3079.318900,2192.500094,2225.070671
759,-1,177.120003,80.075674,940292.548240,545486.423047,3083.611800,2192.500072,2225.806501
760,-1,176.760003,79.967156,940293.283803,545500.179253,3087.892900,2192.499887,2226.548148
761,-1,176.399995,79.859496,940294.105652,545513.930866,3092.143000,2192.499852,2227.292467
762,-1,176.040000,79.760265,940295.013786,545527.676573,3096.062900,2192.499887,2227.985991
763,-1,175.680003,79.661517,940296.008207,545541.416375,3099.966200,2192.499989,2228.683280
764,-1,175.319999,79.563252,940297.088913,545555.149943,3103.852799,2192.500137,2229.384205
765,-1,174.959998,79.465473,940298.256234,545568.876294,3107.722599,2192.499928,2230.088261
766,-1,174.599996,79.368188,940299.509512,545582.595098,3111.575300,2192.499988,2230.795917
767,-1,174.239996,79.271396,940300.849076,545596.305701,3115.410900,2192.499929,2231.506701
768,-1,173.880000,79.166736,940302.274599,545610.007445,3119.561100,2192.500013,2232.283097
769,-1,173.520002,79.059051,940303.786407,545623.700003,3123.834200,2192.499878,2233.090044
770,-1,173.159999,78.952628,940305.383844,545637.383047,3128.060400,2192.500143,2233.896278
771,-1,172.800000,78.847522,940307.067568,545651.055591,3132.237200,2192.500042,2234.700300
772,-1,172.439997,78.733513,940221.899431,545676.255672,3154.242100,2280.200020,2325.004950
773,-1,172.080002,78.619464,940223.828889,545690.451838,3158.962900,2280.200051,2325.931903
774,-1,171.720000,78.538462,940225.847586,545704.635865,3162.318100,2280.200040,2326.596280
775,-1,171.359996,78.457266,940314.660072,545705.632254,3147.772400,2192.500094,2237.757088
776,-1,171.000000,78.370286,940316.772273,545719.245088,3151.240699,2192.500138,2238.453712
777,-1,170.640000,78.283147,940318.970103,545732.844470,3154.717500,2192.500056,2239.157096
778,-1,170.280002,78.195814,940321.253235,545746.429745,3158.204300,2192.500070,2239.867795
779,-1,169.920000,78.108240,940323.621669,545760.000584,3161.702900,2192.500126,2240.586167
780,-1,169.560003,78.020390,940326.075404,545773.556003,3165.214800,2192.500054,2241.312405
781,-1,169.200000,78.007654,940328.614441,545787.096002,3165.724100,2192.499854,2241.417977
782,-1,168.840003,78.013921,940331.238123,545800.619597,3165.473499,2192.499990,2241.366054
783,-1,168.479996,78.020823,940333.946779,545814.126788,3165.197499,2192.500142,2241.308900
784,-1,168.120000,78.028370,940336.740409,545827.616262,3164.895699,2192.500051,2241.246190
785,-1,167.760002,78.036576,940339.618684,545841.088020,3164.567599,2192.500034,2241.178140
786,-1,167.400003,78.045446,940342.581605,545854.541405,3164.212900,2192.499957,2241.104566
787,-1,167.039999,77.995448,940174.696770,545907.313281,3203.509300,2367.900150,2420.841328
788,-1,166.679997,77.886722,940178.078981,545921.801769,3208.207800,2367.900179,2421.822956
789,-1,166.320001,77.771604,940096.340299,545957.009376,3232.193499,2455.599900,2512.608364
790,-1,165.959996,77.672156,940100.036158,545971.989333,3236.657600,2455.600104,2513.557887
791,-1,165.600001,77.572687,940103.826177,545986.945340,3241.126000,2455.600093,2514.515691
792,-1,165.240001,77.473185,940107.710355,546001.877396,3245.599200,2455.599865,2515.481899
793,-1,164.880000,77.373649,940111.688037,546016.784847,3250.077500,2455.599894,2516.457052
794,-1,164.519999,77.283806,940115.759224,546031.667035,3254.122700,2455.600009,2517.344508
795,-1,164.159999,77.199645,940119.923913,546046.523304,3257.914600,2455.600038,2518.181933
796,-1,163.800002,77.120477,940124.181779,546061.352999,3261.483900,2455.600119,2518.975211
797,-1,163.439999,77.042206,940128.533148,546076.155791,3265.014899,2455.599845,2519.764361
798,-1,163.079997,76.964848,940132.977037,546090.931024,3268.507000,2455.599979,2520.549834
799,-1,162.720001,76.888413,940137.513773,546105.677714,3271.959500,2455.599920,2521.330727
800,-1,162.360001,76.812915,940142.143029,546120.395860,3275.371799,2455.599980,2522.107050
801,-1,162.000002,76.740397,940146.864804,546135.084479,3278.651400,2455.599866,2522.857139
802,-1,161.640004,76.670502,940151.678443,546149.743242,3281.814300,2455.600101,2523.584699
803,-1,161.280002,76.601563,940156.584601,546164.371494,3284.935600,2455.599858,2524.305908
804,-1,160.919995,76.533599,940161.582295,546178.968906,3288.014600,2455.599969,2525.021263
805,-1,160.560000,76.466617,940166.671523,546193.534165,3291.050800,2455.600008,2525.730082
806,-1,160.200001,76.400631,940171.852287,546208.067273,3294.043500,2455.599969,2526.432047
807,-1,159.840001,76.339077,940177.124258,546222.567572,3296.836700,2455.599945,2527.090251
808,-1,159.479997,76.281771,940182.487108,546237.034734,3299.438500,2455.600134,2527.706180
809,-1,159.119997,76.218610,940106.000385,546282.724932,3323.818499,2543.299952,2618.687489
810,-1,158.760004,76.135197,940111.742499,546297.637304,3327.745300,2543.300076,2619.625820
811,-1,158.400002,76.074128,940117.578446,546312.513586,3330.622000,2543.300071,2620.316652
812,-1,158.040002,76.015939,940123.507896,546327.352795,3333.364400,2543.299887,2620.977829
813,-1,157.680001,75.958375,940129.530193,546342.154603,3336.078800,2543.300010,2621.635212
814,-1,157.319997,75.901429,940135.645667,546356.918353,3338.765300,2543.299892,2622.288209
815,-1,156.960002,75.845109,940141.853331,546371.643061,3341.423700,2543.300063,2622.937203
816,-1,156.599999,75.789414,940148.153844,546386.328727,3344.053799,2543.299917,2623.581476
817,-1,156.240001,75.785473,940154.546219,546400.974367,3344.240000,2543.299971,2623.627245
818,-1,155.880000,75.772711,940241.073605,546379.741142,3322.606900,2455.600013,2533.300372
819,-1,155.520000,75.746333,940247.423002,546393.803122,3323.810200,2455.599859,2533.596225
820,-1,155.159999,75.766104,940253.860325,546407.825075,3322.908300,2455.600039,2533.374489
821,-1,154.800001,75.786380,940260.385903,546421.806018,3321.983400,2455.599845,2533.147045
822,-1,154.440004,75.803140,940346.116046,546397.907116,3299.032700,2367.899974,2442.496768
823,-1,154.080000,75.793547,940115.943934,546526.314012,3366.060600,2630.999917,2714.000237
824,-1,153.719998,75.741115,940123.216558,546541.159454,3368.623200,2630.999993,2714.630351
825,-1,153.360001,75.686322,940130.582357,546555.958637,3371.302400,2630.999908,2715.291408
826,-1,152.999998,75.633473,940138.041003,546570.711561,3373.887800,2630.999958,2715.931801
827,-1,152.640000,75.580500,940223.604152,546545.048554,3353.895699,2543.162073,2625.881360
828,-1,152.280003,75.521221,940230.870214,546559.281137,3356.737200,2543.300029,2626.723965
829,-1,151.919999,75.469803,940238.347889,546573.403812,3359.172300,2543.299937,2627.333761
830,-1,151.559998,75.423695,940245.913819,546587.479244,3361.357000,2543.300147,2627.882935
831,-1,151.199996,75.375885,940253.568331,546601.506775,3363.623200,2543.300059,2628.454098
832,-1,150.839999,75.326353,940261.310770,546615.485749,3365.972100,2543.299934,2629.048001
833,-1,150.479998,75.266320,940192.950014,546672.557814,3391.845600,2630.857117,2720.305039
834,-1,150.119999,75.201214,940201.139958,546686.916381,3395.042800,2630.857150,2721.119961
835,-1,149.759998,75.147321,940209.296438,546701.295289,3397.728700,2631.000198,2721.945514
836,-1,149.400000,75.093427,940217.789859,546715.477675,3400.340100,2630.857042,2722.477737
837,-1,149.040000,75.039476,940226.126457,546729.752909,3403.031800,2631.000001,2723.309515
838,-1,148.680000,74.981484,940234.675324,546743.901831,3405.885599,2630.999817,2724.047452
839,-1,148.320002,74.909783,940243.434165,546757.921816,3409.377800,2630.857099,2724.816680
840,-1,147.960002,74.839838,940252.038479,546772.037273,3412.862800,2630.999889,2725.863860
841,-1,147.600000,74.738454,940186.804685,546833.014842,3441.791300,2718.700083,2818.081701
842,-1,147.239999,74.625556,940196.003158,546847.408842,3447.550200,2718.699912,2819.602899
843,-1,146.880001,74.534441,940205.291525,546861.744771,3452.202600,2718.700050,2820.840072
844,-1,146.520002,74.462560,940214.670115,546876.021974,3455.875700,2718.699864,2821.821579
845,-1,146.159998,74.390937,940224.260647,546890.158100,3459.497000,2718.552407,2822.651746
846,-1,145.800002,74.319041,940233.695011,546904.398557,3463.217300,2718.700090,2823.797235
847,-1,145.439999,74.254679,940243.340989,546918.496626,3466.513000,2718.700044,2824.689736
848,-1,145.080001,74.227655,940253.075222,546932.533672,3467.897400,2718.700030,2825.065711
849,-1,144.719999,74.196273,940262.897709,546946.509365,3469.505500,2718.699863,2825.503080
850,-1,144.360001,74.160505,940272.807466,546960.423051,3471.339000,2718.699969,2826.003074
851,-1,143.999999,74.120325,940282.804493,546974.274402,3473.399500,2718.700158,2826.566351
852,-1,143.639999,74.107423,940292.888462,546988.062432,3474.061300,2718.700121,2826.747467
853,-1,143.279998,74.121991,940303.059046,547001.786814,3473.314000,2718.699929,2826.542737
854,-1,142.920002,74.179575,940313.433041,547015.357981,3470.319600,2718.552407,2825.583033
855,-1,142.559998,74.244754,940323.657430,547029.042665,3467.021400,2718.700011,2824.827708
856,-1,142.200002,74.309451,940334.084574,547042.572822,3463.708199,2718.700015,2823.929883
857,-1,141.839998,74.301099,940275.758904,547110.129773,3488.742600,2806.247862,2914.985755
858,-1,141.479998,74.270871,940286.577451,547124.054286,3490.383200,2806.400153,2915.576688
859,-1,141.120003,74.286405,940297.602364,547137.815413,3489.562000,2806.400020,2915.354047
860,-1,140.759998,74.303797,940308.831672,547151.411187,3488.600000,2806.247769,2914.947084
861,-1,140.400002,74.301585,940252.336706,547221.031126,3513.408400,2894.099916,3006.234779
862,-1,140.040000,74.282161,940264.091932,547234.905114,3514.423000,2893.943095,3006.358505
863,-1,139.680001,74.265075,940275.694271,547248.907055,3515.398600,2894.099894,3006.773865
864,-1,139.319999,74.249728,940287.623053,547262.632093,3516.191100,2893.942875,3006.837754
865,-1,138.959998,74.278577,940299.400260,547276.487380,3514.662500,2894.099961,3006.574392
866,-1,138.599999,74.313081,940311.500630,547290.061172,3512.737700,2893.942723,3005.902036
867,-1,138.239996,74.338992,940258.031905,547362.176841,3535.956999,2981.800013,3096.765316
868,-1,137.879998,74.359754,940270.553533,547376.112837,3534.791700,2981.800012,3096.450951
869,-1,137.520002,74.386683,940283.162432,547389.969765,3533.280600,2981.799964,3096.043860
870,-1,137.159999,74.430903,940295.977039,547403.637388,3530.755000,2981.638073,3095.209115
871,-1,136.800000,74.451275,940116.848788,547597.549402,3602.862800,3244.900001,3368.165265
872,-1,136.440001,74.520485,940130.979666,547612.246551,3598.592399,3244.723973,3366.853422
873,-1,136.079997,74.595748,940334.578340,547444.485732,3521.518000,2981.638115,3092.742743
874,-1,135.719999,74.670119,940347.499574,547458.052306,3517.399900,2981.800191,3091.807720
875,-1,135.359999,74.687451,940111.144075,547717.786694,3612.431200,3332.419063,3455.075615
876,-1,135.000000,74.769916,940063.761624,547794.779979,3631.203700,3420.300210,3544.798141
877,-1,134.640001,74.804064,940079.005360,547809.927914,3629.014400,3420.299982,3544.223430
878,-1,134.280000,74.842450,940094.343912,547824.980049,3626.554300,3420.299994,3543.579394
879,-1,133.920000,74.839459,938406.441776,549608.726154,4292.102000,5875.899794,6087.773581
880,-1,133.559999,74.734413,938433.335095,549634.020723,4303.584500,5875.581040,6090.479111
881,-1,133.199999,74.666100,938459.948887,549659.609254,4311.201600,5875.899904,6092.796589
882,-1,132.839999,74.613778,938487.157822,549684.563929,4316.884600,5875.581260,6093.994663
883,-1,132.480000,74.554042,938514.306390,549709.580611,4323.476200,5875.581094,6095.746728
884,-1,132.120001,74.496238,938541.611453,549734.426362,4329.858300,5875.581134,6097.449610
885,-1,131.759999,74.446886,938510.450754,549824.757218,4359.807700,5963.600052,6190.273595
886,-1,131.400000,74.369894,938538.479570,549849.624950,4368.445400,5963.600109,6192.595281
887,-1,131.039998,74.312953,938566.876823,549874.072080,4374.746799,5963.276442,6193.984402
888,-1,130.680000,74.255336,938595.214364,549898.584170,4381.218299,5963.276403,6195.737279
889,-1,130.320001,74.215292,938623.705449,549922.917783,4385.718200,5963.276347,6196.959790
890,-1,129.959998,74.193496,938652.349093,549947.072262,4388.168200,5963.276420,6197.626766
891,-1,129.599999,74.173963,938681.143654,549971.045967,4390.364400,5963.276423,6198.225351
892,-1,129.239999,74.172645,938709.883754,549995.088898,4390.604200,5963.599907,6198.601973
893,-1,128.880000,74.229734,938739.181924,550018.448431,4384.095100,5963.276499,6196.518612
894,-1,128.519999,74.282744,938768.221892,550042.128502,4378.230500,5963.600121,6195.238819
895,-1,128.159999,74.326363,938851.797841,549996.414683,4348.724100,5875.899955,6102.826512
896,-1,127.800000,74.349305,938719.642593,550227.024130,4419.896200,6139.000064,6375.371732
897,-1,127.439998,74.385485,938963.457066,549972.037763,4317.675200,5788.199953,6010.002641
898,-1,127.079998,74.388506,938992.591850,549993.805764,4317.258400,5787.885867,6009.587968
899,-1,126.719999,74.408790,939073.921740,549945.595231,4290.665500,5700.500102,5918.269861
900,-1,126.359999,74.400078,939102.882312,549966.670976,4291.513400,5700.190571,5918.199679
901,-1,125.999999,74.396837,939131.609289,549988.063978,4291.947400,5700.500063,5918.614491
902,-1,125.640001,74.438938,939160.651882,550009.025550,4287.432900,5700.500046,5917.401793
903,-1,125.279999,74.496961,939189.826036,550029.804380,4281.214100,5700.499901,5915.736400
904,-1,124.920001,74.516755,939269.506323,549978.239850,4254.715300,5612.495378,5823.851306
905,-1,124.559999,74.540734,939298.312040,549998.586266,4252.270699,5612.799940,5823.492723
906,-1,124.200000,74.570208,939376.880780,549945.717278,4224.874500,5524.800052,5731.374866
907,-1,123.839999,74.555282,939405.652704,549965.138827,4226.423500,5524.800073,5731.787203
908,-1,123.479998,74.542392,939434.546019,549984.379274,4227.761499,5524.800182,5732.143775
909,-1,123.120000,74.565749,939463.395699,550003.688618,4225.420100,5525.099944,5731.809127
910,-1,122.759999,74.557692,939540.146202,549948.566353,4201.948399,5437.104785,5640.740859
911,-1,122.400000,74.547614,939615.921969,549892.918499,4178.736300,5349.409737,5550.031134
912,-1,122.040001,74.541973,939644.357279,549910.839067,4179.303199,5349.409764,5550.182229
913,-1,121.680001,74.544730,939672.904794,549928.580501,4179.026100,5349.409602,5550.108224
914,-1,121.319999,74.590280,939701.412283,549946.390505,4174.529299,5349.700006,5549.191546
915,-1,120.959999,74.635893,939775.298290,549888.567786,4145.850400,5262.000002,5457.025508
916,-1,120.600000,74.680084,939803.703089,549905.487043,4141.486399,5262.000032,5455.870909
917,-1,120.240000,74.749104,939832.357559,549921.980777,4134.596399,5261.714430,5453.779018
918,-1,119.879999,74.819592,939904.659908,549862.502877,4103.850200,5174.019071,5361.088390
919,-1,119.520001,74.885944,939932.759918,549878.854222,4097.495100,5174.299973,5359.698943
920,-1,119.160000,75.000422,939961.237551,549894.539230,4086.333400,5174.019234,5356.528290
921,-1,118.800000,75.151247,939989.540972,549910.536246,4071.820200,5174.300117,5353.061961
922,-1,118.439999,75.306042,940059.845950,549848.992734,4033.871100,5086.599850,5258.584424
923,-1,118.080000,75.451327,940087.996484,549864.124921,4020.095200,5086.599875,5255.107004
924,-1,117.719998,75.618970,940116.370115,549878.835850,4004.151100,5086.324019,5250.857274
925,-1,117.360002,75.853533,940104.403931,549971.497410,4004.085500,5174.019146,5335.832935
926,-1,117.000001,76.078664,940093.510580,550064.484429,4004.222200,5261.714532,5420.944139
927,-1,116.640001,76.312925,940122.886506,550079.655986,3981.479800,5261.999964,5415.794873
928,-1,116.280001,76.436050,940463.124342,549465.304197,3800.240000,4560.399968,4691.244603
929,-1,115.920000,76.576307,940450.521349,549556.787937,3809.364900,4648.099872,4778.652834
930,-1,115.560000,76.735876,940476.936979,549569.243949,3795.632199,4647.847931,4775.238246
931,-1,115.199999,76.925295,940503.321769,549581.760985,3779.425200,4647.847841,4771.545695
932,-1,114.839998,77.119529,940529.678671,549594.341012,3762.889700,4648.100117,4768.078147
933,-1,114.479999,77.354059,940556.324615,549606.296369,3742.830600,4647.847581,4763.400340
934,-1,114.120000,77.601725,940547.103833,549698.352615,3741.027100,4735.542863,4848.618734
935,-1,113.760000,77.894999,938984.314308,553322.229554,4562.015400,8681.828723,8879.259616
936,-1,113.400000,77.951768,939034.308959,553344.051032,4553.019600,8681.828843,8877.377637
937,-1,113.039999,77.992305,939050.118310,553446.257849,4565.250799,8769.524074,8965.696461
938,-1,112.680000,78.031750,939100.707448,553468.102293,4559.042100,8769.999883,8964.872307
939,-1,112.319999,78.060450,939151.616467,553489.189521,4554.452300,8769.999903,8963.921666
940,-1,111.960000,78.113772,939170.040314,553590.847455,4564.285399,8857.219181,9051.292265
941,-1,111.599999,78.149485,939221.719345,553611.496692,4558.520699,8857.219201,9050.106694
942,-1,111.239999,78.231670,939241.757035,553713.558823,4563.530499,8944.914371,9136.970999
943,-1,110.879999,78.343873,939325.289676,553652.267935,4527.269000,8857.699931,9044.211412
944,-1,110.520000,78.421140,939316.039366,553835.752149,4550.655499,9032.609758,9220.247546
945,-1,110.160000,78.453977,939339.030462,553937.801485,4563.177300,9120.304911,9308.672908
946,-1,109.799999,78.489836,939392.885997,553957.382155,4557.231799,9120.305046,9307.484843
947,-1,109.440000,78.532818,939446.698554,553977.090449,4550.207800,9120.799884,9306.570766
948,-1,109.080000,78.555635,939472.130590,554078.875678,4564.180600,9208.499881,9395.298790
949,-1,108.719998,78.565904,939527.030414,554097.144014,4562.361500,9208.000274,9394.448329
950,-1,108.360001,78.587969,939581.882995,554115.539975,4558.670700,9208.000229,9393.717315
951,-1,107.999999,78.634426,939609.751377,554216.994168,4568.529200,9295.695338,9481.632411
952,-1,107.639999,78.641774,939665.355597,554234.868148,4567.288900,9295.695344,9481.388071
953,-1,107.280000,78.669527,939720.921102,554252.874346,4562.706200,9296.200069,9480.981495
954,-1,106.920000,78.679838,939776.895400,554269.566242,4560.865100,9295.695363,9480.125062
955,-1,106.560000,78.678157,939832.683018,554286.872637,4561.249700,9296.199884,9480.695266
956,-1,106.200000,78.689006,939888.862696,554302.860138,4559.318199,9295.695451,9479.821627
957,-1,105.839999,78.662885,939873.049735,554572.573510,4616.576900,9559.299866,9749.537473
958,-1,105.479999,78.616181,939930.882953,554588.786404,4624.683699,9559.300123,9751.134610
959,-1,105.120000,78.578965,939988.952062,554604.134470,4631.040500,9558.781339,9751.882797
960,-1,104.760000,78.545451,940046.849256,554620.119674,4636.965700,9559.299862,9753.566013
961,-1,104.399999,78.515909,940105.107014,554634.737099,4641.992100,9558.781245,9754.057218
962,-1,104.039999,78.496088,940163.200402,554649.993630,4645.541200,9559.299920,9755.272703
963,-1,103.679999,78.461815,940200.897177,554749.085296,4669.293699,9646.476585,9845.436922
964,-1,103.320001,78.430273,940259.832754,554763.234217,4674.826100,9646.476333,9846.544763
965,-1,102.960000,78.389237,940299.188975,554862.474505,4700.044100,9734.171796,9937.518652
966,-1,102.600001,78.353673,940358.835181,554876.003677,4706.342099,9734.171581,9938.787904
967,-1,102.239999,78.325743,940418.453500,554889.674581,4711.398400,9734.700067,9940.327405
968,-1,101.880000,78.310636,940478.268341,554902.454083,4714.074800,9734.700050,9940.869297
969,-1,101.520000,78.311299,940538.162250,554914.857602,4713.957500,9734.700135,9940.845614
970,-1,101.160000,78.280085,940767.968877,554065.996439,4537.452699,8857.219391,9045.803876
971,-1,100.800000,78.215376,940839.034024,553990.454267,4529.592999,8769.524164,8958.346086
972,-1,100.440000,78.154877,940893.104454,554001.076949,4539.357699,8770.000012,8960.811178
973,-1,100.080000,78.090834,940947.410119,554010.423059,4549.493800,8769.524002,8962.431508
974,-1,99.719999,78.023884,941016.416543,553933.924524,4541.697300,8682.299940,8875.482026
975,-1,99.359999,77.957910,941070.291107,553942.500951,4552.046600,8681.828792,8877.174538
976,-1,99.000000,77.846535,941124.141721,553951.203689,4569.698099,8681.828921,8880.874079
977,-1,98.640000,77.739570,941178.046141,553959.567846,4586.664800,8681.828964,8884.461617
978,-1,98.280000,77.662225,941232.002070,553967.593092,4598.941700,8681.828948,8887.076767
979,-1,97.919998,77.600552,941286.007539,553975.279100,4608.736099,8681.828841,8889.174626
980,-1,97.559999,77.545632,941339.997917,553983.092733,4617.566000,8682.299974,8891.534862
981,-1,97.200001,77.500607,941394.157257,553989.632418,4624.618500,8681.828746,8892.598425
982,-1,96.840000,77.460790,941448.297897,553996.299400,4630.949299,8681.828907,8893.970900
983,-1,96.480000,77.417365,941512.376181,553915.490834,4618.281700,8594.133586,8805.619614
984,-1,96.119999,77.347926,941594.096490,553659.829928,4570.161500,8331.047808,8538.375818
985,-1,95.760000,77.239921,941646.115415,553665.697042,4586.766699,8331.500143,8542.469386
986,-1,95.399999,77.141703,941698.258355,553670.336797,4601.683699,8331.047765,8545.335438
987,-1,95.040000,77.110559,941750.386532,553675.099255,4606.448800,8331.047839,8546.397202
988,-1,94.680000,77.076408,941809.662332,553592.577110,4591.655000,8243.800033,8458.049280
989,-1,94.319999,77.030893,941861.333816,553596.194885,4598.446800,8243.352555,8459.134802
990,-1,93.960000,77.004879,941912.961994,553600.380572,4602.491700,8243.800090,8460.479572
991,-1,93.600000,76.973715,941970.181040,553515.826607,4586.823200,8155.657434,8371.072211
992,-1,93.240000,76.957166,942021.333168,553518.883360,4589.304999,8155.657270,8371.631794
993,-1,92.880000,76.974716,942072.481360,553522.060847,4586.775299,8156.099852,8371.492449
994,-1,92.519999,77.014829,942123.690247,553524.032956,4580.658600,8155.657500,8369.684942
995,-1,92.159999,77.064898,942174.890932,553526.125143,4573.154200,8155.657452,8368.001861
996,-1,91.799999,77.123056,942226.103756,553527.895481,4564.441100,8155.657298,8366.055616
997,-1,91.439999,77.208660,942277.315596,553529.786881,4551.724000,8156.100157,8363.662567
998,-1,91.080000,77.301971,942328.557619,553530.470935,4537.661800,8155.657263,8360.128365
999,-1,90.720000,77.403940,942379.789144,553531.718636,4522.515400,8156.100102,8357.244238
1000,-1,90.359998,77.506320,942431.036089,553531.758990,4507.121799,8155.657468,8353.468617
1001,-1,90.000000,77.612321,942482.279097,553531.919751,4491.298899,8155.657245,8350.059691
