"OBJECTID","FEATURE_ID","HORIZ_ANG","ZENITH_ANG","VERTEX_X","VERTEX_Y","VERTEX_Z","DIST_2D","DIST_3D"
1,-1,90.000000,70.620191,944565.973092,550506.131839,3479.390600,350.781122,371.850287
2,-1,89.639990,70.561141,944568.177156,550506.124621,3479.796900,350.780829,371.985030
3,-1,89.280006,70.502841,944570.381220,550506.122981,3480.205200,350.799961,372.139146
4,-1,88.920023,70.445374,944572.584627,550506.069503,3480.594600,350.781099,372.251519
5,-1,88.560006,70.388589,944574.788691,550506.039976,3480.993000,350.800044,372.402901
6,-1,88.199991,70.332607,944576.991443,550505.958611,3481.372600,350.780985,372.512534
7,-1,87.839983,70.277344,944579.194194,550505.882496,3481.754300,350.781022,372.641207
8,-1,87.479998,70.222830,944581.396290,550505.792601,3482.131100,350.781113,372.768619
9,-1,87.120013,70.169030,944583.598713,550505.707628,3482.509999,350.799982,372.914745
10,-1,86.759978,70.114830,944585.798840,550505.570817,3482.878200,350.780813,373.021790
11,-1,86.399975,70.059426,944587.998967,550505.439583,3483.262000,350.781062,373.152744
12,-1,86.039988,70.004752,944590.198109,550505.294243,3483.640900,350.781018,373.282094
13,-1,85.680006,69.950824,944592.396268,550505.135122,3484.014899,350.781006,373.410135
14,-1,85.320001,69.897640,944594.595082,550504.981251,3484.391000,350.800126,373.557194
15,-1,84.959999,69.845187,944596.789632,550504.775543,3484.748300,350.781082,373.662271
16,-1,84.599995,69.793441,944598.984509,550504.574756,3485.107800,350.780819,373.786044
17,-1,84.239990,69.742461,944601.180043,550504.379546,3485.469400,350.800018,373.929109
18,-1,83.879988,69.692187,944603.370327,550504.132499,3485.812200,350.780964,374.030068
19,-1,83.520004,69.642656,944605.560939,550503.890702,3486.157100,350.781012,374.149956
20,-1,83.159980,69.593831,944607.750240,550503.635125,3486.497300,350.781070,374.268492
21,-1,82.800007,69.545737,944609.937571,550503.365769,3486.832599,350.781059,374.385524
22,-1,82.440015,69.497221,944635.198347,550676.948427,3552.756500,526.171366,561.755665
23,-1,82.080015,69.435217,944638.474259,550676.503218,3553.405799,526.171406,561.983450
24,-1,81.719988,69.374130,944641.747547,550676.037339,3554.046000,526.171385,562.208631
25,-1,81.359996,69.313966,944645.017553,550675.551120,3554.677100,526.171536,562.431397
26,-1,81.000019,69.254719,944648.284279,550675.044231,3555.299000,526.171531,562.651376
27,-1,80.640007,69.196390,944651.548052,550674.516673,3555.911700,526.171420,562.868592
28,-1,80.280013,69.138940,944654.813138,550673.996989,3556.526600,526.200066,563.114044
29,-1,79.920010,69.082551,944658.065100,550673.400206,3557.108900,526.171275,563.294772
30,-1,79.559992,69.026979,944661.323623,550672.839511,3557.705000,526.199939,563.534633
31,-1,79.200011,68.972514,944664.567711,550672.202373,3558.268000,526.171582,563.709923
32,-1,78.839982,68.918905,944667.813440,550671.572453,3558.833199,526.171395,563.912798
33,-1,78.479988,68.866265,944671.054903,550670.922520,3559.388700,526.171522,564.112962
34,-1,78.120002,68.815900,944674.298007,550670.280133,3559.931600,526.200143,564.335616
35,-1,77.760015,68.768037,944677.525034,550669.561302,3560.426200,526.171419,564.487762
36,-1,77.400016,68.720996,944680.753702,550668.850346,3560.923599,526.171509,564.668167
37,-1,77.039987,68.674882,944683.978105,550668.119048,3561.411500,526.171592,564.845491
38,-1,76.679984,68.629661,944687.197587,550667.367409,3561.890199,526.171522,565.019686
39,-1,76.319991,68.585358,944690.412148,550666.595429,3562.359400,526.171297,565.190619
40,-1,75.960013,68.541908,944693.628677,550665.831323,3562.831200,526.199959,565.389726
41,-1,75.600008,68.499538,944696.826505,550664.991430,3563.269300,526.171333,565.523505
42,-1,75.239994,68.457927,944700.033520,550664.186969,3563.722200,526.200085,565.716397
43,-1,74.879994,68.417403,944703.220521,550663.307050,3564.141200,526.171543,565.843840
44,-1,74.520016,68.377724,944706.409163,550662.434676,3564.562699,526.171485,565.998968
45,-1,74.159992,68.338884,944709.600430,550661.569521,3564.986800,526.199856,566.181748
46,-1,73.799988,68.301173,944712.770371,550660.629890,3565.376600,526.171534,566.299430
47,-1,73.440012,68.264200,944715.950154,550659.725036,3565.781400,526.200126,566.475779
48,-1,73.080009,68.228345,944719.107956,550658.745379,3566.151700,526.171524,566.586454
49,-1,72.720020,68.193342,944722.267727,550657.773268,3566.524500,526.171486,566.724799
50,-1,72.359997,68.159282,944725.421592,550656.781144,3566.887400,526.171357,566.859588
51,-1,72.000006,68.126157,944728.568896,550655.769335,3567.240500,526.171254,566.990950
52,-1,71.639998,68.093991,944731.709965,550654.737841,3567.583600,526.171275,567.118886
53,-1,71.279993,68.062767,944734.844474,550653.686662,3567.916800,526.171320,567.243323
54,-1,70.920010,68.032490,944737.972092,550652.615798,3568.240000,526.171281,567.364111
55,-1,70.560012,68.003074,944741.102663,550651.552480,3568.565800,526.200110,567.512798
56,-1,70.200000,67.974802,944744.207316,550650.415343,3568.856300,526.171476,567.595126
57,-1,69.840012,67.947389,944747.314265,550649.285752,3569.149300,526.171493,567.705085
58,-1,69.479989,67.920929,944750.414324,550648.136477,3569.432200,526.171429,567.811304
59,-1,69.120006,67.895337,944753.517008,550646.994747,3569.717600,526.200125,567.945230
60,-1,68.759988,67.870892,944756.592133,550645.779854,3569.967500,526.171414,568.012718
61,-1,68.399981,67.847323,944759.669883,550644.572507,3570.219800,526.171461,568.107850
62,-1,68.039996,67.809705,944762.739759,550643.345804,3570.622600,526.171384,568.259787
63,-1,67.679997,67.768526,944765.802089,550642.100071,3571.063899,526.171608,568.426814
64,-1,67.320006,67.728200,944768.867371,550640.861229,3571.507900,526.200100,568.621315
65,-1,66.959998,67.689251,944771.902798,550639.550536,3571.914000,526.171558,568.748946
66,-1,66.600015,67.651177,944774.940850,550638.247061,3572.322600,526.171457,568.904095
67,-1,66.239995,67.614136,944777.971028,550636.924557,3572.720400,526.171538,569.055550
68,-1,65.879991,67.578144,944780.992675,550635.583024,3573.107099,526.171540,569.202936
69,-1,65.519988,67.543191,944784.005793,550634.222462,3573.482800,526.171461,569.346270
70,-1,65.160005,67.509109,944787.022191,550632.869119,3573.861200,526.200083,569.517366
71,-1,64.799986,67.462073,944827.344945,550710.793832,3610.748100,613.866678,664.626882
72,-1,64.440002,67.393556,944830.829518,550709.140620,3611.609000,613.866583,664.957249
73,-1,64.080002,67.325721,944834.303920,550707.465754,3612.462300,613.866799,665.285922
74,-1,63.720013,67.258990,944837.782260,550705.798763,3613.316400,613.900052,665.646306
75,-1,63.359988,67.192521,944841.235665,550704.079934,3614.154100,613.900022,665.970553
76,-1,62.999992,67.126312,944844.662823,550702.309925,3614.975300,613.866713,666.258619
77,-1,62.639995,67.061214,944848.093919,550700.548117,3615.797300,613.866733,666.578580
78,-1,62.279995,66.985277,944851.513860,550698.764656,3616.757100,613.866630,666.953150
79,-1,61.919991,66.910219,944854.938393,550696.989397,3617.721200,613.900159,667.361515
80,-1,61.559995,66.834919,944858.319948,550695.133758,3618.660900,613.866773,667.699905
81,-1,61.200018,66.760863,944861.721516,550693.315520,3619.614400,613.900040,668.106138
82,-1,60.839999,66.686578,944865.079777,550691.417558,3620.543300,613.866815,668.442686
83,-1,60.479998,66.613162,944868.441975,550689.527470,3621.476400,613.866621,668.812341
84,-1,60.119990,66.540247,944871.792362,550687.616384,3622.404200,613.866571,669.181115
85,-1,59.760004,66.503585,944875.130610,550685.684630,3622.871199,613.866785,669.367363
86,-1,59.399994,66.471813,944878.456719,550683.731550,3623.276000,613.866697,669.528776
87,-1,59.040008,66.440695,944881.787421,550681.786344,3623.687200,613.899959,669.723522
88,-1,58.680002,66.410894,944885.071535,550679.763054,3624.052700,613.866529,669.839059
89,-1,58.320008,66.381739,944888.360243,550677.747966,3624.424799,613.866728,669.988234
90,-1,57.960002,66.353446,944891.636155,550675.711881,3624.785900,613.866574,670.132846
91,-1,57.600000,66.326026,944894.899272,550673.655454,3625.136100,613.866624,670.273431
92,-1,57.240016,66.299471,944898.149265,550671.578687,3625.475400,613.866701,670.409813
93,-1,56.879991,66.273777,944901.386463,550669.481250,3625.803799,613.866707,670.541889
94,-1,56.519998,66.248957,944904.610210,550667.363800,3626.121199,613.866838,670.669783
95,-1,56.160005,66.224986,944907.820506,550665.226009,3626.427800,613.866816,670.793308
96,-1,55.799997,66.201871,944911.017350,550663.067877,3626.723499,613.866642,670.912414
97,-1,55.439999,66.179401,944914.219443,550660.917291,3627.025800,613.899895,671.064874
98,-1,55.080000,66.158227,944917.370027,550658.691902,3627.282200,613.866560,671.137978
99,-1,54.720001,66.137478,944920.544890,550656.501289,3627.562699,613.899874,671.281875
100,-1,54.360004,66.118010,944923.667259,550654.236530,3627.797400,613.866574,671.346406
101,-1,54.000001,66.099194,944926.794877,550651.979317,3628.038600,613.866701,671.444209
102,-1,53.640007,66.081220,944929.908060,550649.702418,3628.269000,613.866651,671.537544
103,-1,53.280013,66.063891,944933.026820,550647.432738,3628.505999,613.899954,671.664108
104,-1,52.920004,66.052264,944936.091446,550645.090223,3628.640400,613.866744,671.688296
105,-1,52.559992,66.081935,944939.181663,550642.781500,3628.274699,613.900160,671.570486
106,-1,52.199994,66.112017,944942.236775,550640.426846,3627.889000,613.900000,671.414059
107,-1,51.840000,66.142511,944945.256454,550638.026917,3627.483500,613.866583,671.219393
108,-1,51.480010,66.173677,944948.302380,550635.660452,3627.099100,613.899931,671.094514
109,-1,51.120002,66.205169,944951.291875,550633.222792,3626.681300,613.866667,670.895410
110,-1,50.759992,66.237242,944954.286948,550630.792351,3626.270999,613.866759,670.730058
111,-1,50.399993,66.269800,944957.266601,550628.343209,3625.854700,613.866848,670.562500
112,-1,50.040014,66.302836,944960.230506,550625.875366,3625.432400,613.866723,670.392550
113,-1,49.679993,66.336374,944963.179319,550623.388823,3625.004000,613.866805,670.220565
114,-1,49.320007,66.370394,944966.112056,550620.883906,3624.569600,613.866712,670.046245
115,-1,48.959995,66.404901,944969.029373,550618.360617,3624.129300,613.866869,669.870028
116,-1,48.600011,66.439877,944971.930285,550615.818956,3623.683099,613.866632,669.691334
117,-1,48.239993,66.475426,944974.837760,550613.283856,3623.244400,613.899891,669.546597
118,-1,47.879999,66.511286,944977.684539,550610.681171,3622.773000,613.866547,669.327999
119,-1,47.519985,66.547715,944980.537552,550608.085376,3622.309200,613.866730,669.143446
120,-1,47.160006,66.584623,944983.373832,550605.471864,3621.839500,613.866780,668.956698
121,-1,46.800005,66.621994,944986.193708,550602.840307,3621.364100,613.866679,668.767826
122,-1,46.439988,66.659846,944988.997180,550600.191034,3620.882900,613.866669,668.577024
123,-1,46.080006,66.711802,944991.783592,550597.524373,3620.222800,613.866536,668.315653
124,-1,45.720006,66.767659,944994.576894,550594.864273,3619.528200,613.900142,668.072224
125,-1,45.360004,66.824680,944997.306547,550592.138885,3618.790700,613.866804,667.751005
126,-1,44.999999,66.882654,945000.066056,550589.443681,3618.070300,613.900156,667.498497
127,-1,44.639995,66.941793,945002.761261,550586.684172,3617.307300,613.866804,667.168613
128,-1,44.279993,67.001886,945005.486649,550583.954518,3616.561300,613.900142,666.907472
129,-1,43.919993,67.063147,945008.146748,550581.161217,3615.772800,613.866536,666.568850
130,-1,43.560011,67.125423,945010.813410,550578.374805,3614.986500,613.866669,666.262932
131,-1,43.199994,67.188760,945013.462683,550575.571333,3614.187500,613.866679,665.952764
132,-1,42.839993,67.253159,945016.094239,550572.751457,3613.375900,613.866780,665.638624
133,-1,42.480014,67.318623,945018.707751,550569.915176,3612.551600,613.866730,665.320288
134,-1,42.120000,67.385139,945021.303546,550567.062164,3611.714800,613.866547,664.997892
135,-1,41.760006,67.453497,945023.906231,550564.215385,3610.869600,613.899891,664.704136
136,-1,41.399988,67.527074,945026.441331,550561.307910,3609.932100,613.866632,664.314498
137,-1,41.040004,67.601377,945028.982993,550558.406997,3609.000400,613.866869,663.959137
138,-1,40.679992,67.676401,945031.506282,550555.489680,3608.060500,613.866712,663.601413
139,-1,40.320006,67.752154,945034.011198,550552.556943,3607.112599,613.866805,663.242031
140,-1,39.959985,67.828639,945036.497742,550549.608130,3606.156500,613.866723,662.880553
141,-1,39.600006,67.905855,945038.965584,550546.644225,3605.192400,613.866848,662.517441
142,-1,39.239981,67.974454,944973.494587,550488.190930,3568.860000,526.171432,567.596472
143,-1,38.880011,68.039816,944975.577588,550485.624006,3568.161800,526.171349,567.334925
144,-1,38.520001,68.106426,944977.667151,550483.061675,3567.462499,526.200028,567.100396
145,-1,38.159993,68.174093,944979.695690,550480.450788,3566.729600,526.171497,566.801031
146,-1,37.800003,68.243084,944981.752772,550477.862539,3566.006200,526.200169,566.559107
147,-1,37.440022,68.307572,944914.137750,550421.928268,3530.433200,438.499965,471.920714
148,-1,37.079990,68.343418,944915.787025,550419.720923,3530.106100,438.476217,471.777837
149,-1,36.719995,68.380430,944917.441221,550417.517843,3529.778300,438.476279,471.657021
150,-1,36.360003,68.418794,944919.081310,550415.304265,3529.438599,438.476066,471.531768
151,-1,35.999983,68.458543,944920.707947,550413.080516,3529.087000,438.476301,471.402775
152,-1,35.639996,68.499634,944922.320148,550410.846597,3528.723600,438.476190,471.269361
153,-1,35.279978,68.542102,944923.918570,550408.602507,3528.348300,438.476264,471.132010
154,-1,34.920000,68.585914,944925.502557,550406.348574,3527.961300,438.476180,470.990497
155,-1,34.560011,68.630904,944927.092121,550404.098251,3527.573500,438.500043,470.871271
156,-1,34.199997,68.677613,944928.628207,550401.810854,3527.152100,438.476146,470.695626
157,-1,33.840003,68.725491,944930.169542,550399.527394,3526.730000,438.476115,470.542279
158,-1,33.480003,68.774729,944931.696770,550397.234419,3526.296300,438.476378,470.385335
159,-1,33.120001,68.825115,944933.229247,550394.944726,3525.861900,438.500139,470.250399
160,-1,32.760011,68.877222,944934.707263,550392.619599,3525.394200,438.476237,470.059364
161,-1,32.400003,68.937453,944936.190856,550390.298081,3524.864700,438.476289,469.868857
162,-1,32.040015,69.017446,944937.659685,550387.967377,3524.162100,438.476263,469.616786
163,-1,31.679974,69.098164,944939.114078,550385.627159,3523.453899,438.476265,469.363658
164,-1,31.319993,69.179769,944940.573721,550383.290550,3522.747700,438.499941,469.134302
165,-1,30.959984,69.261759,944941.978246,550380.920147,3522.020900,438.476274,468.854330
166,-1,30.600008,69.344627,944943.388020,550378.553354,3521.296200,438.476276,468.598206
167,-1,30.239980,69.428213,944944.783030,550376.177375,3520.566000,438.476204,468.341061
168,-1,29.880019,69.512515,944946.162949,550373.793193,3519.830400,438.476273,468.083157
169,-1,29.519978,69.597527,944947.528103,550371.399825,3519.089400,438.476275,467.824322
170,-1,29.159998,69.683236,944948.877838,550368.998255,3518.343100,438.476128,467.564538
171,-1,28.799998,69.769835,944950.233478,550366.599638,3517.598700,438.499887,467.328889
172,-1,28.440002,69.856809,944951.532360,550364.169853,3516.834400,438.476203,467.042915
173,-1,28.080011,69.944830,944952.857817,550361.754503,3516.079300,438.500072,466.805843
174,-1,27.719996,70.033207,944954.125859,550359.308314,3515.304500,438.476079,466.518162
175,-1,27.359982,70.122456,944955.399807,550356.865406,3514.531800,438.476151,466.254938
176,-1,26.999980,70.212419,944956.658334,550354.414623,3513.753800,438.476222,465.991050
177,-1,26.640011,70.303231,944957.922439,550351.966793,3512.977799,438.499911,465.751223
178,-1,26.280010,70.394586,944959.150127,550349.500263,3512.189499,438.499974,465.486183
179,-1,25.919979,70.486638,944960.362395,550347.025858,3511.396100,438.500036,465.220625
180,-1,25.560022,70.579197,944961.537262,550344.534065,3510.590800,438.476169,464.929744
181,-1,25.200003,70.672633,944962.718362,550342.044897,3509.787400,438.476368,464.663416
182,-1,24.840003,70.766920,944963.905039,550339.558354,3508.985799,438.500043,464.421083
183,-1,24.479998,70.861555,944965.032990,550337.044579,3508.165599,438.476295,464.129110
184,-1,24.120023,70.964418,944966.166517,550334.533757,3507.284100,438.476156,463.840725
185,-1,23.760010,71.069431,944967.284625,550332.015718,3506.385400,438.476304,463.548528
186,-1,23.399981,71.175091,944968.386657,550329.490460,3505.482200,438.476142,463.256145
187,-1,23.040001,71.261588,944888.772971,550292.637188,3474.995000,350.781038,370.414831
188,-1,22.680000,71.346720,944889.646657,550290.613570,3474.420499,350.799966,370.248607
189,-1,22.319999,71.433193,944890.472443,550288.569938,3473.824600,350.780828,370.040303
190,-1,21.960020,71.520886,944891.303150,550286.528604,3473.227499,350.780964,369.850742
191,-1,21.600009,71.609804,944892.138778,550284.488910,3472.629000,350.800125,369.679660
192,-1,21.239978,71.699982,944892.925850,550282.429859,3472.009800,350.780863,369.466491
193,-1,20.880005,71.791338,944893.735560,550280.379994,3471.395900,350.799879,369.292254
194,-1,20.519987,71.883961,944894.497041,550278.311429,3470.761600,350.781017,369.076613
195,-1,20.159987,71.977761,944895.263116,550276.244832,3470.126200,350.780995,368.879514
196,-1,19.800021,72.072752,944896.016067,550274.173642,3469.483400,350.780918,368.681074
197,-1,19.439987,72.168938,944896.774268,550272.103764,3468.839400,350.800073,368.501590
198,-1,19.080000,72.266281,944897.483256,550270.016826,3468.176000,350.780993,368.280817
199,-1,18.719984,72.364786,944898.197165,550267.931528,3467.511600,350.780948,368.078946
200,-1,18.359996,72.464456,944898.897951,550265.841966,3466.840100,350.780954,367.876073
201,-1,18.000022,72.565263,944899.585614,550263.748138,3466.161700,350.781007,367.672293
202,-1,17.639996,72.667192,944900.260153,550261.649717,3465.476500,350.781009,367.467577
203,-1,17.280024,72.770240,944900.921241,550259.547359,3464.784499,350.780847,367.261855
204,-1,16.920008,72.874404,944901.569534,550257.440736,3464.085900,350.781047,367.055725
205,-1,16.559997,72.979700,944902.222420,550255.335425,3463.386199,350.799874,366.868297
206,-1,16.199982,73.086000,944902.825765,550253.215350,3462.668999,350.780857,366.640812
207,-1,15.839985,73.193467,944903.452404,550251.102166,3461.956400,350.799979,366.452431
208,-1,15.479993,73.253888,944819.514908,550225.568752,3435.160300,263.085584,274.736924
209,-1,15.119971,73.312248,944819.951259,550223.974267,3434.868200,263.085728,274.653042
210,-1,14.759971,73.371188,944820.391218,550222.380766,3434.577600,263.100001,274.583411
211,-1,14.399991,73.431475,944820.793449,550220.777423,3434.271900,263.085666,274.482346
212,-1,14.040021,73.492107,944821.213395,550219.178673,3433.973199,263.100019,274.411079
213,-1,13.679964,73.554104,944821.595612,550217.570080,3433.659400,263.085769,274.308411
214,-1,13.319980,73.616684,944821.981438,550215.962800,3433.347100,263.085723,274.220115
215,-1,12.960020,73.680084,944822.357094,550214.353223,3433.030900,263.085636,274.131011
216,-1,12.599983,73.744360,944822.722907,550212.741022,3432.710600,263.085754,274.041293
217,-1,12.240026,73.809445,944823.078221,550211.126852,3432.386400,263.085584,273.950555
218,-1,11.879962,73.875121,944823.437800,550209.513010,3432.063700,263.100037,273.874636
219,-1,11.520011,73.942166,944823.758994,550207.891622,3431.726100,263.085761,273.767346
220,-1,11.160010,74.009771,944824.084124,550206.270890,3431.390100,263.085858,273.674690
221,-1,10.800030,74.078211,944824.398756,550204.648190,3431.050099,263.085660,273.581034
222,-1,10.439966,74.147232,944824.717653,550203.025818,3430.711600,263.100101,273.502260
223,-1,10.080024,74.217612,944824.997837,550201.396884,3430.358400,263.085666,273.392098
224,-1,9.720027,74.288283,944825.296064,550199.770903,3430.012100,263.099899,273.311814
225,-1,9.360021,74.360328,944825.556234,550198.138361,3429.651300,263.085898,273.200849
226,-1,9.000021,74.432922,944825.819685,550196.506474,3429.291900,263.085629,273.103919
227,-1,8.640003,74.506358,944826.073294,550194.872947,3428.928700,263.085768,273.006807
228,-1,8.279975,74.580602,944826.316403,550193.237780,3428.561700,263.085669,272.908903
229,-1,7.919985,74.655415,944826.563450,550191.603269,3428.196100,263.099947,272.825693
230,-1,7.560014,74.731603,944826.772111,550189.963508,3427.816200,263.085867,272.711826
231,-1,7.199992,74.808321,944826.984381,550188.324076,3427.437800,263.085794,272.612352
232,-1,6.839964,74.885874,944827.186480,550186.683331,3427.055600,263.085854,272.512504
233,-1,6.479995,74.964226,944827.378081,550185.041602,3426.669700,263.085759,272.412047
234,-1,6.119992,75.043396,944827.559511,550183.398561,3426.280100,263.085796,272.311271
235,-1,5.759995,75.123116,944827.744550,550181.755848,3425.891800,263.099842,272.224890
236,-1,5.399984,75.204201,944827.891203,550180.109197,3425.489600,263.085688,272.108220
237,-1,5.040022,75.285800,944828.041466,550178.463203,3425.088900,263.085574,272.006057
238,-1,4.679998,75.367974,944828.195993,550176.817209,3424.689499,263.100094,271.918935
239,-1,4.320028,75.451473,944828.311478,550175.168262,3424.276400,263.085848,271.801086
240,-1,3.959978,75.535516,944828.430572,550173.519316,3423.864600,263.085588,271.697682
241,-1,3.600005,75.620366,944828.539824,550171.870041,3423.449299,263.085873,271.594523
242,-1,3.239966,75.705991,944828.638249,550170.219781,3423.030400,263.085677,271.490604
243,-1,2.879966,75.792196,944828.740939,550168.569850,3422.612700,263.100146,271.401803
244,-1,2.519968,75.879686,944828.804259,550166.917951,3422.181700,263.085581,271.282216
245,-1,2.159981,75.967737,944828.871845,550165.266379,3421.751999,263.085678,271.177801
246,-1,1.800009,76.056567,944828.928931,550163.614480,3421.318799,263.085657,271.073068
247,-1,1.440029,76.145924,944828.989955,550161.962580,3420.886900,263.099955,270.983203
248,-1,1.079977,76.218592,944829.011936,550160.309368,3420.529500,263.085578,270.883882
249,-1,0.719993,76.276848,944829.052290,550158.656812,3420.249500,263.099971,270.831300
250,-1,0.359973,76.336366,944829.053603,550157.003601,3419.956500,263.085702,270.748076
251,-1,0.000000,76.396367,944829.058852,550155.350717,3419.664800,263.085759,270.679374
252,-1,359.640026,76.457092,944829.053603,550153.697833,3419.369700,263.085702,270.610062
253,-1,359.280006,76.518288,944829.052290,550152.044621,3419.075900,263.099971,270.555288
254,-1,358.920022,76.580737,944829.011936,550150.392065,3418.769300,263.085578,270.469973
255,-1,358.559970,76.643397,944828.989955,550148.738853,3418.468700,263.099955,270.414358
256,-1,358.199990,76.707263,944828.928931,550147.086954,3418.155600,263.085657,270.328284
257,-1,357.840018,76.771596,944828.871845,550145.435054,3417.843800,263.085678,270.256785
258,-1,357.480031,76.836639,944828.804259,550143.783483,3417.528700,263.085581,270.184759
259,-1,357.120033,76.902153,944828.740939,550142.131583,3417.214900,263.100146,270.127656
260,-1,356.760033,76.968847,944828.638249,550140.481652,3416.888800,263.085677,270.039848
261,-1,356.399994,77.035994,944828.539824,550138.831393,3416.564100,263.085873,269.967011
262,-1,356.040024,77.103570,944828.445008,550137.181134,3416.240699,263.100057,269.908470
263,-1,355.679971,77.172343,944828.311478,550135.533171,3415.905199,263.085848,269.819934
264,-1,355.320001,77.241293,944828.195993,550133.884224,3415.575500,263.100094,269.760820
265,-1,354.959977,77.311398,944828.041466,550132.238230,3415.233900,263.085574,269.671419
266,-1,354.600015,77.381959,944827.891203,550130.592236,3414.893600,263.085688,269.596987
267,-1,354.240004,77.452938,944827.744550,550128.945586,3414.554600,263.099842,269.536951
268,-1,353.880007,77.525060,944827.559511,550127.302873,3414.204000,263.085796,269.447289
269,-1,353.520004,77.597601,944827.378081,550125.659831,3413.854700,263.085759,269.372016
270,-1,353.160035,77.670812,944827.186480,550124.018102,3413.502400,263.085854,269.296663
271,-1,352.800007,77.744639,944826.984381,550122.377357,3413.147300,263.085794,269.221004
272,-1,352.440035,77.818902,944826.786219,550120.736285,3412.793400,263.100068,269.160056
273,-1,352.080015,77.894250,944826.549343,550119.100133,3412.428300,263.085703,269.069210
274,-1,351.720024,77.970015,944826.316403,550117.463653,3412.064499,263.085669,268.993117
275,-1,351.359996,78.046413,944826.073294,550115.828486,3411.697900,263.085768,268.917046
276,-1,350.999978,78.123406,944825.819685,550114.194959,3411.328599,263.085629,268.840663
277,-1,350.639978,78.201065,944825.556234,550112.563073,3410.956400,263.085898,268.764573
278,-1,350.279972,78.279071,944825.296064,550110.930530,3410.585600,263.099899,268.702706
279,-1,349.919975,78.358154,944824.997837,550109.304549,3410.204000,263.085666,268.611506
280,-1,349.560033,78.437388,944824.717653,550107.675615,3409.827800,263.100101,268.549986
281,-1,349.199969,78.517668,944824.398756,550106.053243,3409.440900,263.085660,268.458552
282,-1,348.839989,78.598328,944824.084124,550104.430543,3409.055400,263.085858,268.382273
283,-1,348.479971,78.679354,944823.773101,550102.806859,3408.671200,263.100174,268.320623
284,-1,348.120037,78.761197,944823.437800,550101.188423,3408.280400,263.100037,268.244049
285,-1,347.759996,78.843594,944823.092329,550099.571629,3407.887200,263.099996,268.167652
286,-1,347.400016,78.926797,944822.722907,550097.960412,3407.487599,263.085754,268.076644
287,-1,347.039979,79.010339,944822.357094,550096.348210,3407.089400,263.085636,268.000333
288,-1,346.680019,79.094461,944821.981438,550094.738633,3406.688700,263.085723,267.924322
289,-1,346.320035,79.179133,944821.595612,550093.131353,3406.285600,263.085769,267.848396
290,-1,345.959978,79.264146,944821.213395,550091.522760,3405.883800,263.100019,267.787254
291,-1,345.600008,79.350128,944820.793449,550089.924010,3405.472200,263.085666,267.696781
292,-1,345.240028,79.436220,944820.391218,550088.320667,3405.065700,263.100001,267.636046
293,-1,344.880028,79.523279,944819.951259,550086.727166,3404.649500,263.085728,267.546023
294,-1,344.519981,79.610443,944819.528687,550085.128744,3404.238300,263.099915,267.485511
295,-1,344.160026,79.698345,944819.082494,550083.537212,3403.821200,263.099883,267.410575
296,-1,343.800022,79.786983,944818.612679,550081.952241,3403.398300,263.085721,267.321334
297,-1,343.439978,79.875721,944818.160252,550080.362022,3402.980300,263.100110,267.261700
298,-1,343.080009,79.965389,944817.670423,550078.783285,3402.553000,263.085762,267.172790
299,-1,342.719979,80.055142,944817.197983,550077.198970,3402.130600,263.100059,267.113597
300,-1,342.360008,80.145789,944816.688470,550075.626467,3401.699200,263.085835,267.025417
301,-1,341.999983,80.236740,944816.182565,550074.052651,3401.269100,263.085833,266.952144
302,-1,341.639975,80.387665,944815.666818,550072.482116,3400.555900,263.085845,266.832138
303,-1,341.280038,80.569555,944815.141229,550070.915190,3399.697200,263.085762,266.690014
304,-1,340.920034,80.752027,944814.619248,550069.346624,3398.839000,263.100009,266.564804
305,-1,340.560012,80.934973,944814.073974,550067.785931,3397.977100,263.100055,266.427693
306,-1,340.200034,81.118349,944813.505405,550066.233769,3397.111800,263.085682,266.278532
307,-1,339.839966,81.302290,944812.940446,550064.679966,3396.247000,263.085649,266.146350
308,-1,339.479989,81.486691,944812.365972,550063.130101,3395.380900,263.085714,266.016820
309,-1,339.119973,81.671632,944811.795107,550061.578595,3394.515199,263.100121,265.904295
310,-1,338.760001,81.856920,944811.187825,550060.041196,3393.644499,263.085860,265.765457
311,-1,338.400027,82.042717,944810.584151,550058.502485,3392.774300,263.085823,265.643557
312,-1,338.039996,82.228937,944809.970636,550056.967383,3391.902900,263.085692,265.524198
313,-1,337.679984,82.415603,944809.347605,550055.436218,3391.030199,263.085652,265.407565
314,-1,337.319959,82.602745,944808.728184,550053.903413,3390.157900,263.099962,265.308032
315,-1,336.960031,82.790172,944808.073002,550052.386028,3389.281300,263.085714,265.182462
316,-1,336.599968,82.978064,944807.421100,550050.866674,3388.405100,263.085643,265.073850
317,-1,336.240028,83.166347,944806.760012,550049.351913,3387.527800,263.085703,264.968091
318,-1,335.880009,83.355010,944806.089082,550047.841089,3386.649399,263.085553,264.864860
319,-1,335.519970,83.500786,944725.597117,550082.673041,3375.980800,175.390632,176.525086
320,-1,335.160053,83.594022,944725.146002,550081.667793,3375.692800,175.400081,176.502110
321,-1,334.800005,83.688156,944724.671266,550080.673045,3375.399999,175.390606,176.460264
322,-1,334.439967,83.782569,944724.198826,550079.677312,3375.107500,175.390555,176.428295
323,-1,334.079982,83.877213,944723.728682,550078.680594,3374.815400,175.399925,176.406216
324,-1,333.719931,83.972530,944723.243775,550077.690767,3374.520300,175.399930,176.374989
325,-1,333.359988,84.068339,944722.752962,550076.704220,3374.223800,175.400111,176.344282
326,-1,333.000019,84.164758,944722.247058,550075.725220,3373.924499,175.390342,176.303884
327,-1,332.640036,84.261476,944721.743778,550074.744907,3373.625400,175.390430,176.273815
328,-1,332.279975,84.358617,944721.234265,550073.767547,3373.325100,175.390550,176.244161
329,-1,331.919998,84.522238,944720.727048,550072.789202,3372.820400,175.400086,176.204756
330,-1,331.559945,84.708246,944720.205067,550071.818403,3372.245899,175.399969,176.150727
331,-1,331.200010,84.894432,944719.677181,550070.851214,3371.671200,175.399865,176.098550
332,-1,330.839943,85.080562,944719.134859,550069.891570,3371.096200,175.390400,176.038881
333,-1,330.479994,85.267077,944718.595162,550068.930942,3370.521200,175.390631,175.990735
334,-1,330.120015,85.453710,944718.048903,550067.973923,3369.946100,175.390297,175.943883
335,-1,329.759964,85.640489,944717.497067,550067.019857,3369.370899,175.390580,175.899507
336,-1,329.399979,85.827575,944716.947200,550066.064806,3368.795700,175.399985,175.866099
337,-1,329.039974,86.014399,944716.375022,550065.122879,3368.220200,175.390431,175.815632
338,-1,328.679968,86.201502,944715.805142,550064.179639,3367.644799,175.390445,175.776590
339,-1,328.319966,86.388687,944715.229355,550063.240009,3367.069399,175.390463,175.739427
340,-1,327.959955,86.575949,944714.647664,550062.303987,3366.494000,175.390484,175.704143
341,-1,327.600010,86.763280,944714.060066,550061.371902,3365.918600,175.390334,175.670567
342,-1,327.239994,86.950657,944713.466892,550060.443098,3365.343299,175.390641,175.639329
343,-1,326.879957,87.138091,944712.867483,550059.518231,3364.768000,175.390499,175.609525
344,-1,326.520003,87.325523,944712.262498,550058.597301,3364.192899,175.390460,175.581710
345,-1,326.159967,87.513013,944711.651607,550057.679980,3363.617800,175.390428,175.555783
346,-1,325.799984,87.700492,944711.035138,550056.766596,3363.042900,175.390495,175.531844
347,-1,325.440028,87.888165,944710.420638,550055.851900,3362.467900,175.399851,175.519063
348,-1,325.080004,88.075428,944709.784812,550054.951639,3361.893600,175.390380,175.489373
349,-1,324.720038,88.262879,944709.151283,550054.050066,3361.319200,175.390467,175.471109
350,-1,324.360008,88.450269,944708.511849,550053.152430,3360.745100,175.390384,175.454560
351,-1,323.999961,88.637627,944707.866837,550052.258731,3360.171200,175.390399,175.439993
352,-1,323.640034,88.824884,944707.216576,550051.369297,3359.597700,175.390585,175.427480
353,-1,323.280013,89.012317,944706.567955,550050.478223,3359.023900,175.399987,175.426051
354,-1,322.920000,89.112073,950652.734541,545555.308408,3474.245400,7629.485839,7630.402096
355,-1,322.559999,89.141205,950624.040372,545516.903301,3470.371499,7629.899973,7630.757134
356,-1,322.199998,89.169687,950594.449552,545479.184872,3466.571900,7629.485922,7630.287123
357,-1,321.839999,89.193794,950565.275070,545441.143610,3463.367000,7629.899925,7630.655315
358,-1,321.479999,89.217418,950535.536612,545403.542307,3460.220400,7629.899854,7630.611618
359,-1,321.119999,89.239004,950505.240413,545366.388182,3457.339900,7629.486120,7630.159123
360,-1,320.759999,89.244140,950543.278067,545273.427082,3457.818300,7717.600218,7718.271833
361,-1,320.399999,89.255699,950512.163299,545236.234243,3456.255699,7717.181147,7717.832342
362,-1,320.040000,89.268637,950413.920714,545255.293260,3453.393300,7629.485858,7630.107464
363,-1,319.680000,89.277176,950383.017560,545218.646351,3452.255999,7629.485981,7630.093155
364,-1,319.320000,89.285091,950418.389537,545125.031709,3452.296200,7717.181322,7717.782098
365,-1,318.959999,89.287111,950386.667487,545088.359538,3452.024100,7717.181016,7717.778402
366,-1,318.599999,89.296222,950354.716108,545051.887170,3450.796700,7717.181212,7717.763425
367,-1,318.240000,89.306911,950388.267550,544956.928371,3450.422800,7805.299971,7805.871079
368,-1,317.880000,89.312700,950355.176081,544920.732577,3449.629000,7804.876572,7805.438149
369,-1,317.520000,89.327728,950322.171882,544884.461652,3447.581600,7804.876426,7805.413712
370,-1,317.159999,89.348145,950288.940321,544848.398732,3444.800000,7804.876249,7805.381393
371,-1,316.799998,89.385959,950255.791765,544812.255104,3439.652800,7805.299946,7805.748205
372,-1,316.439999,89.441799,950285.349777,544716.470518,3432.895300,7892.571664,7892.946240
373,-1,316.079999,89.475140,950314.231281,544619.812247,3429.105500,7980.266809,7980.601654
374,-1,315.720000,89.521458,950216.859756,544644.731161,3421.924799,7892.999935,7893.275243
375,-1,315.360000,89.594185,950182.124261,544609.334578,3411.905400,7892.999998,7893.197981
376,-1,315.000000,89.673490,950209.180310,544512.143499,3401.479900,7980.700182,7980.829770
377,-1,314.640000,89.735215,950173.307350,544477.106168,3392.880000,7980.266827,7980.352045
378,-1,314.280000,89.789563,950199.051065,544378.888844,3385.633800,8068.400040,8068.454459
379,-1,313.920000,89.833008,950162.341821,544343.924676,3379.514500,8067.962293,8067.996561
380,-1,313.560000,89.869489,950125.717222,544308.876845,3374.377500,8067.962042,8067.982972
381,-1,313.200000,89.902177,950149.207661,544209.809786,3369.925099,8156.099876,8156.111764
382,-1,312.840001,89.927631,950111.440020,544175.171404,3366.301100,8155.657426,8155.663931
383,-1,312.480000,89.943785,950133.281839,544075.439976,3364.088200,8243.800173,8243.804141
384,-1,312.119999,89.959730,950094.970892,544040.579810,3361.793999,8243.800089,8243.802125
385,-1,311.760000,89.994306,950056.441770,544005.961113,3356.819200,8243.800022,8243.800062
386,-1,311.400000,90.031344,950017.399853,543971.920826,3351.490400,8243.352409,8243.353642
387,-1,311.039999,90.075628,949978.440942,543937.790645,3345.119000,8243.352562,8243.359743
388,-1,310.680001,90.115745,949939.268448,543903.906199,3339.347200,8243.352566,8243.369387
389,-1,310.320000,90.132344,949956.919987,543803.060928,3336.755500,8331.500104,8331.522330
390,-1,309.959999,90.141655,949916.610685,543769.660732,3335.402600,8331.047906,8331.073368
391,-1,309.600000,90.136505,949932.573251,543668.245581,3335.941400,8419.200099,8419.223994
392,-1,309.240000,90.139509,949891.418806,543635.008442,3335.501099,8418.743102,8418.768058
393,-1,308.879999,90.137641,949850.632142,543601.320846,3335.774500,8419.200010,8419.224304
394,-1,308.520000,90.138508,949863.966433,543499.630432,3335.435200,8506.899902,8506.924759
395,-1,308.159999,90.138586,949821.757856,543466.836535,3335.424600,8506.438470,8506.463354
396,-1,307.800000,90.138726,949833.378240,543364.653012,3335.191600,8594.133598,8594.158789
397,-1,307.440000,90.143576,949844.206302,543261.687995,3334.243200,8682.299899,8682.327159
398,-1,307.079999,90.149864,949853.378200,543159.073043,3333.062100,8769.524164,8769.554162
399,-1,306.720000,90.156013,949861.748590,543055.696281,3331.882199,8857.219158,8857.251994
400,-1,306.360000,90.196677,949765.045371,543093.183739,3325.897000,8769.524216,8769.575883
401,-1,306.000000,90.247182,949875.495938,542847.419466,3317.029700,9033.099800,9033.183862
402,-1,305.640001,90.308577,949829.188944,542814.601619,3307.352700,9032.609723,9032.740723
403,-1,305.279999,90.356384,1072559.475963,369249.778802,1977.573600,221605.872501,221610.159483
404,-1,304.920000,90.381035,1072983.449852,366210.082453,1864.066900,224336.599898,224341.560836
405,-1,304.559999,90.394759,1220874.622902,149024.316694,0.000000,487085.799849,487097.361059
406,-1,304.200000,90.392238,1220108.459736,144706.894227,0.000000,490216.393866,490227.881246
407,-1,303.839999,90.375056,1063870.711188,372208.923474,1953.573800,214239.472321,214244.062461
408,-1,303.479999,90.266500,1063143.742498,370867.939279,2356.179699,214952.700139,214955.025384
409,-1,303.120000,90.339142,1062439.784916,369475.182550,2079.042800,215730.291527,215734.070796
410,-1,302.759999,90.374082,1115921.494226,283855.521113,1288.457700,316667.513126,316674.262612
411,-1,302.400000,90.361092,1060629.938470,367267.805731,1990.869900,216607.244038,216611.545745
412,-1,302.039999,90.386267,1206724.801464,131264.550377,24.478499,494162.679593,494173.909608
413,-1,301.679999,90.385937,1190777.689329,151193.176858,198.045499,468818.755365,468829.391206
414,-1,301.320000,90.385728,1200528.594040,129501.647078,40.940600,492408.775010,492419.933924
415,-1,300.959999,90.387239,1193369.123779,135421.800920,87.220300,483639.251010,483650.297259
416,-1,300.599999,90.383617,1181473.156101,149567.181094,239.930600,465398.640954,465409.072635
417,-1,300.240000,90.381789,1179538.428671,147079.785478,247.014200,466564.000082,466574.358452
418,-1,299.879999,90.387441,1178692.444143,142667.850077,178.029899,469958.793538,469969.538500
419,-1,299.519999,90.367292,1180059.615621,134260.544713,292.150899,477939.060270,477948.880638
420,-1,299.160000,90.380965,1177668.138777,132383.536000,175.000000,478403.500006,478414.075440
421,-1,298.799999,90.383844,1174827.367883,131311.428236,153.897700,477965.000110,477975.726151
422,-1,298.440000,90.371133,1108321.926091,247799.766453,1128.657700,343853.037616,343860.251456
423,-1,298.080000,90.379974,1163436.429379,139902.811971,272.263200,464985.399966,464995.625371
424,-1,297.720000,90.385990,1164881.057067,130872.627604,165.118400,473641.993627,473652.741840
425,-1,297.359999,90.379277,1163048.353712,127938.925794,209.000000,475395.898294,475406.314350
426,-1,297.000000,90.377659,1109559.195598,226337.918957,960.459300,363428.799883,363436.694900
427,-1,296.639999,90.376795,1155838.103369,128989.314442,257.279399,471186.526911,471196.716046
428,-1,296.279999,90.376214,1154441.565479,125130.911397,243.460999,474018.499954,474028.718747
429,-1,295.920000,90.382362,1151564.023334,124238.128078,195.696299,473554.298200,473564.843357
430,-1,295.559999,90.376782,1149386.830182,121894.227254,234.148799,474720.100026,474730.364863
431,-1,295.200000,90.369649,1150239.341272,113077.195347,239.501600,483051.600017,483061.653251
432,-1,294.839999,90.359261,1147157.482606,112509.824763,332.036099,482262.300117,482271.780713
433,-1,294.480000,90.374004,1145348.553153,109170.328489,193.054600,484542.499978,484552.823238
434,-1,294.119999,90.353351,1080358.139827,246872.225985,1306.661300,332295.299836,332301.619139
435,-1,293.759999,90.344745,1076852.637980,249653.319504,1380.425900,328330.980064,328336.923545
436,-1,293.399999,90.372873,1126552.043831,129610.354210,373.839900,458232.499970,458242.203761
437,-1,293.039999,90.378485,1126539.137688,122284.199243,284.512400,464960.164849,464970.309732
438,-1,292.680000,90.368084,1121692.694297,126304.775191,404.820099,459372.600116,459382.079756
439,-1,292.320000,90.373651,1121547.781857,119057.801824,316.880999,466012.507659,466022.417421
440,-1,291.959999,90.377783,1118704.462413,118279.639339,285.584799,465661.726515,465671.849042
441,-1,291.599999,90.373310,1115244.984096,119069.377260,335.079500,463644.736094,463654.577534
442,-1,291.240000,90.372114,1116513.599997,107764.201708,273.399099,474632.399988,474642.410186
443,-1,290.880000,90.361223,1118731.770101,93582.058813,275.153300,488664.399898,488674.111596
444,-1,290.520000,90.367953,1116834.006180,89893.409038,199.904599,491444.127223,491454.261473
445,-1,290.160000,90.367124,1115610.291436,84267.087941,175.937999,496294.300017,496304.488216
446,-1,289.799999,90.365609,1091579.498946,141809.573578,586.543000,434003.744789,434012.580904
447,-1,289.440000,90.367387,1093134.288160,129210.976400,493.633499,446393.000069,446402.177025
448,-1,289.079999,90.369340,1087611.929454,136596.458020,535.106799,437599.249725,437608.341783
449,-1,288.720000,90.372544,1091773.499543,115748.824190,373.621100,458670.999881,458680.695818
450,-1,288.359999,90.359849,1097624.010807,88971.190410,304.112299,485919.327283,485928.911103
451,-1,287.999999,90.354186,1095427.885278,85850.126770,338.050399,488199.403453,488208.731540
452,-1,287.640000,90.360586,1092276.454573,85638.340776,288.319099,487436.599839,487446.252965
453,-1,287.280000,90.353876,1088409.285142,87759.218096,365.065199,484253.117578,484262.354075
454,-1,286.919999,90.357847,1090146.236721,71594.922013,231.814599,500213.651432,500223.407703
455,-1,286.560000,90.353461,1087394.198918,69823.020701,264.529399,501117.799874,501127.335655
456,-1,286.199999,90.351770,1084463.659504,68624.355119,277.336299,501441.384794,501450.835630
457,-1,285.839999,90.354816,1081538.549540,67391.201746,248.339500,501819.400014,501829.022461
458,-1,285.479999,90.357834,1070607.466744,95047.570317,406.642200,472238.869537,472248.079523
459,-1,285.120000,90.361654,1068552.809764,91276.634946,355.619900,475333.999894,475343.469226
460,-1,284.760000,90.342155,1065533.100908,91015.501610,520.540800,474807.800114,474816.266442
461,-1,284.400000,90.346148,1062268.711439,91733.451946,496.611099,473291.212560,473299.849981
462,-1,284.039999,90.346977,1062838.993107,77195.060747,403.568100,487524.300063,487533.239898
463,-1,283.679999,90.348847,1057645.698048,85578.965239,444.788799,478140.400028,478149.262563
464,-1,283.319999,90.357675,1058118.931353,70540.395250,279.138699,492873.999960,492883.603817
465,-1,282.959999,90.367708,1055063.862988,70007.324794,193.950800,492698.600027,492708.746648
466,-1,282.600000,90.375780,1051451.776709,71975.753272,142.365999,489979.900023,489990.438550
467,-1,282.240000,90.370230,1049239.014730,67654.424644,165.636799,493724.203686,493734.511376
468,-1,281.880000,90.364741,1045506.730200,70327.090887,234.541700,490330.700014,490340.635557
469,-1,281.520000,90.354993,1039980.146437,82016.204976,395.834700,477763.669872,477772.840195
470,-1,281.160000,90.361173,1038077.327736,76151.964736,310.407000,483139.300169,483148.899414
471,-1,280.799999,90.353416,1036209.743544,69741.881756,339.202999,489076.355819,489085.660070
472,-1,280.439999,90.367340,1033384.938498,68114.471296,213.421600,490155.299928,490165.373978
473,-1,280.079999,90.257543,949738.761959,521056.650384,3223.150400,29554.899859,29555.198438
474,-1,279.719999,90.161244,949570.635327,520938.282182,3272.578100,29642.600051,29642.717436
475,-1,279.359999,90.158868,949415.224877,520735.945973,3273.325700,29816.381711,29816.496329
476,-1,279.000000,90.326601,949257.719942,520532.826957,3185.036700,29991.772245,29992.259515
477,-1,278.639999,90.314193,1000964.163117,178992.426049,1297.265000,375423.324376,375428.969148
478,-1,278.279999,90.364950,998823.360312,177323.443823,956.168300,376759.200107,376766.843098
479,-1,277.920000,90.348998,1011230.933266,70955.611283,408.964800,483814.641353,483823.616831
480,-1,277.560000,90.355933,1008011.060112,72110.998080,360.208700,482236.126969,482245.432243
481,-1,277.199999,90.352239,1003481.616744,83790.008843,466.082399,470071.999982,470080.883244
482,-1,276.840000,90.352460,998249.439216,102610.005980,583.109400,450753.535904,450762.064789
483,-1,276.480000,90.350954,995221.403605,104174.305017,606.625199,448848.600047,448857.020470
484,-1,276.120000,90.326516,986004.278995,163684.156141,1140.934599,388686.399855,388692.711467
485,-1,275.759999,90.323094,990035.670866,99384.633822,801.152100,453058.200042,453065.403527
486,-1,275.400000,90.337268,987491.381664,96051.961681,671.000000,456127.699920,456135.602490
487,-1,275.040000,90.340594,986684.461690,72579.134611,506.000000,479429.879410,479438.350334
488,-1,274.679999,90.336280,976751.396910,156995.957575,1040.723100,394474.599843,394481.394274
489,-1,274.319999,90.345894,980871.462489,69551.642963,446.297600,481973.041224,481981.824175
490,-1,273.959999,90.322916,976827.539802,84118.128594,723.122000,467152.545846,467159.965255
491,-1,273.600000,90.335205,974498.925037,74384.704819,566.998000,476711.326811,476719.485276
492,-1,273.239999,90.336279,971485.677455,74617.990442,560.482600,476298.699872,476306.903600
493,-1,272.880000,90.324991,968550.153798,73407.165764,648.351299,477351.100114,477358.779265
494,-1,272.519999,90.317702,963983.755123,108949.208196,907.137799,441633.230697,441640.020132
495,-1,272.160000,90.310904,959432.986009,155982.429090,1215.554200,394453.191413,394458.998787
496,-1,271.799999,90.319902,956925.746929,156860.969656,1158.995000,393488.543903,393494.677237
497,-1,271.440000,90.304907,956002.058816,95223.768456,934.229600,455075.299917,455081.743829
498,-1,271.080000,90.289575,953052.056514,100007.968205,1080.509999,450227.364332,450233.114562
499,-1,270.720000,90.252905,949517.446457,156150.362153,1616.702800,394036.099997,394039.938655
500,-1,270.359999,90.238953,947033.493091,157442.502614,1718.138600,392720.600070,392724.015448
501,-1,270.000000,90.266812,944565.973092,91947.719562,1222.226599,458207.631155,458212.599387
502,-1,269.639999,90.260002,941629.524897,82811.275892,1235.185800,467353.299979,467358.112002
503,-1,269.280000,90.256965,938634.784823,78191.217875,1239.112400,472001.400085,472006.147095
504,-1,268.919999,90.259232,936845.190962,140603.651449,1502.656700,409624.468079,409628.660778
505,-1,268.560000,90.220265,934273.716446,140725.693856,1781.499100,409558.999979,409562.026458
506,-1,268.200000,90.164281,931674.566460,139944.139973,2179.234700,410413.725142,410415.412188
507,-1,267.840000,90.172544,928776.795681,131532.841507,2094.431200,418920.163444,418922.063033
508,-1,267.479999,90.163223,934517.772060,321842.561280,2704.953299,228533.796547,228534.723895
509,-1,267.120000,90.136775,933060.793019,321459.868476,2809.369700,228984.699850,228985.352305
510,-1,266.760000,90.204443,931415.913106,317859.159142,2525.786100,232668.099871,232669.581064
511,-1,266.399999,90.219375,915227.715496,83837.101597,1567.012600,467240.241012,467243.665871
512,-1,266.039999,90.238242,912175.467335,82255.531925,1405.751999,469019.600111,469023.654793
513,-1,265.679999,90.250363,910129.925495,94298.886119,1358.374200,457155.288375,457159.652854
514,-1,265.319999,90.251163,906076.556633,79989.860275,1288.060200,471738.299888,471742.832437
515,-1,264.960000,90.245353,903076.971753,79716.809968,1333.640199,472264.499887,472268.830003
516,-1,264.599999,90.253605,899618.506229,74660.819424,1241.948999,477614.200026,477618.878686
517,-1,264.239999,90.259821,896411.749847,72771.186721,1180.183200,479806.699880,479811.633278
518,-1,263.880000,90.261908,894684.799561,84942.394005,1217.228300,467879.500047,467884.388400
519,-1,263.519999,90.257715,892485.301991,91626.186412,1280.272000,461477.400118,461482.068413
520,-1,263.159999,90.237715,889618.752278,92074.405660,1441.824299,461364.659785,461368.630671
521,-1,262.799999,90.184714,938872.259742,505084.968745,3209.543200,45428.600053,45428.836133
522,-1,262.440000,90.079750,938439.192039,503991.443045,3291.180300,46568.699977,46568.745089
523,-1,262.079999,89.972286,938234.191464,504641.364317,3378.226500,45952.305889,45952.311264
524,-1,261.719999,89.904927,937947.986328,504679.578151,3432.253900,45954.799958,45954.863223
525,-1,261.360000,89.890506,937675.561020,504808.762276,3443.653000,45867.099992,45867.183745
526,-1,261.000000,89.899399,937377.448755,504768.793852,3436.683800,45952.305993,45952.376826
527,-1,260.640000,89.965850,937034.961579,504466.265914,3383.598800,46305.600142,46305.608366
528,-1,260.279999,90.009133,936244.611454,501575.491184,3348.142800,49287.400131,49287.400758
529,-1,259.920000,90.127613,870734.771017,134829.685635,2416.448300,421836.999889,421838.046213
530,-1,259.559999,90.053633,867522.790893,132024.346429,2958.010100,425169.599889,425169.786162
531,-1,259.199999,90.048599,864979.301229,132947.406263,2995.732500,424731.099936,424731.252730
532,-1,258.839999,90.091787,918680.183328,418941.852317,3141.744400,133742.499878,133742.671497
533,-1,258.480000,90.182868,917751.173703,418591.486548,2927.459600,134268.700079,134269.383956
534,-1,258.119999,90.202972,867095.611957,181895.099706,2022.861099,376320.700106,376323.061462
535,-1,257.759999,90.209149,865861.704320,187360.098290,2000.857699,371234.100139,371236.573517
536,-1,257.399999,90.172398,878984.348678,256760.029372,2451.407400,300635.600100,300636.961026
537,-1,257.040000,90.242857,860979.190463,186944.535145,1776.219300,372704.771606,372708.119693
538,-1,256.679999,90.184746,839363.452526,105810.237112,1883.625000,456629.116808,456631.490598
539,-1,256.319999,90.232946,836573.644786,106480.010707,1499.477000,456629.116795,456632.890825
540,-1,255.959999,90.172179,881057.254637,296191.244801,2569.311100,261784.499948,261785.681985
541,-1,255.600000,90.157788,878136.004574,291427.705115,2620.368500,267119.702223,267120.715163
542,-1,255.240000,90.165088,877580.482063,295906.871354,2598.421300,262924.599964,262925.691388
543,-1,254.879999,90.143116,876167.330690,297010.081090,2701.003400,262223.000167,262223.818211
544,-1,254.520000,90.173354,869405.118493,278766.233391,2503.974000,281604.700008,281605.988954
545,-1,254.160000,90.199247,866939.626049,276558.851651,2367.004700,284395.664623,284397.384249
546,-1,253.799999,90.241192,808607.343435,82182.678068,1304.556300,487322.451077,487326.768960
547,-1,253.439999,90.239449,811236.299135,101766.717640,1401.000900,467791.800088,467795.885244
548,-1,253.080000,90.216428,858040.047719,265721.987498,2232.967800,297303.000108,297305.121171
549,-1,252.719999,90.218271,856645.377936,267527.381197,2228.414999,295987.500086,295989.647885
550,-1,252.360000,90.250069,853834.849765,264825.902676,2049.217600,299407.799930,299410.651680
551,-1,251.999999,90.234526,848200.792463,253573.820849,2079.532700,311844.275073,311846.887534
552,-1,251.639999,90.246073,802004.606313,120599.052023,1412.187500,452595.135906,452599.310044
553,-1,251.279999,90.249492,784467.232923,77707.105326,1183.811300,498837.600002,498842.329378
554,-1,250.920000,90.260823,781645.273344,79136.764541,1087.160600,498399.100049,498404.264189
555,-1,250.560000,90.277911,827352.226221,218049.091046,1647.728400,352184.085625,352188.228593
556,-1,250.200000,90.262358,825267.868513,218792.117447,1743.329100,352184.085556,352187.777792
557,-1,249.839999,90.275154,822667.804487,218130.723757,1657.423899,353694.100059,353698.178646
558,-1,249.479999,90.268620,775156.777790,97531.588971,1090.177400,483288.469911,483293.781360
559,-1,249.120000,90.285190,786310.153121,135289.848756,1145.844200,444025.099821,444030.600364
560,-1,248.760000,90.281647,777638.251174,120679.538082,1090.955800,460775.800127,460781.367253
561,-1,248.400000,90.271478,771530.319820,113117.178207,1128.815700,470046.488694,470051.765110
562,-1,248.039999,90.253788,772385.805642,123136.416042,1316.562699,460425.000009,460429.516797
563,-1,247.679999,90.257433,772537.246284,131122.665818,1320.763100,452970.499989,452975.072216
564,-1,247.320000,90.255831,769671.089287,131645.389510,1330.688100,453584.400096,453588.921710
565,-1,246.959999,90.264371,763475.342164,124359.289581,1220.993100,462705.200196,462710.125827
566,-1,246.600000,90.299493,801910.568115,220498.159967,1478.392800,359199.704875,359204.612151
567,-1,246.240000,90.273547,758961.846270,128537.516789,1156.634700,460663.097913,460668.348150
568,-1,245.880000,90.283618,759424.158993,136652.942815,1113.305700,453058.200089,453063.750862
569,-1,245.520000,90.285595,765769.540003,157459.185979,1205.213900,431484.000033,431489.360431
570,-1,245.159999,90.246125,750411.171114,130735.106882,1370.607900,462179.000031,462183.264356
571,-1,244.800000,90.281907,749395.974981,135397.992241,1100.637200,458383.021688,458388.570138
572,-1,244.440000,90.319464,758929.334524,162006.621438,956.989400,430256.199977,430262.888094
573,-1,244.080000,90.318262,823810.557123,301690.153094,1821.463699,276254.999801,276259.261776
574,-1,243.719999,90.319378,822484.777294,302925.593537,1819.014700,275728.800096,275733.083844
575,-1,243.359999,90.336046,820704.590238,303240.589298,1735.801400,276240.007184,276244.758525
576,-1,243.000000,90.336729,747442.072393,163277.912203,804.147299,434202.699966,434210.198648
577,-1,242.640000,90.350893,796654.086502,264316.155008,1384.938400,321841.532432,321847.568084
578,-1,242.279999,90.303342,793514.916599,262689.340020,1636.730000,324735.475385,324740.026579
579,-1,241.920000,90.342747,791703.412020,263628.539913,1413.278600,324753.099887,324758.910660
580,-1,241.559999,90.283430,840448.760395,357915.495696,2274.502299,218624.234334,218626.909312
581,-1,241.200000,90.232330,839025.979776,358178.815379,2467.660900,219074.599872,219076.400955
582,-1,240.840000,90.156231,837571.262869,358396.624655,2757.232500,219588.881859,219589.698207
583,-1,240.479999,90.239716,836843.835190,359912.093737,2441.303499,218624.234293,218626.147773
584,-1,240.119999,90.282416,829790.152775,350392.752867,2220.387400,230387.899918,230390.698694
585,-1,239.760000,90.262253,828802.287953,351572.445390,2303.872900,229861.699908,229864.107803
586,-1,239.399999,90.304358,825503.272898,348831.319639,2113.520900,233895.900064,233899.200129
587,-1,239.039999,90.356175,824015.093459,349207.356288,1899.256899,234334.400046,234338.927934
588,-1,238.679999,90.396275,843406.243325,383907.580523,2010.020999,194606.300054,194610.954677
589,-1,238.320000,90.449817,821183.783177,350226.494998,1511.529700,234935.548900,234942.789223
590,-1,237.960000,90.447602,773862.699670,277396.919201,842.226899,321771.300025,321781.119047
591,-1,237.600000,90.470315,784229.235367,297505.079115,899.681599,299232.399991,299242.481450
592,-1,237.239999,90.482400,846004.517000,396983.169529,1822.415400,182143.014460,182149.470486
593,-1,236.879999,90.480187,782408.807250,301596.459056,868.698699,296776.800066,296787.222982
594,-1,236.520000,90.447275,781382.449722,303424.857630,1046.717900,295812.100019,295821.113685
595,-1,236.159999,90.485388,783400.600870,309772.591654,904.167000,289409.999927,289420.385500
596,-1,235.800000,90.486195,817146.057657,362662.638761,1432.310800,226692.196350,226700.358328
597,-1,235.440000,90.500238,805914.153283,348867.595485,1221.960700,244419.900054,244429.216065
598,-1,235.079999,90.472751,780203.651227,314722.665415,986.819699,287129.800190,287139.574375
599,-1,234.720000,90.453359,814893.970298,366877.392798,1579.487599,224512.000052,224519.028511
600,-1,234.359999,90.458630,779762.167858,320299.028606,1091.988800,282832.499960,282841.561268
601,-1,234.000000,90.480423,780804.429553,324756.922906,1019.825600,278607.778789,278617.573230
602,-1,233.640000,90.500196,809078.153189,366115.282118,1360.832700,228533.796607,228542.505640
603,-1,233.279999,90.547405,807497.571048,366397.882931,1165.695100,229247.800002,229258.263191
604,-1,232.920000,90.473313,785829.456904,340115.700587,1181.062100,263275.399910,263284.383420
605,-1,232.559999,90.479484,785792.452385,342788.401934,1170.321700,261170.600039,261179.745605
606,-1,232.200000,90.477994,891139.435917,481278.273904,2628.768100,87169.068968,87172.102481
607,-1,231.839999,90.406734,890704.802599,481611.600337,2737.154599,87173.799979,87175.996538
608,-1,231.479999,90.367746,890384.432505,482088.602008,2797.603200,86998.400101,87000.192109
609,-1,231.120000,90.324870,889850.701617,482297.516616,2861.741500,87169.068948,87170.470188
610,-1,230.760000,90.265718,889477.904791,482706.899656,2952.121400,87086.100037,87087.036564
611,-1,230.400000,90.193519,888887.497507,482851.635259,3060.971900,87349.200098,87349.698336
612,-1,230.040000,90.129568,888356.117336,483071.997679,3158.082800,87519.849970,87520.073755
613,-1,229.679999,90.093751,887822.245044,483292.771516,3212.506500,87695.240293,87695.357691
614,-1,229.319999,90.095611,886774.467940,482919.068195,3208.050099,88659.888083,88660.011528
615,-1,228.959999,90.089298,886295.573885,483217.363530,3217.682500,88747.583360,88747.691147
616,-1,228.599999,90.085639,885818.149315,483519.025000,3223.219100,88835.278485,88835.377718
617,-1,228.239999,90.154032,885400.623247,483889.461267,3117.177400,88835.278616,88835.599638
618,-1,227.880000,90.310166,884982.199543,484258.937562,2875.066400,88840.099825,88841.401576
619,-1,227.520000,90.451037,884510.112233,484569.931691,2655.937500,88927.799997,88930.555490
620,-1,227.159999,90.489558,888333.080637,489514.326986,2649.350800,82701.100071,82704.119039
621,-1,226.799999,90.533389,888013.209229,489932.773984,2586.896299,82613.399935,82616.979909
622,-1,226.440000,90.588243,888303.780171,490991.575672,2517.746400,81644.268812,81648.571934
623,-1,226.080000,90.620230,789388.404839,389014.616568,934.223700,223710.558290,223723.666363
624,-1,225.720000,90.644408,791003.372081,392683.975699,882.089300,219951.600082,219965.512326
625,-1,225.360000,90.623820,790201.855312,393839.144977,964.000000,219688.500006,219701.521840
626,-1,225.000000,90.721858,880196.204194,485785.581819,2209.036900,91032.600182,91039.825462
627,-1,224.640000,90.746279,879734.147375,486133.149365,2169.151900,91115.354862,91123.084342
628,-1,224.279999,90.775930,841029.171964,449188.552979,1397.395000,144617.299910,144630.562353
629,-1,223.919999,90.765285,829278.712853,439134.405108,1218.090900,160052.499940,160066.777916
630,-1,223.560000,90.802469,828710.532231,439981.833531,1116.656200,159877.099880,159892.781971
631,-1,223.200000,90.822083,826358.388642,439151.040245,1029.196000,162157.300066,162173.992926
632,-1,222.840000,90.831660,809265.110164,424689.809325,677.453399,184520.799872,184540.240049
633,-1,222.479999,90.776145,940232.419751,546187.162787,3276.398500,5875.899931,5876.439091
634,-1,222.119999,90.650452,940207.572688,546214.469491,3289.290800,5875.899838,5876.278502
635,-1,221.760001,90.538768,940248.316701,546300.340710,3301.570300,5788.199967,5788.455878
636,-1,221.400000,90.421807,940224.415830,546327.753057,3313.389200,5787.885909,5788.042759
637,-1,221.040000,90.299813,940200.452296,546355.107333,3325.713300,5787.885762,5787.965003
638,-1,220.680000,90.182675,940176.422816,546382.406819,3337.545499,5788.199830,5788.229249
639,-1,220.320001,90.109538,940152.803441,546410.061291,3344.934100,5788.200001,5788.210578
640,-1,219.960001,90.055506,940129.599091,546438.065500,3350.392900,5787.885940,5787.888656
641,-1,219.600000,89.947574,940309.041317,546633.710450,3361.055200,5524.800295,5524.802607
642,-1,219.239998,89.811519,940286.766099,546660.337366,3374.175500,5525.100072,5525.129967
643,-1,218.880000,89.683836,940333.162332,546742.341795,3386.004400,5437.399822,5437.482606
644,-1,218.519998,89.540348,940311.801154,546769.004471,3399.622099,5437.400093,5437.575071
645,-1,218.159998,89.386014,940290.608283,546795.801005,3414.269799,5437.399977,5437.712191
646,-1,217.799998,89.250349,940269.817314,546822.910859,3427.142400,5437.104916,5437.570331
647,-1,217.440000,89.091001,940318.593135,546903.282418,3440.875600,5349.409754,5350.083044
648,-1,217.079999,88.911219,940298.243767,546930.033677,3457.666000,5349.409650,5350.375648
649,-1,216.720000,88.780417,940277.830094,546956.738348,3469.889500,5349.700128,5350.912285
650,-1,216.359999,88.692516,940258.051262,546983.916771,3478.094100,5349.409665,5350.802812
651,-1,215.999999,88.625888,940237.974858,547010.876035,3484.325200,5349.699967,5351.238837
652,-1,215.640001,88.592994,940218.539202,547038.300520,3487.391200,5349.409627,5351.022986
653,-1,215.279998,88.535831,940270.628993,547116.328251,3490.490100,5261.714404,5263.432916
654,-1,214.920000,88.453951,940251.384937,547143.212712,3498.022400,5262.000219,5263.916476
655,-1,214.559998,88.367476,940232.544423,547170.381621,3505.970300,5262.000050,5264.136740
656,-1,214.199999,88.256409,940286.642412,547247.120641,3513.501200,5174.019061,5176.415736
657,-1,213.840000,88.174646,940268.220861,547273.909301,3520.900899,5174.299843,5176.926808
658,-1,213.479998,88.096029,940250.435135,547301.124470,3527.998800,5174.019262,5176.877332
659,-1,213.119999,88.010512,940232.587074,547328.296003,3535.730300,5174.019011,5177.139723
660,-1,212.759998,87.918416,940214.909616,547355.579085,3544.057400,5174.019188,5177.435673
661,-1,212.399997,87.831032,940197.404073,547382.972731,3551.959300,5174.019227,5177.728750
662,-1,212.039999,87.761245,940180.071103,547410.475629,3558.270699,5174.019279,5177.971508
663,-1,211.680000,87.679104,940162.911360,547438.087122,3565.700100,5174.019139,5178.266909
664,-1,211.319998,87.593733,940145.925174,547465.805899,3573.422500,5174.019223,5178.585470
665,-1,210.960001,87.488132,940129.113856,547493.630646,3582.976299,5174.019097,5178.995255
666,-1,210.600000,87.359887,940112.235609,547521.417664,3594.593700,5174.300039,5179.798051
667,-1,210.240000,87.295926,940095.774027,547549.453041,3600.382500,5174.300182,5180.068067
668,-1,209.880001,87.239568,940079.489283,547577.591437,3605.483700,5174.299940,5180.310993
669,-1,209.520000,87.175300,940063.625798,547605.969989,3611.287600,5174.019062,5180.313215
670,-1,209.160000,87.121767,940047.451289,547634.172360,3616.147900,5174.299912,5180.835503
671,-1,208.800000,87.078301,940031.699352,547662.612592,3620.083400,5174.300117,5181.034814
672,-1,208.440000,87.040825,940016.126549,547691.151249,3623.476700,5174.300202,5181.208968
673,-1,208.079999,86.988302,940000.981238,547719.919564,3628.218100,5174.019281,5181.175370
674,-1,207.719999,86.909363,939985.769326,547748.650150,3635.366800,5174.019149,5181.555747
675,-1,207.360002,86.822900,939970.738188,547777.475551,3643.198200,5174.019146,5181.983879
676,-1,206.999999,86.738926,939955.638153,547806.267816,3650.821300,5174.299829,5182.692188
677,-1,206.640002,86.659594,939941.220531,547835.407194,3657.993100,5174.019153,5182.824908
678,-1,206.279999,86.575971,939926.483355,547864.386795,3665.587799,5174.300021,5183.553348
679,-1,205.920001,86.498612,939912.433187,547893.705306,3672.582299,5174.019097,5183.695397
680,-1,205.559998,86.416443,939818.944200,547885.029142,3685.540900,5261.999938,5272.308844
681,-1,205.200000,86.333150,939804.773297,547914.900145,3693.221100,5261.999834,5272.794356
682,-1,204.839998,86.239253,939790.790057,547944.859731,3701.880900,5261.999944,5273.355384
683,-1,204.480001,86.141539,939776.995465,547974.906259,3710.894700,5262.000070,5273.954397
684,-1,204.119998,86.060554,939763.389850,548005.039401,3718.366800,5262.000053,5274.462461
685,-1,203.760000,85.982558,939750.235348,548035.372017,3725.544500,5261.714521,5274.675614
686,-1,203.399998,85.903147,939736.748171,548065.558636,3732.894300,5262.000026,5275.480413
687,-1,203.040000,85.812133,939643.275917,548061.732529,3747.697200,5349.409743,5363.731098
688,-1,202.680000,85.715626,939629.950812,548092.592047,3756.778700,5349.699924,5364.691309
689,-1,202.320000,85.606629,939617.356021,548123.756683,3766.992000,5349.409802,5365.174709
690,-1,201.959999,85.502035,939604.689051,548154.889823,3776.816400,5349.409604,5365.936037
691,-1,201.599999,85.418602,939592.217620,548186.101702,3784.655300,5349.409797,5366.556674
692,-1,201.239998,85.347940,939579.672369,548217.286351,3791.319200,5349.699840,5367.382154
693,-1,200.880000,85.310793,939567.593653,548248.654071,3794.810800,5349.699908,5367.666535
694,-1,200.520000,85.287228,939555.984096,548280.198955,3797.001999,5349.409674,5367.556858
695,-1,200.159998,85.262266,939544.028412,548311.614575,3799.372600,5349.700116,5368.041597
696,-1,199.800000,85.188836,939615.327154,548373.008481,3798.870899,5261.714459,5280.319468
697,-1,199.439998,85.094874,939603.956769,548404.054351,3807.586700,5262.000090,5281.342205
698,-1,199.080000,85.006494,939593.051279,548435.265902,3815.764300,5261.999916,5282.047551
699,-1,198.720000,84.932742,939582.341655,548466.545367,3822.590200,5262.000171,5282.646327
700,-1,198.359999,84.868025,939572.100206,548497.981656,3828.555400,5261.714417,5282.891936
701,-1,197.999998,84.795639,939561.785266,548529.391698,3835.257300,5261.714409,5283.495631
702,-1,197.640000,84.718896,939551.395851,548560.779103,3842.390700,5261.999956,5284.431800
703,-1,197.280000,84.637076,939541.748561,548592.402727,3849.943300,5261.714412,5284.848015
704,-1,196.919999,84.549436,939531.754158,548623.918412,3858.091100,5262.000112,5285.900174
705,-1,196.559999,84.459763,939522.231539,548655.579438,3866.402800,5261.999880,5286.695920
706,-1,196.199999,84.366819,939513.182017,548687.379243,3874.992199,5261.714349,5287.247942
707,-1,195.839999,84.272697,939503.783413,548719.077671,3883.750000,5262.000057,5288.399064
708,-1,195.479999,84.183836,939495.134152,548750.988696,3891.965200,5261.714571,5288.941192
709,-1,195.120000,84.125133,939486.134827,548782.802609,3897.442000,5262.000105,5289.783034
710,-1,194.760000,84.071922,939477.611222,548814.747099,3902.381100,5262.000055,5290.290813
711,-1,194.399999,84.017697,939469.564978,548846.815604,3907.385299,5261.714531,5290.526018
712,-1,194.040000,83.969272,939461.167029,548878.793559,3911.911800,5261.999916,5291.283497
713,-1,193.680000,83.921202,939453.524328,548910.960489,3916.345800,5261.714493,5291.467360
714,-1,193.319999,83.860766,939445.806495,548943.107406,3921.959500,5261.714532,5292.064812
715,-1,192.960000,83.770926,939438.012548,548975.237919,3930.337900,5262.000148,5293.251324
716,-1,192.600000,83.680629,939430.699242,549007.480965,3938.730900,5261.999855,5294.168280
717,-1,192.240000,83.589277,939509.569163,549058.421808,3937.339700,5174.019107,5206.575608
718,-1,191.880001,83.495522,939502.501920,549090.155669,3945.946600,5174.300030,5207.822749
719,-1,191.520001,83.401432,939496.184347,549122.047337,3954.523300,5174.019114,5208.522240
720,-1,191.159998,83.306392,939489.516382,549153.867812,3963.255300,5174.300024,5209.811872
721,-1,190.800001,83.211060,939483.324137,549185.783430,3971.984900,5174.300061,5210.836643
722,-1,190.439999,83.103654,939477.332679,549217.737763,3981.824200,5174.299885,5212.008752
723,-1,190.079999,82.984540,939385.195724,549234.379462,4003.533600,5261.999828,5301.692366
724,-1,189.719998,82.858156,939379.511352,549266.949278,4015.319600,5261.999857,5303.144805
725,-1,189.359999,82.724056,939374.313528,549299.600460,4027.795800,5261.714314,5304.427125
726,-1,189.000001,82.581297,939455.654573,549345.955682,4029.705200,5174.019297,5217.696272
727,-1,188.640001,82.444893,939363.970045,549364.906431,4053.866899,5261.714347,5307.792015
728,-1,188.280001,82.335182,939185.251898,549372.306351,4087.765700,5437.400026,5486.419605
729,-1,187.919999,82.265761,939180.730254,549406.170457,4094.434200,5437.105065,5487.020736
730,-1,187.559999,82.138676,938654.210966,549370.753533,4179.415100,5963.599934,6020.177456
731,-1,187.199999,82.005010,938475.380943,549385.930011,4218.232699,6138.999996,6199.255292
732,-1,186.840001,81.890828,938470.997421,549424.252769,4230.664200,6138.667008,6200.666907
733,-1,186.480000,81.777922,938466.193297,549462.525331,4243.058200,6138.999964,6202.756872
734,-1,186.120001,81.653630,939682.763042,549631.761869,4076.526300,4911.200023,4963.773143
735,-1,185.759998,81.493653,939679.569807,549662.454393,4090.539900,4911.199838,4965.826488
736,-1,185.400000,81.338900,939676.569157,549693.165946,4104.107099,4911.200016,4967.851631
737,-1,185.039998,81.187332,939674.027167,549723.919493,4117.364500,4910.933498,4969.601969
738,-1,184.680000,81.033877,938709.663611,549675.932384,4283.090100,5875.900159,5948.587961
739,-1,184.319999,80.880906,938707.085204,549712.762035,4299.123900,5875.580995,5950.792780
740,-1,183.960000,80.744262,938704.101614,549749.560846,4313.555100,5875.900156,5953.411997
741,-1,183.599999,80.613640,938701.986132,549786.420024,4327.259100,5875.581070,5955.316713
742,-1,183.239998,80.485006,938699.465468,549823.253612,4340.869200,5875.899947,5957.866021
743,-1,182.880001,80.358339,938697.494672,549860.120008,4354.229300,5875.899943,5960.089083
744,-1,182.520001,80.231754,938696.074071,549897.012323,4367.535900,5875.581098,5962.017957
745,-1,182.159999,80.132570,938694.566856,549933.899060,4378.011600,5875.580994,5963.804133
746,-1,181.799999,80.034469,938693.291268,549970.794327,4388.379200,5875.581066,5965.589634
747,-1,181.439998,79.975357,938691.928738,550007.688939,4394.685700,5875.900022,5966.998329
748,-1,181.079999,79.943054,938691.435629,550044.605203,4398.045800,5875.581246,5967.270266
749,-1,180.720000,79.907321,938690.537008,550081.513922,4401.882600,5875.900020,5968.255311
750,-1,180.360001,79.857315,938690.507809,550118.433468,4407.117100,5875.581262,5968.861058
751,-1,180.000000,79.807721,938690.391996,550155.350717,4412.366500,5875.581096,5969.787551
752,-1,179.639998,79.739872,938690.507809,550192.267966,4419.550700,5875.581262,5971.063160
753,-1,179.279999,79.668935,938690.537008,550229.187511,4427.123300,5875.900020,5972.730210
754,-1,178.920000,79.609072,938691.435629,550266.096230,4433.409300,5875.581246,5973.547168
755,-1,178.560001,79.562007,938691.928738,550303.012495,4438.457500,5875.900022,5974.773243
756,-1,178.200000,79.516996,938693.291268,550339.907106,4443.171800,5875.581066,5975.315505
757,-1,177.839998,79.479547,938606.933829,550380.107813,4463.429900,5963.276338,6065.234181
758,-1,177.480000,79.435545,938608.463682,550417.544746,4468.168200,5963.276287,6066.101069
759,-1,177.120001,79.405929,938609.905280,550454.987585,4471.418600,5963.600090,6067.016127
760,-1,176.760001,79.380108,938611.905604,550492.404505,4474.200400,5963.599995,6067.528083
761,-1,176.399998,79.352364,938526.941863,550535.294511,4493.616299,6050.971448,6156.981916
762,-1,176.039998,79.326019,938529.120665,550573.253752,4496.559100,6051.299875,6157.849075
763,-1,175.680000,79.307512,938532.192837,550611.150986,4498.521299,6050.971661,6157.890302
764,-1,175.319999,79.304967,938534.848671,550649.080044,4498.861600,6051.299895,6158.275981
765,-1,174.959999,79.297543,938451.040768,550694.639992,4516.185700,6138.666813,6247.340322
766,-1,174.600001,79.295760,938454.218255,550733.081517,4516.446500,6138.999923,6247.716074
767,-1,174.240000,79.294423,938457.968904,550771.471204,4516.594900,6138.999887,6247.743603
768,-1,173.879999,79.299996,938461.960694,550809.836612,4515.976500,6138.999848,6247.628720
769,-1,173.519999,79.306310,938466.193297,550848.176103,4515.275800,6138.999964,6247.498775
770,-1,173.160000,79.319203,938558.068769,550876.004131,4497.242600,6050.971467,6157.652991
771,-1,172.800000,79.340013,938562.389299,550913.779646,4495.028700,6051.300092,6157.566011
772,-1,172.439999,79.360420,938567.598934,550951.442957,4492.735400,6050.971442,6156.819208
773,-1,172.080001,79.397148,938659.577753,550977.032144,4472.304000,5963.276471,6066.860876
774,-1,171.719999,79.422637,938664.537060,551014.173474,4469.618800,5963.599899,6066.685305
775,-1,171.359999,79.450698,938670.369398,551051.187508,4466.536300,5963.276488,6065.802284
776,-1,170.999999,79.483478,938676.114465,551088.212696,4463.006700,5963.276458,6065.157042
777,-1,170.639999,79.514558,938682.092143,551125.201139,4459.660699,5963.276352,6064.547122
778,-1,170.279998,79.550713,938687.982880,551162.205986,4455.829000,5963.600126,6064.169382
779,-1,169.919999,79.585535,938694.425124,551199.118314,4452.081800,5963.600115,6063.490880
780,-1,169.559998,79.606646,938701.417564,551235.930905,4449.751000,5963.276371,6062.751548
781,-1,169.199999,79.619227,938708.004821,551272.817970,4448.456900,5963.600030,6062.836580
782,-1,168.839999,79.657033,938715.141618,551309.602345,4444.390300,5963.600067,6062.105179
783,-1,168.480000,79.724085,938722.826642,551346.276484,4437.121600,5963.276332,6060.485833
784,-1,168.120000,79.777584,938644.286445,551401.087070,4447.245000,6051.300010,6148.906200
785,-1,167.759998,79.805933,938652.551520,551438.199857,4444.094700,6050.971542,6148.024616
786,-1,167.399999,79.836282,938660.408132,551475.400898,4440.845100,6051.299859,6147.773489
787,-1,167.039999,79.841405,938669.138757,551512.406730,4440.227799,6050.971508,6147.341386
788,-1,166.679999,79.844474,938677.781785,551549.430606,4439.893300,6050.971460,6147.282350
789,-1,166.320000,79.838289,938686.657095,551586.399364,4440.567500,6050.971560,6147.401360
790,-1,165.960000,79.824262,938695.446119,551623.391416,4442.155499,6051.299896,6148.004896
791,-1,165.599998,79.806136,938705.103908,551660.166277,4444.072600,6050.971612,6148.020774
792,-1,165.240000,79.799844,938714.356843,551697.044812,4444.817700,6051.300142,6148.476022
793,-1,164.879999,79.807483,938724.476245,551733.695329,4443.925700,6050.971585,6147.994751
794,-1,164.519999,79.797572,938734.508377,551770.367172,4445.006299,6050.971729,6148.186203
795,-1,164.160001,79.783649,938744.770824,551806.975038,4446.524399,6050.971719,6148.455270
796,-1,163.800000,79.779255,938671.050171,551867.984102,4462.815100,6138.666741,6237.649319
797,-1,163.439998,79.764279,938681.607892,551905.084094,4464.532100,6138.999975,6238.282144
798,-1,163.080000,79.733570,938692.717778,551942.021684,4467.930100,6139.000010,6238.886893
799,-1,162.720000,79.689049,938704.377860,551978.789983,4472.796900,6138.666746,6239.428238
800,-1,162.360000,79.678883,938715.950343,552015.583217,4473.922100,6138.666884,6239.629871
801,-1,162.000000,79.700793,938727.754126,552052.302960,4471.497000,6138.666672,6239.195626
802,-1,161.640000,79.711997,938739.788222,552088.947899,4470.257000,6138.666647,6238.974023
803,-1,161.279998,79.717759,938751.736689,552125.623679,4469.679800,6138.999958,6239.198922
804,-1,160.919999,79.709449,938764.230759,552162.116388,4470.599500,6139.000127,6239.363317
805,-1,160.559998,79.693229,938777.268462,552198.419137,4472.334200,6138.666782,6239.345471
806,-1,160.199998,79.669655,938790.219552,552234.750101,4474.943600,6138.666855,6239.812941
807,-1,159.840000,79.654070,938803.398659,552270.998716,4476.668999,6138.666838,6240.122559
808,-1,159.480000,79.656539,938816.805457,552307.163998,4476.395600,6138.666703,6240.073332
809,-1,159.119998,79.648007,938830.438960,552343.244635,4477.340300,6138.666922,6240.243236
810,-1,158.759998,79.631072,938844.299168,552379.238657,4479.215300,6138.666798,6240.580315
811,-1,158.399999,79.605842,938858.385098,552415.144754,4482.009200,6138.666777,6241.083761
812,-1,158.040000,79.582027,938872.696421,552450.961611,4484.646700,6138.666681,6241.560061
813,-1,157.680000,79.590881,938886.924083,552486.814558,4483.727300,6139.000023,6241.721730
814,-1,157.319998,79.629779,938901.685208,552522.450969,4479.419400,6138.999986,6240.944799
815,-1,156.960001,79.634071,938835.965523,552592.316971,4494.986200,6226.699869,6330.014283
816,-1,156.599999,79.598497,938851.700400,552628.137438,4498.920100,6226.362225,6330.391214
817,-1,156.239999,79.568276,938867.350303,552663.992025,4502.315200,6226.361931,6331.004773
818,-1,155.879998,79.532128,938882.916545,552699.885982,4506.439400,6226.699883,6332.085142
819,-1,155.520000,79.538713,938899.016250,552735.543063,4505.699400,6226.699959,6331.950813
820,-1,155.159998,79.547665,938915.646466,552770.956706,4504.631100,6226.362153,6331.424726
821,-1,154.799999,79.555355,938932.192365,552806.406766,4503.767000,6226.361976,6331.267846
822,-1,154.439999,79.557381,938948.655587,552841.898165,4503.601599,6226.700020,6331.570309
823,-1,154.080000,79.547792,938965.950500,552876.991599,4504.616800,6226.361869,6331.421853
824,-1,153.719999,79.543235,938983.161423,552912.123746,4505.128800,6226.361993,6331.514879
825,-1,153.359999,79.520603,938922.207149,552986.468086,4523.893000,6314.057299,6421.159836
826,-1,152.999999,79.483716,938939.801602,553022.028382,4528.161100,6314.399930,6422.274373
827,-1,152.640000,79.446903,938958.228730,553057.164139,4532.294700,6314.057171,6422.693141
828,-1,152.280000,79.465694,938976.571869,553092.341234,4530.152200,6314.057279,6422.301200
829,-1,151.920000,79.510074,938994.833316,553127.563604,4525.156500,6314.400039,6421.726775
830,-1,151.560001,79.464225,938936.807513,553204.109711,4546.629700,6401.752613,6511.530972
831,-1,151.199999,79.410882,938955.770074,553239.586018,4552.861900,6402.100069,6513.014947
832,-1,150.840000,79.370169,938975.563013,553274.605305,4557.505500,6401.752419,6513.528191
833,-1,150.480000,79.370286,938995.271963,553309.669211,4557.492000,6401.752590,6513.525869
834,-1,150.120000,79.374941,939015.201057,553344.608446,4556.953500,6401.752498,6513.426468
835,-1,149.759998,79.358595,939035.049115,553379.596893,4558.909600,6402.099924,6514.128871
836,-1,149.399998,79.324124,939055.715740,553414.107979,4562.832200,6401.752492,6514.512947
837,-1,149.039998,79.335305,939076.001789,553448.844130,4561.604000,6402.099950,6514.626986
838,-1,148.679999,79.329847,939097.100500,553483.092749,4562.170000,6401.752452,6514.390265
839,-1,148.320001,79.324274,939118.116862,553517.388612,4562.814900,6401.752597,6514.509844
840,-1,147.960000,79.309441,939139.054156,553551.736312,4564.596699,6402.099987,6515.181519
841,-1,147.599996,79.267224,941974.308656,551800.071181,3937.806800,3069.499951,3124.152542
842,-1,147.239999,79.088713,941984.833897,551816.232237,3947.687500,3069.333310,3125.844056
843,-1,146.879997,78.952730,941995.320425,551832.417244,3955.246300,3069.333359,3127.283709
844,-1,146.520000,78.808385,942078.918027,551800.248346,3945.958799,2981.799977,3039.602357
845,-1,146.160000,78.662897,942089.436707,551815.752252,3953.798200,2981.638094,3040.974911
846,-1,145.799998,78.548247,942099.917985,551831.280108,3960.006899,2981.638327,3042.201743
847,-1,145.440003,78.519990,942110.496704,551846.741363,3961.537900,2981.638242,3042.505999
848,-1,145.080000,78.415436,942192.949623,551812.026537,3949.260899,2894.100060,2954.280564
849,-1,144.720001,78.296989,942203.405639,551826.903804,3955.497900,2894.099980,2955.539278
850,-1,144.360003,78.278146,942214.082455,551841.623591,3956.458000,2893.942946,2955.580414
851,-1,144.000001,78.162424,941869.989311,552114.097455,4054.459800,3332.419141,3404.829427
852,-1,143.640003,77.995202,941882.349522,552130.998012,4064.619200,3332.419196,3406.928069
853,-1,143.279997,77.825965,941894.816033,552147.820813,4074.913900,3332.419109,3409.084087
854,-1,142.920002,77.654715,941907.387530,552164.564546,4085.344400,3332.419151,3411.298969
855,-1,142.560001,77.486581,941919.920641,552181.339119,4095.638500,3332.599972,3413.691211
856,-1,142.200000,77.341813,941932.845484,552197.813823,4104.437999,3332.419022,3415.432034
857,-1,141.839996,77.199557,941945.730629,552214.318055,4113.134100,3332.419101,3417.348257
858,-1,141.480000,77.038186,942027.193065,552176.234798,4102.866599,3244.900075,3329.742665
859,-1,141.119998,76.911758,942040.077881,552192.035948,4110.369000,3244.723924,3331.261913
860,-1,140.760000,76.821323,941984.864081,552263.454112,4136.345900,3332.600133,3422.742084
861,-1,140.399999,76.720836,941998.160642,552279.629933,4142.513700,3332.600030,3424.153437
862,-1,140.040002,76.625804,942011.697033,552295.605623,4148.308399,3332.419128,3425.313102
863,-1,139.679999,76.533229,942025.195037,552311.612480,4153.999300,3332.419228,3426.634033
864,-1,139.319997,76.442944,942038.793435,552327.534036,4159.553600,3332.419150,3427.931705
865,-1,138.959998,76.389143,942052.355088,552343.488401,4162.909199,3332.599885,3428.895515
866,-1,138.600000,76.310260,942000.507423,552417.112925,4189.085200,3420.114382,3520.115529
867,-1,138.239999,76.219161,942014.769205,552433.187368,4194.847899,3420.114191,3521.483619
868,-1,137.880001,76.167912,942028.993586,552449.296588,4198.137600,3420.300085,3522.449206
869,-1,137.519997,76.163285,942043.457140,552465.191569,4198.430500,3420.299912,3522.519076
870,-1,137.160001,76.201205,942122.458950,552421.240214,4174.446300,3332.419027,3431.453179
871,-1,136.800000,76.175186,942136.744027,552436.548582,4176.051100,3332.419174,3431.836441
872,-1,136.439999,76.193486,942151.125232,552451.766728,4174.922300,3332.419043,3431.566758
873,-1,136.079999,76.133913,941975.957931,552649.519941,4243.587499,3595.700022,3703.629331
874,-1,135.720000,76.049921,941991.680340,552665.743990,4249.181700,3595.699870,3704.973833
875,-1,135.360001,75.953942,941945.244738,552743.351118,4277.470400,3683.200128,3796.718436
876,-1,135.000000,75.856973,941961.415965,552759.907844,4284.147300,3683.400012,3798.538279
877,-1,134.639998,75.770520,941977.972691,552776.079071,4290.009600,3683.200128,3799.781193
878,-1,134.280000,75.682569,941994.350611,552792.431072,4296.080300,3683.399922,3801.471551
879,-1,133.920000,75.577876,941828.618987,552997.895885,4370.858300,3946.285662,4074.691141
880,-1,133.559999,75.424210,941846.532993,553015.039223,4382.149999,3946.285950,4077.518440
881,-1,133.199998,75.269185,941864.554610,553032.069373,4393.557500,3946.285853,4080.404098
882,-1,132.839997,75.132547,941882.682855,553048.986006,4403.625400,3946.285808,4082.975711
883,-1,132.480002,75.069365,941900.916742,553065.788137,4408.285099,3946.285763,4084.173754
884,-1,132.119998,74.992861,941978.072100,553017.428654,4390.421500,3858.590631,3994.840360
885,-1,131.759999,74.891567,941995.966421,553033.788529,4397.793500,3858.800141,3996.957871
886,-1,131.400000,74.794133,942014.241319,553049.722225,4404.780100,3858.590606,3998.582394
887,-1,131.040000,74.766733,942032.477503,553065.697914,4406.761900,3858.590508,3999.102559
888,-1,130.679998,74.659596,941879.325578,553281.073140,4486.687699,4121.676300,4273.952527
889,-1,130.320000,74.532827,941899.017796,553297.892004,4496.499300,4121.676393,4276.558773
890,-1,129.960001,74.402747,941862.492935,553381.804566,4531.060100,4209.371615,4370.306126
891,-1,129.600001,74.262339,941882.818682,553398.727104,4542.186900,4209.371447,4373.310798
892,-1,129.240002,74.139311,941958.581981,553347.774778,4527.097100,4121.900021,4285.035380
893,-1,128.879998,74.028664,941978.832597,553363.920415,4535.640400,4121.676291,4287.163039
894,-1,128.519999,73.916144,941998.904079,553380.287508,4544.467200,4121.900123,4289.815253
895,-1,128.159998,73.803053,942019.355810,553396.177240,4553.219500,4121.676374,4292.033395
896,-1,127.800001,73.707909,942039.631360,553412.290725,4560.710300,4121.900140,4294.343683
897,-1,127.439998,73.708479,942060.281253,553427.922256,4560.600400,4121.676366,4294.098065
898,-1,127.080002,73.683029,942028.018522,553513.563817,4588.259900,4209.371523,4386.031587
899,-1,126.720000,73.641529,942049.032260,553529.627105,4591.637800,4209.600016,4387.201051
900,-1,126.360001,73.626706,942070.418372,553545.190722,4592.753700,4209.371523,4387.296244
901,-1,126.000001,73.610344,942091.766426,553560.803880,4594.059700,4209.371671,4387.664719
902,-1,125.640000,73.592390,942113.212250,553576.282523,4595.493000,4209.371707,4388.069401
903,-1,125.280002,73.588197,942185.276082,553520.219315,4570.063800,4121.899918,4296.976826
904,-1,124.919998,73.586905,942206.593296,553534.927947,4570.098900,4121.676270,4296.772208
905,-1,124.560000,73.599117,942227.747126,553549.869846,4569.210200,4121.900143,4296.735945
906,-1,124.199998,73.617767,942249.121755,553564.494161,4567.752299,4121.899943,4296.324333
907,-1,123.840000,73.631052,942270.711935,553578.798266,4566.648400,4121.676467,4295.798697
908,-1,123.480000,73.671320,942292.143978,553593.338591,4563.567899,4121.899982,4295.146062
909,-1,123.120000,73.728753,942313.790261,553607.557395,4559.082800,4121.899860,4293.887129
910,-1,122.759999,73.800430,942335.646516,553621.452052,4553.424100,4121.676249,4292.090350
911,-1,122.399999,73.851293,942404.458058,553561.353419,4524.064600,4033.980868,4199.687674
912,-1,122.040000,73.886592,942425.900929,553574.867500,4521.371499,4033.981146,4198.939702
913,-1,121.680001,73.948490,942447.428445,553588.246410,4516.651300,4033.981192,4197.632154
914,-1,121.319997,74.037327,942468.926105,553601.676829,4509.944399,4034.200012,4195.993019
915,-1,120.959998,74.170526,942490.621272,553614.784743,4499.805200,4034.199915,4193.215865
916,-1,120.600001,74.340347,942467.755176,553703.243227,4511.482500,4121.900009,4280.794260
917,-1,120.239998,74.484208,942490.201325,553716.163477,4500.265499,4121.676351,4277.564666
918,-1,119.880001,74.536350,942643.680677,553501.021519,4423.446000,3858.590577,4003.518728
919,-1,119.519999,74.582276,942664.740018,553513.033634,4420.117199,3858.590646,4002.632532
920,-1,119.159999,74.632274,942685.874490,553524.912875,4416.494800,3858.590402,4001.670790
921,-1,118.799999,74.686548,942706.982059,553536.842969,4412.622000,3858.800009,4000.848355
922,-1,118.440000,74.705902,942770.031146,553471.340476,4387.238700,3771.100045,3909.558646
923,-1,118.079998,74.712311,942790.901511,553482.559285,4386.785300,3771.100101,3909.439130
924,-1,117.720001,74.722513,942811.936902,553493.465432,4386.007800,3770.895491,3909.036821
925,-1,117.360000,74.776992,942832.945390,553504.420462,4382.155799,3770.895540,3908.023656
926,-1,117.000000,74.837146,942854.022448,553515.242947,4377.904800,3770.895226,3906.909293
927,-1,116.639999,74.898840,942875.075227,553526.115957,4373.602700,3771.099825,3905.983761
928,-1,116.279999,74.956889,942935.117430,553458.038337,4345.935100,3683.400020,3814.106344
929,-1,115.919999,74.997060,942955.900853,553468.220075,4343.166600,3683.400059,3813.388768
930,-1,115.560000,75.040839,942976.834210,553478.090462,4340.097200,3683.199940,3812.402012
931,-1,115.200002,75.087448,942997.742633,553488.009734,4336.887800,3683.200089,3811.574972
932,-1,114.839998,75.214860,943018.629402,553497.978874,4328.174300,3683.399990,3809.535189
933,-1,114.479999,75.417326,943039.744845,553507.453264,4314.212499,3683.200259,3805.802851
934,-1,114.120001,75.626868,943060.836667,553516.976539,4299.844200,3683.200215,3802.210633
935,-1,113.759997,75.781019,943117.321134,553446.104962,4267.070100,3595.504971,3709.138003
936,-1,113.400000,75.895380,943138.025817,553455.142017,4259.436600,3595.504978,3707.270389
937,-1,113.039998,76.013287,943158.787258,553464.048824,4251.574400,3595.504851,3705.362146
938,-1,112.680015,75.900861,944396.894362,550559.942755,3466.136600,438.500096,452.119901
939,-1,112.319992,75.760574,944399.439961,550560.997215,3467.278700,438.500131,452.399507
940,-1,111.959990,75.621345,944401.992121,550562.035271,3468.413500,438.499812,452.679666
941,-1,111.600001,75.483195,944404.550515,550563.057578,3469.541000,438.499867,452.961027
942,-1,111.239990,75.345990,944407.124000,550564.041828,3470.656000,438.476292,453.218994
943,-1,110.880018,75.211617,944409.686331,550565.053966,3471.761600,438.500061,453.522934
944,-1,110.519988,75.118824,944412.272284,550566.005407,3472.515199,438.476012,453.692632
945,-1,110.160014,75.026914,944414.855284,550566.963082,3473.268600,438.476147,453.886831
946,-1,109.800000,74.935889,944417.444518,550567.904682,3474.015400,438.476352,454.080550
947,-1,109.439987,74.845730,944420.031783,550568.852186,3474.762100,438.500092,454.298104
948,-1,109.079978,74.756474,944422.632828,550569.760977,3475.495599,438.500051,454.490367
949,-1,108.719997,74.668116,944425.246996,550570.630726,3476.215800,438.476134,454.657188
950,-1,108.360019,74.580624,944427.858867,550571.506709,3476.936000,438.476166,454.848177
951,-1,107.999984,74.493991,944430.476644,550572.366287,3477.649699,438.476080,455.038375
952,-1,107.640000,74.408249,944433.099342,550573.209461,3478.356700,438.476183,455.227993
953,-1,107.280011,74.323357,944435.727290,550574.036231,3479.057300,438.476372,455.416982
954,-1,106.919977,74.239335,944438.360815,550574.846269,3479.751200,438.476238,455.604840
955,-1,106.560012,74.156168,944440.992043,550575.662540,3480.445400,438.500047,455.816793
956,-1,106.200014,74.073859,944443.641972,550576.416804,3481.119600,438.476399,455.978581
957,-1,105.839993,73.992402,944446.283699,550577.199939,3481.800800,438.500076,456.188730
958,-1,105.480009,73.911772,944448.942814,550577.920738,3482.462100,438.476348,456.348738
959,-1,105.120006,73.831994,944451.600289,550578.647442,3483.123600,438.476060,456.532217
960,-1,104.760005,73.753064,944454.256124,550579.380709,3483.785600,438.499846,456.739832
961,-1,104.400008,73.668454,944478.737374,550495.111192,3458.785200,350.780916,365.529818
962,-1,104.039999,73.575455,944480.869260,550495.671230,3459.409400,350.800105,365.724238
963,-1,103.680016,73.483648,944483.013612,550496.180744,3460.015000,350.781103,365.877715
964,-1,103.319980,73.392597,944485.156981,550496.695178,3460.621700,350.780964,366.050523
965,-1,102.959981,73.302429,944487.303302,550497.196162,3461.223100,350.780906,366.222807
966,-1,102.600004,73.213159,944489.452576,550497.683693,3461.819099,350.780923,366.394511
967,-1,102.239984,73.124781,944491.605131,550498.157774,3462.409700,350.780946,366.565541
968,-1,101.880022,73.037154,944493.756373,550498.636776,3463.001600,350.799904,366.755933
969,-1,101.519976,72.950690,944495.918770,550499.065252,3463.574700,350.780971,366.905445
970,-1,101.160013,72.864588,944498.079527,550499.498650,3464.151700,350.781037,367.075096
971,-1,100.800012,72.778749,944500.243237,550499.918269,3464.727400,350.780860,367.244958
972,-1,100.440028,72.693745,944502.405962,550500.343137,3465.304000,350.799871,367.434231
973,-1,100.080021,72.609935,944504.578202,550500.717152,3465.861300,350.780995,367.582388
974,-1,99.720024,72.526805,944506.746176,550501.114789,3466.426400,350.799973,367.769779
975,-1,99.360013,72.444865,944508.923009,550501.461245,3466.971999,350.780857,367.915743
976,-1,99.000001,72.363732,944511.098858,550501.812950,3467.518700,350.780930,368.081079
977,-1,98.640023,72.283513,944513.276675,550502.150876,3468.059700,350.780932,368.245352
978,-1,98.280013,72.204205,944515.456789,550502.475022,3468.595000,350.780815,368.408488
979,-1,97.919998,72.125733,944517.636247,550502.804746,3469.131400,350.800161,368.591192
980,-1,97.559981,72.048363,944519.822922,550503.082633,3469.648400,350.781019,368.731992
981,-1,97.199992,71.971782,944522.008613,550503.365769,3470.166700,350.781059,368.892107
982,-1,96.840019,71.896093,944524.195945,550503.635125,3470.679399,350.781070,369.051112
983,-1,96.479995,71.821291,944526.385245,550503.890702,3471.186500,350.781012,369.208950
984,-1,96.120011,71.747379,944528.575857,550504.132499,3471.687999,350.780964,369.365670
985,-1,95.760009,71.674270,944530.766142,550504.379546,3472.190800,350.800018,369.541547
986,-1,95.400004,71.602168,944532.961675,550504.574756,3472.674499,350.780819,369.675698
987,-1,95.040000,71.530883,944535.156553,550504.775543,3473.159499,350.781082,369.829307
988,-1,94.679998,71.460376,944537.351102,550504.981251,3473.645900,350.800126,370.001738
989,-1,94.319993,71.390852,944539.549917,550505.135122,3474.113200,350.781006,370.132466
990,-1,93.960010,71.322054,944541.746763,550505.313271,3474.588800,350.800092,370.302590
991,-1,93.600024,71.254221,944543.947218,550505.439583,3475.045300,350.781062,370.431015
992,-1,93.240021,71.187153,944546.147344,550505.570817,3475.503300,350.780813,370.578220
993,-1,92.879986,71.120861,944548.347471,550505.707628,3475.963000,350.799982,370.744856
994,-1,92.520001,71.055525,944550.549895,550505.792601,3476.403500,350.781113,370.869777
995,-1,92.160016,70.990916,944552.751990,550505.882496,3476.845800,350.781022,371.013521
996,-1,91.800008,70.927133,944554.954741,550505.958611,3477.282800,350.780985,371.156055
997,-1,91.439993,70.864117,944557.157493,550506.039976,3477.721500,350.800044,371.317646
998,-1,91.079976,70.801996,944559.361557,550506.069503,3478.141200,350.781099,371.437548
999,-1,90.719993,70.740557,944561.564964,550506.122981,3478.569699,350.799961,371.596480
1000,-1,90.360009,70.679996,944563.769028,550506.124621,3478.979200,350.780829,371.713698
1001,-1,90.000000,70.620191,944565.973092,550506.131839,3479.390600,350.781122,371.850287
