"OBJECTID","FEATURE_ID","HORIZ_ANG","ZENITH_ANG","VERTEX_X","VERTEX_Y","VERTEX_Z","DIST_2D","DIST_3D"
1,-1,90.000000,77.360887,941860.154357,553636.807336,4606.842300,8681.828764,8897.434778
2,-1,89.639999,77.336740,941914.155561,553549.408889,4591.086500,8594.599968,8808.873008
3,-1,89.279999,77.313979,941968.154469,553548.900032,4594.673400,8594.600054,8809.660110
4,-1,88.920000,77.303549,942022.149112,553548.051608,4596.317300,8594.599846,8810.021067
5,-1,88.559999,77.328003,942076.137521,553546.864275,4592.463300,8594.599971,8809.174937
6,-1,88.199999,77.372905,942130.117400,553545.337703,4585.388500,8594.600052,8807.625726
7,-1,87.839999,77.433440,942184.086452,553543.471893,4575.854500,8594.600022,8805.546434
8,-1,87.480000,77.504790,942238.042709,553541.267173,4564.623100,8594.600139,8803.109718
9,-1,87.119999,77.594475,942291.984202,553538.723215,4550.514200,8594.599997,8800.067787
10,-1,86.759999,77.699380,942345.908635,553535.840675,4534.023300,8594.600145,8796.539943
11,-1,86.400000,77.809374,942399.813711,553532.619225,4516.746499,8594.600129,8792.875465
12,-1,86.039999,77.918885,942453.697789,553529.058864,4499.559700,8594.599855,8789.262003
13,-1,85.679999,78.068876,942507.558246,553525.160578,4476.042900,8594.600131,8784.370394
14,-1,85.319999,78.255993,942561.393112,553520.923710,4446.741500,8594.600159,8778.359590
15,-1,84.960001,78.351554,942615.200091,553516.348588,4431.792500,8594.600084,8775.329012
16,-1,84.600000,78.433474,942668.977542,553511.435540,4418.985700,8594.600095,8772.752218
17,-1,84.239999,78.513808,942722.723170,553506.184566,4406.434100,8594.599986,8770.244066
18,-1,83.879999,78.591810,942776.434676,553500.595995,4394.253800,8594.599860,8767.826584
19,-1,83.520000,78.668791,942830.109766,553494.670482,4382.239400,8594.600131,8765.458343
20,-1,83.160000,78.758696,942883.746798,553488.407371,4368.216100,8594.599964,8762.713666
21,-1,82.799999,78.858095,942937.343475,553481.807646,4352.722200,8594.600076,8759.706554
22,-1,82.439999,78.971378,942990.897502,553474.870981,4335.077000,8594.599858,8756.313703
23,-1,82.079999,79.151418,943044.406910,553467.598357,4307.061400,8594.600032,8750.997713
24,-1,81.719998,79.327203,943085.239833,553373.203533,4263.212600,8506.899900,8656.652734
25,-1,81.359999,79.473317,943138.108494,553365.340032,4240.758800,8506.899944,8652.522467
26,-1,81.000000,79.609452,943190.926630,553357.144510,4219.857600,8506.899981,8648.728405
27,-1,80.639999,79.737463,943243.692600,553348.617296,4200.220400,8506.900088,8645.208383
28,-1,80.279999,79.790654,943251.983594,553080.435418,4144.681900,8243.799948,8376.426322
29,-1,79.920000,79.840919,943303.009411,553071.529924,4137.216300,8243.799885,8375.106241
30,-1,79.559999,79.892513,943353.978469,553062.304220,4129.555800,8243.800073,8373.758648
31,-1,79.199999,79.963063,943404.888472,553052.758308,4119.084700,8243.800103,8371.927394
32,-1,78.839999,80.059476,943455.737452,553042.892514,4104.782400,8243.799933,8369.446429
33,-1,78.479999,80.197686,943489.009039,552946.774268,4069.142200,8156.099927,8276.934684
34,-1,78.119999,80.322214,943539.190369,552936.382228,4050.893200,8156.099941,8273.847360
35,-1,77.760000,80.417107,943589.305426,552925.675229,4036.996199,8156.100086,8271.522662
36,-1,77.399999,80.507051,943639.352570,552914.653269,4023.831200,8156.100022,8269.341153
37,-1,77.040000,80.577586,943669.660580,552817.851297,3998.957899,8068.400106,8178.746146
38,-1,76.680001,80.641750,943719.028264,552806.326714,3989.675300,8068.400080,8177.231576
39,-1,76.319998,80.673324,943706.100140,552538.855792,3941.898600,7805.300092,7909.865583
40,-1,75.959999,80.687874,943753.714218,552527.107784,3939.863100,7805.300107,7909.535973
41,-1,75.600000,80.723528,943801.253493,552515.060564,3934.875900,7805.299839,7908.730249
42,-1,75.240000,80.762120,943848.716325,552502.715445,3929.479000,7805.300161,7907.862387
43,-1,74.880000,80.797848,943896.100416,552490.071769,3924.483500,7805.299856,7907.061677
44,-1,74.519999,80.832349,943943.404455,552477.130850,3919.660600,7805.299858,7906.291842
45,-1,74.159999,80.860644,943990.626146,552463.893016,3915.705900,7805.299877,7905.662747
46,-1,73.800000,80.882598,944037.763519,552450.358922,3912.638000,7805.300010,7905.176166
47,-1,73.439999,80.912331,944084.815262,552436.528569,3908.483500,7805.299898,7904.518806
48,-1,73.079999,80.948690,944131.779079,552422.403269,3903.404200,7805.300153,7903.718396
49,-1,72.719999,80.981489,944152.602528,552324.241064,3884.903800,7717.599905,7814.201022
50,-1,72.360000,81.002748,944198.859325,552309.691880,3881.968200,7717.599936,7813.741425
51,-1,71.999999,81.024332,944245.023931,552294.852343,3878.988300,7717.600007,7813.276031
52,-1,71.639999,81.055884,944291.094377,552279.723108,3874.632600,7717.600139,7812.597792
53,-1,71.279999,81.082274,944308.922097,552181.243975,3857.228900,7629.900072,7723.259166
54,-1,70.919999,81.080355,944268.273228,551917.069306,3816.198000,7366.800112,7456.979127
55,-1,70.560000,81.077620,944311.969335,551901.801292,3816.558300,7366.800024,7457.034913
56,-1,70.199999,81.077303,944355.568985,551886.259000,3816.600000,7366.800021,7457.041377
57,-1,69.839999,81.072640,944399.069883,551870.443087,3817.214300,7366.799950,7457.136611
58,-1,69.479998,81.091502,944442.470714,551854.354208,3814.729500,7366.799980,7456.751448
59,-1,69.119999,81.114329,944485.769512,551837.993021,3811.722599,7366.800041,7456.286461
60,-1,68.759999,81.149564,944528.964636,551821.360180,3807.081999,7366.800166,7455.571192
61,-1,68.399999,81.185508,944572.054445,551804.456014,3802.348900,7366.800073,7454.844353
62,-1,68.040000,81.210143,944582.240776,551705.944728,3785.544700,7279.100117,7365.605840
63,-1,67.679999,81.234210,944624.604537,551688.708214,3782.414300,7279.100198,7365.128210
64,-1,67.320000,81.249338,944666.858717,551671.205625,3780.446700,7279.099889,7364.828307
65,-1,66.960000,81.263868,944709.002334,551653.438272,3778.557000,7279.100023,7364.541188
66,-1,66.600000,81.277033,944751.033418,551635.406156,3776.845100,7279.099837,7364.281188
67,-1,66.239999,81.269983,944757.615753,551536.844017,3764.294899,7191.400092,7275.692579
68,-1,65.880000,81.262572,944798.913243,551518.508752,3765.246900,7191.399878,7275.836922
69,-1,65.520000,81.236587,944767.413306,551340.282074,3741.547000,7015.999958,7098.873102
70,-1,65.159999,81.183734,944807.475890,551321.889394,3748.173800,7016.000117,7099.885904
71,-1,64.799998,81.129638,944847.422004,551303.245074,3754.958300,7015.999970,7100.928760
72,-1,64.439999,81.090148,944887.250009,551284.350427,3759.912200,7016.000012,7101.694376
73,-1,64.079999,81.037623,944926.958591,551265.205780,3766.503100,7015.999974,7102.718123
74,-1,63.720000,81.028797,944966.546110,551245.812118,3767.610799,7016.000031,7102.890828
75,-1,63.359999,81.017662,944966.687842,551147.780162,3755.145699,6928.300068,7014.320062
76,-1,62.999999,81.008817,945005.536846,551128.139125,3756.242000,6928.300096,7014.491339
77,-1,62.640000,81.037978,945044.088606,551107.920334,3752.568499,6927.923904,7013.546574
78,-1,62.280000,81.078753,945082.860510,551088.126738,3747.575100,6928.300035,7013.142019
79,-1,61.919999,81.115622,945121.332546,551067.757028,3743.007500,6928.300198,7012.435303
80,-1,61.560001,81.163803,945117.909324,550970.029862,3723.406400,6840.600079,6922.762643
81,-1,61.199999,81.197756,945155.638579,550949.441976,3719.255099,6840.599957,6922.126056
82,-1,60.840000,81.229623,945193.237586,550928.617871,3715.359600,6840.600141,6921.531201
83,-1,60.479999,81.279826,945187.492846,550831.242410,3695.772400,6752.899978,6831.872553
84,-1,60.119999,81.284932,945180.657886,550734.178299,3681.712900,6665.200160,6743.054977
85,-1,59.759999,81.290198,945216.903877,550713.200979,3681.085900,6665.200119,6742.959961
86,-1,59.399998,81.309667,945253.017322,550691.996297,3678.768000,6665.200033,6742.609266
87,-1,59.040001,81.359721,945288.996580,550670.565237,3672.810000,6665.199916,6741.711505
88,-1,58.679999,81.455303,945324.840997,550648.908457,3661.437100,6665.200000,6740.012412
89,-1,58.320000,81.542693,945360.358314,550626.719197,3650.990200,6664.838292,6738.110346
90,-1,57.960001,81.643128,945396.117429,550604.921668,3639.105200,6665.200060,6736.730574
91,-1,57.599999,81.770778,945431.547148,550582.592972,3623.940100,6665.199945,6734.543105
92,-1,57.239999,81.901230,945466.835792,550560.042493,3608.452399,6665.200111,6732.343907
93,-1,56.879999,82.044971,945501.982047,550537.270557,3591.398500,6665.200126,6729.962547
94,-1,56.520001,82.176703,945536.984273,550514.278148,3575.779899,6665.199923,6727.818580
95,-1,56.159998,82.340317,945571.841815,550491.066253,3556.395000,6665.199967,6725.207401
96,-1,55.799998,82.502691,945557.257855,550395.100893,3525.629900,6577.499916,6634.215875
97,-1,55.440001,82.651448,945591.365726,550371.764326,3508.262900,6577.499995,6631.972266
98,-1,55.080001,82.760597,945474.719634,550132.484293,3462.106400,6314.400021,6365.141185
99,-1,54.719998,82.822871,945507.179543,550109.671018,3455.133500,6314.399965,6364.266195
100,-1,54.360000,82.885320,945539.495095,550086.654660,3448.143000,6314.400030,6363.396666
101,-1,53.999999,82.984505,945571.665635,550063.435546,3437.044299,6314.400100,6362.031630
102,-1,53.639999,83.118132,945603.689521,550040.014661,3422.098800,6314.400015,6360.223434
103,-1,53.280000,83.248856,945635.565441,550016.392989,3407.486200,6314.399794,6358.488844
104,-1,52.919999,83.402477,945667.292740,549992.571843,3390.324299,6314.400100,6356.494491
105,-1,52.559999,83.540232,945698.869448,549968.551550,3374.943900,6314.400015,6354.745655
106,-1,52.200000,83.666145,945730.294582,549944.333422,3360.893000,6314.399986,6353.180163
107,-1,51.839998,83.794423,945761.567158,549919.918117,3346.585200,6314.399934,6351.617570
108,-1,51.479998,83.918335,945792.685534,549895.306945,3332.770999,6314.399884,6350.139110
109,-1,51.119999,84.035269,945823.648726,549870.500893,3319.740500,6314.399995,6348.771915
110,-1,50.759999,84.135157,945854.455423,549845.500615,3308.614000,6314.399960,6347.625302
111,-1,50.400000,84.228109,945885.104312,549820.307424,3298.263700,6314.399969,6346.576047
112,-1,50.040000,84.327843,945915.594409,549794.921976,3287.161900,6314.399905,6345.469109
113,-1,49.679999,84.318714,950031.694772,554583.712595,3916.355900,12628.800087,12691.139499
114,-1,49.319999,84.254044,950034.866354,554465.671164,3921.928199,12541.100024,12604.429880
115,-1,48.959999,84.217751,950036.879473,554347.972581,3921.072300,12453.399940,12517.087258
116,-1,48.599999,84.217777,950095.735655,554296.411660,3921.066600,12453.399996,12517.086739
117,-1,48.240000,84.297712,950037.448042,554113.643981,3886.002299,12278.000003,12339.058543
118,-1,47.880000,84.362233,950094.831785,554062.084045,3872.039800,12277.999936,12337.678992
119,-1,47.520000,84.432511,950092.663810,553945.484869,3848.285999,12190.300053,12248.078992
120,-1,47.159999,84.438482,950029.726272,553764.968169,3829.924499,12014.899999,12071.725035
121,-1,46.799999,84.473299,950084.919403,553713.463679,3822.554500,12014.899976,12071.012982
122,-1,46.440000,84.494932,950079.352485,553598.061351,3809.523500,11927.199914,11982.466444
123,-1,46.080000,84.523527,950133.496078,553546.248462,3803.515900,11927.200072,11981.891761
124,-1,45.719999,84.559803,950126.083691,553431.308404,3787.543200,11839.499785,11893.069782
125,-1,45.359999,84.606043,950179.178729,553379.205161,3777.902200,11839.499995,11892.159832
126,-1,45.000000,84.627281,950169.931700,553264.755915,3765.226800,11751.799819,11803.657284
127,-1,44.639999,84.613498,950159.577719,553150.758112,3759.809700,11664.100068,11715.835940
128,-1,44.280000,84.610404,950210.908981,553098.449817,3760.445000,11664.099910,11715.895438
129,-1,43.919999,84.628083,950261.910847,553045.820001,3756.814100,11664.099929,11715.554973
130,-1,43.559999,84.690857,950249.028983,552932.435714,3735.773300,11576.400129,11626.277484
131,-1,43.199999,84.717488,950298.986889,552879.569678,3730.346300,11576.400075,11625.776528
132,-1,42.839999,84.751642,950284.305159,552766.758880,3715.331200,11488.700027,11537.068616
133,-1,42.479999,84.798404,950333.221400,552713.674668,3705.876200,11488.700111,11536.207664
134,-1,42.120000,84.835536,950381.802996,552660.284027,3698.369400,11488.700000,11535.529407
135,-1,41.759999,84.830097,950364.629474,552548.179921,3691.534000,11401.000120,11447.570315
136,-1,41.399999,84.842017,950412.170717,552494.595054,3689.142800,11400.999979,11447.354953
137,-1,41.039999,84.838469,950459.374363,552440.712616,3689.854500,11400.999907,11447.418887
138,-1,40.679999,84.830511,950439.730373,552329.369006,3683.516800,11313.300089,11359.504634
139,-1,40.319999,84.837683,950485.895307,552275.316621,3682.089100,11313.299965,11359.375961
140,-1,39.959999,84.843052,950464.498369,552164.649848,3673.105300,11225.600018,11271.223453
141,-1,39.599999,84.880713,950442.053860,552054.543113,3657.810200,11137.899970,11182.506022
142,-1,39.240000,84.884948,950486.492091,552000.481869,3656.980300,11137.900135,11182.432165
143,-1,38.879999,84.859364,950462.318583,551891.093636,3654.104000,11050.200068,11094.826016
144,-1,38.519999,84.872088,950505.729257,551836.908049,3651.630200,11050.199939,11094.604506
145,-1,38.159999,84.875610,950548.798725,551782.450809,3650.945600,11050.199912,11094.543311
146,-1,37.799999,84.884257,950522.228568,551673.972023,3641.413100,10962.499835,11006.342458
147,-1,37.439999,84.883545,950564.274088,551619.414390,3641.550399,10962.499945,11006.354812
148,-1,37.080000,84.881745,950605.975776,551564.593633,3641.897700,10962.499877,11006.385721
149,-1,36.720000,84.875460,950647.332320,551509.512050,3643.109800,10962.499974,11006.494018
150,-1,36.360000,84.871686,950688.342081,551454.171610,3643.837799,10962.500109,11006.559201
151,-1,35.999999,84.857794,950658.052443,551347.025499,3638.625100,10874.799982,10918.744513
152,-1,35.640000,84.839315,950698.040880,551291.621082,3642.160900,10874.800067,10919.062072
153,-1,35.280000,84.827973,950737.680565,551235.966338,3644.331300,10874.800177,10919.257621
154,-1,34.919999,84.807611,950705.059895,551129.861235,3640.258100,10787.100161,10831.548173
155,-1,34.560000,84.791331,950743.682850,551074.165480,3643.348499,10787.100022,10831.828154
156,-1,34.200000,84.769085,950709.420123,550968.933407,3639.542800,10699.399859,10744.145450
157,-1,33.840000,84.745406,950747.032252,550913.213702,3644.001800,10699.400198,10744.553231
158,-1,33.479999,84.716843,950711.144529,550808.878937,3641.271400,10611.699982,10656.972838
159,-1,33.119999,84.694984,950747.750755,550753.151358,3645.354600,10611.700024,10657.349627
160,-1,32.759999,84.666383,950710.255095,550649.738507,3642.509999,10523.999895,10569.763464
161,-1,32.400000,84.640029,950745.861323,550594.019787,3647.393100,10523.999910,10570.218505
162,-1,32.040000,84.600507,950706.775443,550491.552472,3646.427500,10436.299880,10482.814241
163,-1,31.679999,84.558778,950666.755838,550389.800707,3645.743000,10348.599967,10395.441816
164,-1,31.319999,84.517324,950625.809726,550288.772366,3644.880999,10260.900071,10308.058055
165,-1,30.959999,84.471669,950659.149554,550233.591046,3653.133200,10260.899869,10308.849581
166,-1,30.600000,84.428053,950692.142270,550178.201721,3661.018000,10260.900085,10309.612388
167,-1,30.240000,84.380509,950876.318411,550210.941485,3686.872500,10436.300129,10486.697646
168,-1,29.879998,84.323324,950909.164474,550154.187661,3697.390600,10436.300075,10487.732763
169,-1,29.519999,84.275952,950712.707846,549967.592234,3679.732900,10173.200037,10224.179878
170,-1,29.160000,84.191338,950897.198291,549997.335285,3712.753000,10348.600112,10402.010053
171,-1,28.799999,84.127705,950928.701508,549940.454493,3724.366500,10348.599789,10403.191512
172,-1,28.440000,84.052188,950882.731128,549841.611187,3729.015499,10260.900053,10316.436596
173,-1,28.080000,83.963633,950913.256329,549784.824555,3745.049100,10260.899938,10318.110248
174,-1,27.720000,83.893433,950943.424248,549727.847307,3757.763300,10260.899954,10319.455031
175,-1,27.360000,83.832556,950894.853807,549630.122765,3759.255000,10172.648002,10231.868301
176,-1,26.999999,83.806430,950924.542068,549573.514610,3764.007900,10173.200072,10232.928865
177,-1,26.640000,83.796112,950953.381905,549516.470761,3765.861600,10173.200000,10233.128950
178,-1,26.280000,83.762472,950903.227478,549420.416819,3762.320100,10085.499998,10145.561582
179,-1,25.920000,83.758928,950931.106031,549363.509781,3762.951400,10085.500071,10145.630265
180,-1,25.560000,83.754046,950958.626317,549306.428530,3763.821100,10085.499925,10145.724704
181,-1,25.200000,83.747337,950906.434164,549211.834887,3755.407300,9997.799960,10057.629999
182,-1,24.840000,83.754983,950933.002025,549154.911773,3754.057100,9997.799942,10057.483017
183,-1,24.479999,83.774664,950959.211946,549097.822648,3750.581999,9997.800060,10057.105704
184,-1,24.119999,83.795201,950905.019141,549004.731627,3737.421100,9910.099836,9968.496125
185,-1,23.760000,83.808098,950929.793698,548947.605101,3735.105800,9909.562269,9967.711716
186,-1,23.399998,83.809314,950874.707522,548855.923854,3725.438500,9822.400055,9880.015286
187,-1,23.040001,83.786946,950899.039494,548799.207432,3729.318400,9822.399913,9880.434296
188,-1,22.679999,83.800303,950923.015168,548742.338779,3727.001500,9822.400084,9880.183987
189,-1,22.320000,83.822287,950946.632575,548685.320848,3723.188299,9822.399905,9879.772733
190,-1,21.960001,83.824276,950888.554607,548595.359414,3713.353700,9734.699982,9791.523771
191,-1,21.600000,83.869902,950829.708268,548506.276259,3696.092600,9647.000188,9702.479090
192,-1,21.240000,83.860477,950770.101760,548418.077616,3688.264200,9559.300064,9614.444601
193,-1,20.879999,83.845237,950791.685050,548362.026547,3690.836400,9559.299997,9614.719970
194,-1,20.520000,83.825400,950730.780316,548275.099556,3684.696800,9471.600089,9526.867890
195,-1,20.160000,83.813828,950751.465970,548219.298486,3686.632100,9471.600008,9527.076161
196,-1,19.800001,83.807441,950771.800575,548163.368808,3687.700300,9471.599982,9527.191304
197,-1,19.440000,83.802079,950709.083181,548078.123900,3679.073099,9383.899939,9439.072415
198,-1,19.080000,83.793250,950728.531633,548022.463250,3680.536300,9383.899923,9439.230482
199,-1,18.719999,83.793182,950747.630020,547966.681210,3680.547500,9383.899852,9439.231623
200,-1,18.360000,83.796981,950766.377686,547910.780731,3679.917900,9383.900063,9439.163782
201,-1,18.000000,83.806065,950701.366005,547827.662459,3668.894700,9296.200090,9350.786311
202,-1,17.639999,83.807973,950719.240969,547772.054958,3668.581600,9296.200028,9350.752473
203,-1,17.280000,83.811825,950736.766197,547716.336566,3667.949200,9296.200069,9350.684323
204,-1,16.919999,83.832022,950670.037328,547634.985023,3655.156200,9208.500015,9262.116842
205,-1,16.560000,83.834140,950602.639825,547554.582296,3645.337400,9120.799947,9173.869492
206,-1,16.199999,83.824970,950534.583202,547475.132980,3637.325700,9033.099912,9085.816394
207,-1,15.839999,83.805747,950550.246557,547420.580596,3640.391800,9033.100009,9086.146810
208,-1,15.479998,83.795140,950565.566736,547365.930771,3642.083799,9033.099977,9086.329500
209,-1,15.120001,83.789367,950580.543084,547311.186129,3643.004800,9033.099889,9086.429004
210,-1,14.759999,83.777816,950510.369340,547234.004525,3635.285900,8945.399854,8998.408811
211,-1,14.399999,83.767083,950524.518262,547179.608965,3636.981600,8945.400061,8998.592962
212,-1,14.040000,83.756128,950538.324664,547125.125806,3638.712400,8945.399874,8998.780854
213,-1,13.679999,83.750054,950551.788876,547070.556689,3639.672000,8945.400013,8998.885410
214,-1,13.320000,83.753192,950564.909913,547015.904240,3639.176200,8945.400153,8998.831587
215,-1,12.959999,83.774878,950577.687119,546961.170097,3635.750000,8945.400040,8998.459309
216,-1,12.600000,83.810294,950590.120165,546906.357215,3630.155300,8945.400025,8997.854350
217,-1,12.239999,83.883744,950602.208723,546851.466905,3618.554399,8945.400077,8996.610977
218,-1,11.879998,83.970696,950613.952138,546796.501791,3604.825300,8945.400123,8995.158598
219,-1,11.519999,84.066801,950625.349753,546741.464172,3589.656000,8945.399998,8993.577786
220,-1,11.160000,84.175021,950636.401568,546686.356014,3572.580900,8945.400100,8991.828894
221,-1,10.799999,84.270060,950647.106599,546631.179287,3557.590800,8945.399854,8990.319671
222,-1,10.439999,84.342350,950657.465174,546575.936616,3546.192200,8945.400080,8989.189018
223,-1,10.080000,84.361575,950667.476309,546520.629968,3543.161300,8945.400173,8988.890818
224,-1,9.720000,84.376579,950677.139676,546465.261312,3540.796100,8945.400162,8988.658734
225,-1,9.359999,84.421964,950686.454946,546409.832945,3533.642000,8945.400121,8987.960484
226,-1,9.000000,84.467663,950695.421791,546354.347492,3526.439700,8945.400159,8987.263307
227,-1,8.640000,84.500118,950790.744435,546311.981435,3529.769799,9033.100017,9074.877157
228,-1,8.280000,84.533411,950799.094484,546255.842440,3524.472500,9033.100099,9074.371058
229,-1,7.920000,84.567303,950720.227844,546187.567970,3510.739900,8945.399869,8985.763028
230,-1,7.560000,84.587512,950727.797711,546131.874512,3507.556300,8945.400086,8985.462391
231,-1,7.199999,84.606068,950648.008828,546065.142690,3496.352600,8857.700072,8897.097068
232,-1,6.840000,84.623781,950654.810652,546009.905596,3493.590000,8857.700061,8896.837790
233,-1,6.479999,84.641157,950661.265363,545954.626507,3490.880000,8857.700093,8896.584317
234,-1,6.119999,84.640265,950580.172350,545889.958329,3482.791100,8770.000053,8808.512141
235,-1,5.759999,84.644562,950585.874766,545835.150696,3482.127700,8769.999978,8808.450123
236,-1,5.400000,84.654854,950591.232695,545780.308614,3480.538500,8769.999921,8808.301882
237,-1,5.040001,84.667577,950596.246137,545725.433724,3478.574100,8770.000041,8808.119225
238,-1,4.680000,84.680950,950600.914434,545670.528322,3476.509300,8769.999896,8807.927430
239,-1,4.320000,84.695602,950604.763180,545615.558943,3474.202999,8769.523926,8807.240000
240,-1,3.959999,84.707331,950521.725288,545554.578422,3464.312100,8682.299867,8719.475267
241,-1,3.599999,84.712338,950437.795010,545494.637925,3455.430300,8594.600129,8631.330184
242,-1,3.240000,84.714800,950441.016460,545440.732849,3455.057800,8594.600145,8631.295879
243,-1,2.879999,84.705060,950356.309937,545382.401929,3448.403400,8506.900161,8543.355914
244,-1,2.520000,84.696355,950358.827648,545329.010960,3449.707100,8506.900019,8543.476180
245,-1,2.160000,84.694028,950361.010058,545275.605227,3450.055500,8506.900088,8543.508459
246,-1,1.799999,84.690811,950362.856840,545222.186699,3450.537300,8506.900122,8543.553061
247,-1,1.439999,84.687336,950364.367663,545168.757672,3451.057600,8506.899873,8543.600973
248,-1,1.079999,84.678948,950277.858650,545113.667231,3444.145600,8419.199941,8455.637881
249,-1,0.720000,84.664133,950278.689685,545060.774620,3446.341600,8419.200073,8455.841944
250,-1,0.360000,84.658783,950279.188044,545007.877744,3447.134600,8419.199875,8455.915528
251,-1,0.000000,84.659171,950278.897362,544954.978572,3447.034300,8418.743005,8455.451305
252,-1,359.639999,84.663349,950279.188044,544902.079399,3446.457700,8419.199875,8455.852544
253,-1,359.279999,84.679871,950278.689685,544849.182523,3444.008900,8419.200073,8455.625336
254,-1,358.920000,84.704573,950277.858650,544796.289913,3440.347700,8419.199941,8455.286523
255,-1,358.559999,84.747432,950276.695595,544743.403207,3433.996300,8419.200112,8454.702881
256,-1,358.199999,84.767012,950275.199863,544690.525032,3431.094900,8419.199875,8454.437526
257,-1,357.839999,84.772909,950273.372438,544637.657356,3430.221200,8419.200154,8454.358162
258,-1,357.479999,84.840402,950271.212338,544584.802147,3420.221600,8419.199899,8453.452775
259,-1,357.120000,84.907623,950268.720545,544531.961701,3410.264400,8419.199998,8452.563237
260,-1,356.759999,84.962727,950178.336867,544484.094343,3394.373400,8331.499999,8363.802755
261,-1,356.399998,85.003092,950175.214170,544431.839198,3388.458700,8331.500135,8363.285633
262,-1,356.040000,85.038748,950171.311947,544379.636218,3383.195200,8331.047912,8362.378286
263,-1,355.679999,85.069987,950167.532755,544327.427333,3378.619000,8331.047737,8361.983597
264,-1,355.319999,85.091165,950076.468961,544282.361807,3368.023400,8243.800033,8274.148664
265,-1,354.960000,85.111376,950072.080518,544230.751017,3365.094100,8243.799902,8273.898387
266,-1,354.599999,85.130178,950067.367929,544179.168443,3362.369100,8243.799850,8273.666559
267,-1,354.240000,85.147809,950062.331522,544127.616709,3359.814000,8243.799967,8273.450159
268,-1,353.879999,85.157589,950056.971296,544076.097455,3358.396700,8243.800092,8273.330520
269,-1,353.519999,85.162777,950051.287253,544024.612978,3357.644900,8243.799988,8273.266988
270,-1,353.159998,85.190958,950045.280047,543973.165246,3353.561300,8243.800092,8272.923742
271,-1,352.800000,85.220985,949951.940995,543932.748333,3341.878500,8156.099904,8184.553985
272,-1,352.439999,85.241646,949944.919683,543881.984655,3338.880099,8155.657320,8183.863667
273,-1,352.080000,85.249653,949851.593426,543843.231451,3330.481499,8068.400093,8096.210564
274,-1,351.719999,85.243488,949844.450396,543793.041919,3331.355600,8068.400090,8096.282997
275,-1,351.359999,85.239349,949836.992078,543742.898319,3331.942500,8068.400000,8096.331594
276,-1,350.999999,85.232588,949829.219127,543692.802618,3332.901300,8068.400179,8096.411403
277,-1,350.640000,85.224665,949734.598910,543657.020209,3326.698399,7980.700027,8008.499215
278,-1,350.280000,85.211145,949726.288231,543607.569521,3328.594700,7980.700049,8008.657324
279,-1,349.919999,85.204731,949717.666857,543558.171982,3329.494400,7980.699927,8008.732364
280,-1,349.560001,85.206528,949708.735444,543508.829889,3329.242300,7980.699912,8008.711279
281,-1,349.200000,85.211497,949699.494321,543459.544555,3328.545400,7980.700093,8008.653253
282,-1,348.839999,85.217709,949689.943487,543410.318275,3327.674100,7980.700048,8008.580521
283,-1,348.479998,85.228763,949765.587693,543343.725889,3333.407100,8067.962037,8096.016833
284,-1,348.119999,85.238832,949755.736663,543293.996657,3332.015799,8068.400143,8096.337820
285,-1,347.759999,85.255373,949745.144492,543244.420313,3329.670400,8068.400026,8096.143368
286,-1,347.399999,85.273127,949734.241299,543194.911554,3327.153100,8068.400156,8095.935667
287,-1,347.040000,85.292134,949723.027082,543145.472348,3324.458400,8068.400106,8095.714004
288,-1,346.679999,85.320173,949796.843208,543075.899324,3327.662400,8156.100093,8183.382052
289,-1,346.320000,85.362281,949870.092077,543005.328271,3328.742800,8243.800008,8270.879971
290,-1,345.959999,85.389301,949857.683965,542955.039002,3324.829700,8243.799980,8270.564470
291,-1,345.599999,85.430825,949844.960238,542904.828800,3318.816700,8243.800036,8270.083341
292,-1,345.239999,85.473280,949916.727154,542832.356176,3319.612800,8331.499929,8357.570228
293,-1,344.879999,85.515598,949903.231446,542781.777537,3313.421000,8331.499973,8357.083869
294,-1,344.519999,85.602025,949888.982459,542731.405263,3300.743000,8331.047890,8355.651413
295,-1,344.159999,85.696247,949875.287933,542680.879445,3286.997399,8331.500049,8355.059474
296,-1,343.799998,85.684094,947250.090755,543389.057163,3083.595500,5612.800035,5628.761621
297,-1,343.440001,85.625723,947240.145565,543355.222585,3089.346699,5612.800069,5629.197385
298,-1,343.079999,85.566637,947229.987777,543321.450671,3095.169200,5612.800046,5629.644446
299,-1,342.719998,85.509037,947303.064403,543261.784779,3107.710100,5700.190785,5717.745999
300,-1,342.359999,85.454573,947292.612980,543227.525990,3113.186900,5700.499900,5718.485593
301,-1,342.000001,85.414746,947281.652044,543193.427305,3117.174700,5700.499981,5718.803086
302,-1,341.639999,85.373090,947270.183235,543159.495286,3121.321000,5700.190583,5718.827655
303,-1,341.279998,85.343583,947176.027583,543153.586177,3117.158000,5612.799900,5631.386699
304,-1,340.920001,85.322546,947164.316649,543120.321152,3119.207700,5612.495475,5631.250054
305,-1,340.560000,85.304548,947152.971527,543086.929158,3121.007600,5612.799854,5631.700472
306,-1,340.200000,85.285055,947141.130015,543053.710392,3122.930100,5612.800067,5631.858385
307,-1,339.840000,85.272784,947129.079843,543020.566758,3124.140400,5612.800088,5631.958020
308,-1,339.479998,85.265790,947116.536232,542987.606194,3124.804999,5612.495389,5631.709170
309,-1,339.120001,85.258685,947104.355811,542954.510132,3125.531000,5612.799913,5632.072618
310,-1,338.759999,85.251617,947091.682936,542921.599436,3126.228200,5612.799834,5632.130211
311,-1,338.399999,85.240301,947078.803696,542888.769121,3127.344400,5612.799873,5632.222759
312,-1,338.040001,85.240159,947065.718421,542856.020499,3127.358400,5612.799855,5632.223902
313,-1,337.680001,85.242581,947052.427765,542823.354554,3127.119500,5612.800022,5632.204250
314,-1,337.319999,85.243408,947038.932057,542790.772598,3127.037900,5612.800189,5632.197649
315,-1,336.960001,85.235849,947025.231625,542758.276600,3127.783500,5612.799901,5632.259239
316,-1,336.600000,85.219236,946930.840410,542760.696871,3122.087600,5525.099929,5544.389432
317,-1,336.240000,85.188417,946916.679021,542729.001068,3125.055200,5524.800224,5544.338902
318,-1,335.880001,85.159262,946902.866712,542697.151722,3127.911900,5525.099997,5544.877954
319,-1,335.520000,85.129658,946808.764538,542701.852828,3123.314400,5437.399961,5457.103496
320,-1,335.159999,85.099919,946794.510302,542670.804334,3126.157300,5437.400163,5457.345798
321,-1,334.800000,85.065530,946780.060856,542639.846391,3129.445000,5437.399835,5457.627284
322,-1,334.439998,85.040480,946765.417512,542608.979327,3131.840100,5437.400029,5457.834017
323,-1,334.079999,85.022344,946671.702476,542616.540335,3125.935900,5349.699869,5369.952044
324,-1,333.720000,85.011575,946656.914776,542586.355028,3126.948999,5349.699805,5370.039979
325,-1,333.359999,84.993664,946641.937772,542556.262897,3128.634200,5349.699946,5370.186918
326,-1,333.000000,84.973156,946626.772120,542526.265581,3130.563800,5349.700149,5370.355852
327,-1,332.639999,84.971785,946611.159947,542496.497596,3130.667200,5349.409576,5370.075458
328,-1,332.279999,84.972324,946595.619295,542466.694834,3130.616500,5349.409700,5370.071138
329,-1,331.920001,84.977256,946579.891636,542436.990497,3130.152500,5349.409680,5370.030475
330,-1,331.559999,84.994345,946563.977626,542407.385242,3128.544700,5349.409792,5369.890060
331,-1,331.199999,85.011579,946547.877921,542377.880707,3126.923299,5349.409838,5369.748875
332,-1,330.839998,85.029768,946531.846457,542348.336475,3125.237500,5349.700000,5369.891621
333,-1,330.479998,85.050978,946515.376346,542319.035025,3123.242199,5349.700005,5369.719125
334,-1,330.119998,85.077936,946498.722507,542289.837576,3120.706400,5349.700086,5369.501038
335,-1,329.759999,85.106306,946481.885599,542260.745443,3118.037900,5349.700162,5369.272813
336,-1,329.399999,85.137469,946464.615948,542231.907574,3115.082299,5349.409519,5368.731889
337,-1,329.039999,85.168831,946447.415852,542203.030663,3112.133200,5349.409809,5368.483001
338,-1,328.680000,85.209746,946430.282356,542174.111758,3108.310400,5349.700006,5368.451580
339,-1,328.319999,85.250021,946337.844220,542191.659623,3097.212799,5261.714371,5279.847834
340,-1,327.959999,85.310085,946246.294207,542209.954534,3084.487899,5174.299928,5191.682745
341,-1,327.599999,85.356496,946228.960252,542182.449996,3080.268700,5174.299918,5191.339464
342,-1,327.240001,85.439690,946211.217833,542155.206940,3072.684500,5174.019188,5190.451142
343,-1,326.879999,85.527295,946193.775611,542127.770315,3064.746000,5174.299923,5190.105877
344,-1,326.520001,85.616256,946175.692314,542100.752325,3056.642400,5174.019262,5189.200373
345,-1,326.159999,85.736319,946157.906588,542073.537156,3045.759200,5174.299843,5188.659656
346,-1,325.799999,85.834560,946066.954014,542096.040392,3030.431800,5086.323905,5099.795151
347,-1,325.439998,85.924937,945904.468119,542169.158356,3009.871700,4910.933524,4923.380777
348,-1,325.079999,85.991779,945815.193363,542193.852204,2997.987400,4823.500010,4835.327066
349,-1,324.720000,86.062819,945797.552978,542169.207896,2991.960000,4823.238140,4834.648239
350,-1,324.359999,86.153861,945780.184574,542144.371004,2984.278100,4823.499954,4834.388078
351,-1,323.999997,86.243733,945762.447733,542119.796250,2976.678700,4823.500014,4833.884337
352,-1,323.640000,86.332422,945744.557021,542095.333700,2969.180900,4823.500061,4833.398977
353,-1,323.280000,86.434647,945726.302792,542071.140507,2960.524300,4823.238093,4832.591495
354,-1,322.919999,86.539320,945708.315952,542046.747839,2951.695400,4823.500145,4832.312061
355,-1,322.560000,86.624704,945620.130105,542076.098503,2939.294100,4735.543060,4743.772050
356,-1,322.199999,86.686868,945463.577268,542159.877206,2923.999700,4560.400017,4568.035043
357,-1,321.839998,86.720679,945376.795617,542191.627799,2916.260700,4472.457182,4479.792717
358,-1,321.480000,86.749395,945359.363894,542169.586833,2914.011900,4472.457324,4479.664783
359,-1,321.120001,86.782209,945341.982695,542147.503543,2911.455900,4472.699923,4479.762792
360,-1,320.759999,86.812535,945324.086077,542125.835608,2909.067599,4472.457140,4479.386960
361,-1,320.400000,86.840422,945306.241953,542104.126990,2906.884100,4472.457317,4479.266259
362,-1,320.039999,86.873330,945288.261674,542082.530904,2904.307600,4472.457420,4479.125091
363,-1,319.680001,86.923899,945270.330935,542060.891512,2900.361699,4472.699878,4479.153709
364,-1,319.319999,86.973202,945252.079660,542039.521804,2896.501999,4472.700014,4478.948383
365,-1,318.960000,87.012892,945167.367231,542076.006311,2888.806300,4384.762053,4390.727797
366,-1,318.599998,87.051715,945083.431703,542113.277234,2881.310700,4297.066830,4302.762109
367,-1,318.240001,87.078270,945065.513432,542093.081080,2879.313899,4297.066912,4302.659948
368,-1,317.879999,87.113596,945047.641420,542072.841291,2876.669500,4297.300208,4302.758969
369,-1,317.520000,87.146640,945029.469540,542052.870859,2874.184899,4297.300072,4302.634435
370,-1,317.160001,87.184746,945011.172661,542033.014927,2871.319800,4297.300070,4302.492760
371,-1,316.799997,87.224139,944992.751110,542013.274153,2868.358200,4297.300001,4302.348247
372,-1,316.439999,87.268911,944974.206200,541993.649849,2864.992499,4297.299929,4302.186491
373,-1,316.080000,87.315743,944955.538258,541974.142342,2861.472100,4297.299864,4302.020122
374,-1,315.719999,87.358849,944936.581275,541954.915018,2858.221300,4297.066895,4301.636385
375,-1,315.359998,87.401609,944917.670551,541935.644715,2855.007700,4297.066699,4301.489302
376,-1,314.999999,87.440084,944898.639422,541916.493507,2852.116299,4297.066787,4301.359279
377,-1,314.639999,87.483769,944879.651927,541897.296367,2848.843800,4297.299854,4301.447200
378,-1,314.280000,87.523548,944860.217910,541878.551654,2845.844600,4297.066895,4301.083831
379,-1,313.919999,87.565145,944840.828842,541859.762649,2842.719100,4297.066672,4300.949692
380,-1,313.559999,87.614836,944821.322319,541841.095692,2838.985799,4297.066707,4300.792741
381,-1,313.200002,87.671825,944801.858775,541822.381818,2834.714000,4297.300001,4300.850181
382,-1,312.839998,87.738981,944782.118001,541803.960267,2829.669100,4297.300070,4300.648264
383,-1,312.479999,87.804744,944762.104590,541785.835304,2824.720300,4297.066930,4300.222899
384,-1,312.120001,87.901961,944742.135141,541767.664736,2817.418999,4297.066758,4299.949240
385,-1,311.760000,87.963170,944780.457899,541684.204273,2815.941300,4384.761942,4387.534043
386,-1,311.399998,88.015170,944760.006825,541665.741384,2811.965100,4385.000070,4387.632505
387,-1,311.039999,88.087074,944739.126617,541647.765698,2806.447799,4384.762053,4387.206996
388,-1,310.680001,88.134863,944775.452988,541563.237324,2805.642300,4472.457356,4474.828095
389,-1,310.320001,88.201778,944754.084593,541544.987032,2800.413700,4472.457323,4474.660938
390,-1,309.960000,88.285679,944676.279302,541594.089296,2791.233600,4384.761844,4386.725280
391,-1,309.599999,88.339515,944655.106772,541576.461378,2787.110000,4384.761957,4386.603968
392,-1,309.240000,88.398232,944633.974597,541558.782608,2782.619500,4385.000084,4386.714178
393,-1,308.880000,88.464579,944557.386167,541609.874041,2775.181000,4297.066878,4298.610289
394,-1,308.520001,88.501551,944536.315015,541592.993170,2772.406200,4297.066640,4298.536595
395,-1,308.160002,88.534857,944515.282577,541576.061445,2769.912600,4297.299944,4298.705339
396,-1,307.799998,88.576379,944493.856767,541559.629719,2766.790599,4297.066698,4298.393472
397,-1,307.439998,88.640317,944472.471311,541543.148781,2761.992600,4297.066718,4298.276966
398,-1,307.080002,88.698191,944451.123584,541526.616662,2757.655100,4297.299957,4298.409408
399,-1,306.720000,88.750178,944429.392000,541510.591760,2753.748900,4297.066741,4298.089277
400,-1,306.359999,88.798071,944407.699787,541494.516660,2750.155400,4297.066947,4298.012604
401,-1,305.999998,88.862074,944385.906851,541478.578372,2745.353300,4297.066907,4297.914516
402,-1,305.639999,88.946853,944364.014178,541462.777551,2738.992700,4297.066671,4297.792668
403,-1,305.279998,89.019653,944342.022753,541447.114196,2733.531200,4297.066814,4297.695899
404,-1,304.920001,89.086727,944319.933558,541431.589621,2728.499400,4297.066838,4297.612777
405,-1,304.560001,89.210368,944297.746923,541416.204153,2719.224500,4297.066662,4297.474775
406,-1,304.199999,89.330810,944275.464159,541400.958121,2710.190100,4297.066767,4297.359869
407,-1,303.839998,89.457113,944253.085923,541385.852508,2700.716600,4297.066713,4297.259612
408,-1,303.479999,89.493577,960243.306895,517159.989214,2954.551300,33324.191372,33325.493110
409,-1,303.119999,89.477536,960068.303964,517045.033735,2963.881899,33324.191406,33325.576920
410,-1,302.760000,89.481142,959987.490149,516783.686817,2963.372800,33499.581818,33500.955465
411,-1,302.400000,89.513863,959810.127971,516670.346165,2944.240200,33499.581835,33500.787686
412,-1,302.040000,89.552878,959585.533932,516632.459429,2920.743100,33411.886682,33412.904073
413,-1,301.679999,89.597374,959453.284853,516447.019183,2895.410399,33499.581924,33500.409059
414,-1,301.319999,89.616460,959273.818020,516337.041713,2884.250300,33499.581970,33500.332541
415,-1,300.959999,89.668517,959093.663525,516228.194162,2853.812900,33499.581800,33500.142450
416,-1,300.600000,89.702629,958823.547923,516271.446700,2832.957100,33324.191241,33324.640074
417,-1,300.240000,89.732660,958687.155808,516089.667208,2815.899300,33411.886776,33412.250486
418,-1,299.880000,89.752166,958374.393310,516212.624639,2803.386499,33148.800849,33149.110960
419,-1,299.520000,89.745962,958064.724966,516336.810414,2805.817100,32887.500016,32887.823277
420,-1,299.160000,89.735264,957840.993786,516313.699240,2811.544700,32798.019919,32798.370026
421,-1,298.800000,89.736552,957619.328875,516289.146796,2810.412000,32712.100099,32712.445898
422,-1,298.439999,89.809088,957563.351953,515960.921074,2769.868900,32973.410271,32973.593314
423,-1,298.080000,89.823221,956802.969287,516946.046401,2757.947600,31745.676861,31745.827964
424,-1,297.719999,89.709599,956626.690112,516852.711285,2820.902500,31745.676947,31746.084710
425,-1,297.359999,89.632725,956409.525192,516838.371091,2862.935000,31657.981741,31658.632164
426,-1,297.000000,89.586917,956232.577384,516747.510380,2888.246799,31657.981701,31658.804494
427,-1,296.640000,89.598625,956094.383106,516579.377514,2882.391699,31745.676925,31746.455888
428,-1,296.280000,89.640024,955915.814238,516490.501708,2859.453100,31745.677151,31746.303711
429,-1,295.919999,89.648694,955736.690252,516402.749915,2854.649000,31745.677023,31746.273764
430,-1,295.560000,89.651328,955557.018695,516316.125416,2853.189700,31745.676914,31746.264741
431,-1,295.199999,89.668180,955339.467293,516309.980087,2843.344200,31657.981859,31658.512764
432,-1,294.839999,89.703746,955122.381113,516305.435149,2823.239000,31570.286613,31570.708636
433,-1,294.479999,89.725764,954942.110148,516222.672191,2811.106300,31570.286619,31570.648241
434,-1,294.120000,89.759784,954725.486238,516221.082299,2791.993300,31482.591370,31482.868065
435,-1,293.760000,89.815557,954403.361226,516461.863970,2760.217900,31131.810391,31131.971699
436,-1,293.400000,89.798458,954189.259292,516464.098217,2769.200300,31044.115253,31044.307313
437,-1,293.040000,89.781109,953975.681963,516467.895126,2778.265100,30956.419890,30956.645797
438,-1,292.679999,89.706899,949400.649774,526911.154751,2760.041200,19556.038689,19556.294573
439,-1,292.319999,89.665685,949320.433728,526783.008026,2774.620200,19643.733906,19644.068305
440,-1,291.959999,89.605395,949206.109481,526736.492699,2795.291300,19643.733967,19644.199854
441,-1,291.600000,89.553239,949091.495209,526690.696859,2813.174000,19643.733784,19644.330970
442,-1,291.240000,89.497945,949008.365126,526563.883464,2832.901199,19731.429153,19732.186682
443,-1,290.880000,89.417823,950642.985216,521930.906181,2910.397100,24642.362454,24643.634594
444,-1,290.519999,89.326489,950559.628428,521711.914822,2951.745400,24817.752952,24819.467701
445,-1,290.159999,89.245507,950443.640799,521575.391144,2987.983300,24905.448154,24907.607689
446,-1,289.800000,89.176722,950296.574164,521521.921107,3017.888500,24905.448425,24908.019701
447,-1,289.440000,89.074673,950178.361146,521386.680892,3063.674199,24993.143453,24996.403192
448,-1,289.079999,88.996420,950001.447129,521417.758914,3096.282500,24905.448344,24909.269351
449,-1,288.720000,88.880907,949853.398869,521367.070695,3146.511300,24905.448316,24910.199699
450,-1,288.360000,88.725417,949732.657641,521234.082444,3216.080600,24993.143480,24999.328924
451,-1,288.000000,88.653370,949637.659143,521018.280382,3251.648200,25168.533944,25175.487056
452,-1,287.640000,88.585898,949513.682685,520886.313782,3283.468800,25256.229342,25263.923565
453,-1,287.280000,88.630869,949414.403028,520671.226614,3267.825600,25431.619730,25438.882327
454,-1,286.919999,88.794522,949287.197902,520540.342362,3196.994000,25519.314980,25524.964243
455,-1,286.559999,88.937359,949133.650637,520494.159055,3133.350000,25519.315029,25523.704664
456,-1,286.200000,89.148689,948979.816299,520448.941626,3039.198099,25519.314899,25522.132045
457,-1,285.839999,89.369715,948801.764161,520489.056703,2939.772800,25431.619680,25433.158521
458,-1,285.480000,89.493922,948647.904233,520445.924571,2884.636300,25431.619617,25432.611698
459,-1,285.119999,89.626232,948493.776260,520403.759958,2825.904899,25431.619590,25432.160730
460,-1,284.759999,89.728826,948339.386477,520362.564502,2780.365600,25431.619662,25431.904500
461,-1,284.399999,89.819907,948162.932106,520407.279964,2739.661600,25343.924603,25344.049800
462,-1,284.040000,89.906057,948051.120649,520198.012338,2701.841799,25519.315052,25519.349354
463,-1,283.680000,89.915380,955548.446534,488718.042817,2745.480400,57878.858711,57878.921833
464,-1,283.320000,89.954344,955619.116668,486841.089222,2707.587300,59720.458631,59720.477591
465,-1,282.959999,89.877240,955312.709473,486499.402570,2788.518200,59983.544450,59983.682129
466,-1,282.599999,89.836289,954964.289238,486330.448839,2831.640900,60071.239685,60071.484898
467,-1,282.239999,89.790975,954539.908197,486506.376309,2878.190700,59808.153824,59808.551822
468,-1,281.879999,89.889714,954154.363692,486513.678132,2774.952900,59720.458641,59720.569274
469,-1,281.520000,89.934757,947009.157182,519691.963153,2689.358400,25782.400550,25782.417265
470,-1,281.159999,89.933959,946833.350775,519746.146771,2689.616299,25694.705356,25694.722424
471,-1,280.799999,89.959704,946658.429537,519801.539049,2678.009300,25607.010065,25607.016398
472,-1,280.440000,90.005497,946484.401342,519858.130799,2657.551500,25519.314808,25519.314925
473,-1,280.080000,90.041823,946295.925669,520002.254527,2641.500199,25343.924407,25343.931159
474,-1,279.720000,90.110741,946109.444743,520147.748987,2611.354300,25168.534094,25168.581105
475,-1,279.359999,90.152182,945939.230844,520208.067436,2593.383000,25080.838816,25080.927287
476,-1,278.999999,90.214079,945783.661930,520182.926410,2566.287600,25080.838901,25081.013974
477,-1,278.640000,90.265410,945627.938160,520158.763728,2543.817400,25080.838609,25081.107705
478,-1,278.279999,90.266015,1010827.452117,71043.305990,436.505000,478903.708034,478908.869723
479,-1,277.920000,90.275032,1007353.009919,74180.538233,378.394499,475308.202965,475313.679089
480,-1,277.559999,90.268373,1003055.415496,83862.553317,481.290500,465135.555094,465140.657637
481,-1,277.200000,90.267840,997815.987327,102018.952044,572.932000,446456.469142,446461.347366
482,-1,276.839999,90.258677,993914.316652,110992.722154,686.696599,437073.078337,437077.532863
483,-1,276.480000,90.206886,985218.770395,163216.619018,1272.732000,384192.848370,384195.352980
484,-1,276.119999,90.228968,951854.546113,451743.045901,2285.363600,93746.211969,93746.960543
485,-1,275.760000,90.198538,951312.691226,451245.827408,2333.635299,94184.688060,94185.253511
486,-1,275.399999,90.250162,950756.727771,450839.061161,2247.239700,94535.469156,94536.370247
487,-1,275.039999,90.238490,976051.091224,157268.268054,1040.000000,389191.476879,389194.848470
488,-1,274.679999,90.253952,974802.272856,142552.219402,870.447400,403748.887005,403752.852939
489,-1,274.320000,90.238367,976672.732697,84114.086935,737.294399,462153.917018,462157.916530
490,-1,273.959999,90.244735,943616.462524,519584.076558,2551.369700,25431.619834,25431.851838
491,-1,273.599999,90.208588,943457.018945,519573.542458,2567.414200,25431.619604,25431.788136
492,-1,273.240000,90.220796,943297.512374,519564.009997,2561.995400,25431.619752,25431.808589
493,-1,272.879999,90.226282,961621.905516,152138.596883,1106.650400,393313.153265,393316.220650
494,-1,272.519999,90.215394,958976.026949,156052.264581,1196.559400,389279.172373,389281.923164
495,-1,272.159999,90.218128,956502.410177,156741.096208,1180.990500,388489.915075,388492.730413
496,-1,271.799999,90.204509,954071.181116,156393.803924,1272.391300,388753.000783,388755.477229
497,-1,271.440000,90.187488,951680.241672,154308.396677,1381.279899,390769.991248,390772.083426
498,-1,271.080000,90.156470,949187.541933,156271.038749,1598.344800,388753.000868,388754.450516
499,-1,270.719999,90.147801,946737.526164,156846.490354,1658.742900,388139.134051,388140.425487
500,-1,270.360000,90.180173,944707.180815,91842.615441,1235.098199,453121.307357,453123.547750
501,-1,270.000000,90.163353,941860.154357,353340.878205,2113.697000,191614.100366,191614.879136
502,-1,269.640000,90.068953,941606.693578,504615.964105,2611.452600,40339.810739,40339.839951
503,-1,269.279999,89.999996,941352.140609,504530.664735,2660.002600,40427.505823,40427.505823
504,-1,268.919999,89.963172,941099.811717,504622.334171,2685.928799,40339.810674,40339.819007
505,-1,268.560000,89.925776,940855.226249,504978.577881,2711.803799,39989.029653,39989.063208
506,-1,268.200000,89.848776,940612.332377,505248.637053,2764.850600,39725.943871,39726.082240
507,-1,267.839999,89.794388,940362.876183,505257.261051,2802.561100,39725.943893,39726.199691
508,-1,267.479999,89.762120,940109.623409,505179.841915,2825.298100,39813.639053,39813.982193
509,-1,267.120000,89.689357,939903.807220,506067.470389,2871.106400,38936.686900,38937.259183
510,-1,266.759999,89.562074,939664.466163,506168.085345,2956.937900,38848.991400,38850.126189
511,-1,266.400000,89.456737,939415.299666,506095.124533,3029.197799,38936.686689,38938.437017
512,-1,266.040000,89.337590,939165.129563,506023.767064,3111.189499,39024.381969,39026.990148
513,-1,265.679999,89.200202,938920.572309,506041.468800,3204.780900,39024.381933,39028.184323
514,-1,265.320000,89.064914,938690.441536,506235.512375,3294.084300,38848.991516,38854.165861
515,-1,264.959999,89.001504,938308.549583,504683.781227,3364.602900,40427.505884,40433.645609
516,-1,264.599999,88.932230,938063.842724,504794.197345,3411.863800,40339.810742,40346.816850
517,-1,264.239999,88.889115,937811.581745,504818.842965,3442.229900,40339.810629,40347.394033
518,-1,263.879999,88.884738,937559.480543,504845.072899,3445.313100,40339.810712,40347.454008
519,-1,263.520000,88.920068,937297.652327,504785.751495,3422.082700,40427.505842,40434.688062
520,-1,263.159999,88.991504,937003.576143,504466.927002,3377.835600,40778.286769,40784.604445
521,-1,262.799999,89.078378,936386.572456,501627.117393,3362.542900,43672.229770,43677.880210
522,-1,262.440000,89.172866,936102.907997,501575.431144,3291.771299,43759.924824,43764.485094
523,-1,262.079999,89.290051,935842.545001,501699.319676,3201.167300,43672.229721,43675.582547
524,-1,261.720000,89.398397,935570.882487,501737.982985,3118.573200,43672.229714,43674.637234
525,-1,261.359999,89.533108,935273.119631,501604.952411,3017.312999,43847.620170,43849.076013
526,-1,260.999999,89.663618,935028.312377,501820.426389,2916.400800,43672.229812,43672.982473
527,-1,260.640000,89.843115,934814.476847,502210.314061,2778.621000,43321.448679,43321.611080
528,-1,260.279999,89.867939,920702.538208,421437.449032,2948.840300,125316.498612,125316.831484
529,-1,259.919999,89.822971,919896.179912,421400.140380,3047.738400,125491.889036,125492.488042
530,-1,259.559999,89.784285,918659.465194,419039.521742,3142.044400,128035.050850,128035.958281
531,-1,259.200000,89.880412,917753.751126,418584.786759,2928.515799,128648.917817,128649.198039
532,-1,258.840000,90.013994,916960.224826,418738.745440,2628.576900,128648.917587,128648.921425
533,-1,258.479999,90.006931,918251.801639,429123.192847,2645.698200,118213.184129,118213.184995
534,-1,258.120000,90.038026,917524.479931,429273.813937,2581.543999,118213.184124,118213.210159
535,-1,257.760000,90.043432,879279.433718,256482.844231,2436.240800,295182.179148,295182.263957
536,-1,257.399999,90.110992,915977.096543,429160.834504,2430.149999,118651.660258,118651.882889
537,-1,257.040000,90.098160,915191.053824,429069.362902,2456.273100,118914.746109,118914.920623
538,-1,256.680000,90.112864,882844.106379,295688.207421,2155.404000,256157.797302,256158.294294
539,-1,256.319999,90.041642,881299.831908,296149.141539,2473.888700,256070.102114,256070.169746
540,-1,255.959999,89.997097,878482.531440,291515.108484,2673.232399,261244.121152,261244.121487
541,-1,255.600000,89.998254,877850.975945,295655.687801,2667.842699,257385.530478,257385.530597
542,-1,255.240000,90.011173,876531.619988,296995.603100,2609.993900,256420.883094,256420.887970
543,-1,254.879999,90.029645,874837.697523,296903.010110,2527.050800,256947.054425,256947.088820
544,-1,254.520000,90.064150,867850.274490,277721.774850,2349.533700,277292.350217,277292.524022
545,-1,254.160000,90.107275,865574.256076,276082.933311,2136.718700,279484.731244,279485.221115
546,-1,253.800000,90.128697,862320.563764,271177.911954,2019.615699,285097.226709,285097.945923
547,-1,253.439999,90.067307,858752.335337,265462.797728,2317.462100,291586.674481,291586.875677
548,-1,253.080000,90.090936,857406.246165,267332.878633,2199.438500,290183.550503,290183.915991
549,-1,252.719999,90.112674,856236.654344,269711.210491,2093.136199,288254.255166,288254.812546
550,-1,252.359999,90.114089,849061.124404,253122.418865,2050.221100,306231.779645,306232.386751
551,-1,252.000000,90.147373,847175.131785,253544.442955,1871.874100,306407.169902,306408.183490
552,-1,251.639999,90.163434,801094.270863,120808.708756,1385.245100,446894.945322,446896.763419
553,-1,251.280000,90.158777,783683.978584,78180.182464,1294.221600,492847.251045,492849.143464
554,-1,250.920000,90.187218,806009.495612,152198.346764,1302.032300,415587.744417,415589.963048
555,-1,250.560000,90.166859,826076.555216,216900.812175,1646.866400,347887.018901,347888.494147
556,-1,250.200000,90.142691,824344.392013,218542.391241,1796.012700,346922.371096,346923.446946
557,-1,249.839999,90.174816,822054.025859,218628.623023,1599.351700,347623.932937,347625.551025
558,-1,249.479999,90.188531,811859.884502,197623.117134,1439.674900,370863.171711,370865.179445
559,-1,249.120000,90.186358,823776.401680,235400.010412,1582.377200,331312.618169,331314.370695
560,-1,248.760000,90.183062,786950.485830,146399.513873,1293.785900,427601.992329,427604.174891
561,-1,248.399999,90.167516,792294.075537,167194.185210,1472.111999,406292.048820,406293.785348
562,-1,248.039999,90.174498,790677.774636,170012.035217,1428.748500,404275.058232,404276.933165
563,-1,247.679999,90.169435,799715.186351,198714.041790,1553.165299,374283.286072,374284.922640
564,-1,247.320000,90.159895,797271.999636,198966.681376,1613.524699,374984.848069,374986.308272
565,-1,246.959999,90.144701,827054.376095,275013.635581,1919.162700,293340.579152,293341.514650
566,-1,246.599999,90.177568,824872.970353,274613.547143,1747.082599,294568.312566,294569.727206
567,-1,246.240000,90.150707,834129.908204,300235.241962,1956.690900,267382.788194,267383.713165
568,-1,245.879999,90.172206,819048.198538,270662.325714,1756.727199,300531.588861,300532.946289
569,-1,245.519999,90.172441,816673.104863,270002.769947,1750.744300,302110.103089,302111.471372
570,-1,245.160000,90.164941,814321.739815,269441.870150,1785.998700,303600.922422,303602.180450
571,-1,244.799999,90.186172,826632.563946,300083.884653,1780.640700,270627.511957,270628.940620
572,-1,244.440000,90.191590,824604.401992,299784.242536,1751.239100,271767.550069,271769.069463
573,-1,244.080000,90.176134,823679.601020,301787.793647,1828.863400,270364.426304,270365.703814
574,-1,243.719999,90.179150,822387.045863,303006.926051,1816.273800,269838.254833,269839.573905
575,-1,243.359999,90.198994,820633.283294,303292.054746,1720.990100,270364.426320,270366.056965
576,-1,242.999999,90.226394,801360.761800,269209.394893,1437.152500,309476.503513,309478.919448
577,-1,242.640000,90.205765,862624.522474,391832.401287,2040.829000,172408.842679,172409.954488
578,-1,242.279999,90.183502,793542.130783,262690.216331,1638.777600,318859.894184,318861.529531
579,-1,241.920000,90.193401,841924.919188,357635.572043,1943.345300,212310.177076,212311.386610
580,-1,241.559999,90.112715,840541.117822,357881.617811,2241.468900,212748.653275,212749.064954
581,-1,241.200000,90.052644,839240.966551,358291.368632,2464.280700,213011.739070,213011.828985
582,-1,240.839999,89.983533,837771.051184,358403.757843,2721.395099,213625.605569,213625.614391
583,-1,240.479999,90.048140,836946.656179,359671.934768,2481.097200,212924.043783,212924.118941
584,-1,240.120000,90.091171,835959.321211,360638.930538,2321.744600,212573.262720,212573.531843
585,-1,239.759999,90.097409,829150.161273,351610.426613,2279.516099,223798.253596,223798.577030
586,-1,239.399999,90.105038,828741.103692,353681.109808,2252.612100,222219.739211,222220.112636
587,-1,239.040000,90.165378,834940.214654,366728.593555,2060.096500,207837.719921,207838.585701
588,-1,238.679999,90.172487,843760.143536,383735.607113,2091.862299,188720.157525,188721.012706
589,-1,238.320000,90.247019,848459.974688,393609.058495,1893.246300,177845.947623,177847.600482
590,-1,237.959999,90.286151,820015.616222,350265.536586,1512.933900,229673.834586,229676.698980
591,-1,237.599999,90.287633,823728.652759,358809.517858,1553.217999,220465.834572,220468.612687
592,-1,237.240000,90.273134,846383.192752,396576.341930,1818.875000,176442.823624,176444.828487
593,-1,236.880000,90.270581,845452.793038,397179.166184,1826.735400,176442.823722,176444.791289
594,-1,236.519999,90.301477,844671.329378,398007.258688,1732.974100,176179.737994,176182.176898
595,-1,236.160000,90.336225,814595.255672,355135.744366,1318.892100,228533.796432,228537.731419
596,-1,235.800000,90.335155,817545.637238,362031.721387,1366.250799,221167.396298,221171.180248
597,-1,235.440000,90.323234,816597.745105,363105.297652,1414.250000,220816.615366,220820.129324
598,-1,235.079998,90.316629,937994.787088,539418.224553,2622.683600,6752.533538,6752.636647
599,-1,234.720000,90.254918,937909.425054,539371.031406,2629.566500,6840.228649,6840.296351
600,-1,234.360001,90.206057,937874.418234,539395.964427,2635.399800,6840.228848,6840.273084
601,-1,234.000000,90.159284,937839.568894,539421.117264,2640.983800,6840.228682,6840.255115
602,-1,233.640000,90.113866,937804.878019,539446.488276,2646.406099,6840.228907,6840.242415
603,-1,233.279999,90.067162,937770.347576,539472.077136,2651.981799,6840.228626,6840.233325
604,-1,232.919998,90.019201,937735.978222,539497.882202,2657.707599,6840.228766,6840.229150
605,-1,232.559999,89.968731,937701.771926,539523.902491,2663.732999,6840.228931,6840.229949
606,-1,232.199999,89.910470,937667.729999,539550.137675,2670.688400,6840.228586,6840.236936
607,-1,231.839999,89.847791,937688.036717,539645.539715,2677.938400,6752.533344,6752.557171
608,-1,231.479998,89.776204,937654.758896,539671.858560,2686.375300,6752.533452,6752.584963
609,-1,231.120000,89.722259,937621.647414,539698.385738,2692.733100,6752.533548,6752.612885
610,-1,230.760001,89.664541,937588.703254,539725.120593,2699.535600,6752.533524,6752.649262
611,-1,230.399998,89.619616,937555.927401,539752.062140,2704.830300,6752.533530,6752.682343
612,-1,230.040001,89.565494,937466.999429,539711.991026,2711.874200,6840.228696,6840.425392
613,-1,229.680000,89.530076,937434.143524,539739.697335,2716.102900,6840.228816,6840.458888
614,-1,229.320001,89.488777,937515.788046,539900.618930,2719.468700,6664.838335,6665.103642
615,-1,228.959999,89.452859,937484.116521,539928.015200,2723.647200,6664.838173,6665.142072
616,-1,228.599998,89.429151,937452.617568,539955.609633,2726.405199,6664.838356,6665.169163
617,-1,228.239998,89.404899,937421.292828,539983.401572,2729.226599,6664.838297,6665.197810
618,-1,227.880000,89.384039,937390.143612,540011.389705,2731.653400,6664.838102,6665.223263
619,-1,227.520000,89.364870,937359.170577,540039.573048,2733.883400,6664.838066,6665.247572
620,-1,227.159999,89.337901,937328.375035,540067.950288,2737.020999,6664.838277,6665.283302
621,-1,226.800000,89.310503,937297.758626,540096.520441,2740.208400,6664.838348,6665.320967
622,-1,226.440000,89.251703,937206.890369,540061.734093,2748.194699,6752.533395,6753.109325
623,-1,226.080000,89.200545,937176.237215,540091.067696,2754.225000,6752.533509,6753.190886
624,-1,225.720000,89.165378,937145.769101,540120.593555,2758.370400,6752.533363,6753.249852
625,-1,225.359998,89.139209,937053.867710,540087.911862,2762.772800,6840.228774,6841.000799
626,-1,225.000000,89.124588,937023.382206,540118.206421,2764.518700,6840.228773,6841.027249
627,-1,224.640001,89.109929,936993.087647,540148.691924,2766.269200,6840.228774,6841.054219
628,-1,224.279999,89.097559,936962.985017,540179.367388,2767.746300,6840.228776,6841.077326
629,-1,223.919999,89.091650,936996.243481,540271.061430,2767.061500,6752.533509,6753.382186
630,-1,223.559999,89.085975,936966.909878,540301.714584,2767.730500,6752.533395,6753.392712
631,-1,223.199999,89.079918,936873.842151,540272.519761,2769.852900,6840.228792,6841.110844
632,-1,222.839999,89.073004,936844.520031,540303.941942,2770.678600,6840.228754,6841.124116
633,-1,222.480001,89.063977,936815.396074,540335.547522,2771.756500,6840.228750,6841.141635
634,-1,222.119999,89.058651,936786.470935,540367.335844,2772.392600,6840.228743,6841.152049
635,-1,221.760000,89.054354,936757.746255,540399.304940,2772.905700,6840.228846,6841.160601
636,-1,221.400000,89.048626,936663.441981,540373.460176,2775.046000,6927.923955,6928.879123
637,-1,221.040000,89.040131,936634.757983,540406.202236,2776.073500,6927.924177,6928.896482
638,-1,220.680000,89.031711,936606.280678,540439.124086,2777.091799,6927.923957,6928.913396
639,-1,220.320000,89.018147,936578.010722,540472.224086,2778.732399,6927.923871,6928.941228
640,-1,219.959999,88.932623,936281.077917,540280.211018,2795.612400,7278.704940,7279.968154
641,-1,219.599999,88.807436,936184.245433,540259.458435,2813.347599,7366.400169,7367.996128
642,-1,219.239999,88.572471,935815.253717,540017.846714,2854.499300,7804.876342,7807.299450
643,-1,218.880000,88.381566,935852.619784,540110.970543,2878.045100,7717.181183,7720.260946
644,-1,218.519999,88.158845,935822.302587,540148.812331,2908.070900,7717.181345,7721.167469
645,-1,218.160000,88.067039,935792.224235,540186.844079,2920.449700,7717.180994,7721.574745
646,-1,217.800001,88.024877,935831.677897,540278.812727,2923.110900,7629.485922,7634.021402
647,-1,217.440000,87.964401,935802.415816,540316.782795,2931.173700,7629.485977,7634.303600
648,-1,217.079999,87.939332,935773.392908,540354.936262,2934.516099,7629.485839,7634.422916
649,-1,216.719999,87.876590,935814.903980,540445.704454,2939.630500,7541.790582,7546.972797
650,-1,216.359999,87.820076,935786.690782,540483.776556,2947.079800,7541.790719,7547.252617
651,-1,215.999999,87.762762,935758.717413,540522.025167,2954.635299,7541.790813,7547.543880
652,-1,215.640000,87.723559,935730.985185,540560.448975,2959.803499,7541.790577,7547.747164
653,-1,215.280001,87.709308,935703.494754,540599.046010,2961.682400,7541.790632,7547.822083
654,-1,214.919999,87.721144,935676.247105,540637.815290,2960.121900,7541.790748,7547.759989
655,-1,214.560000,87.719069,935649.243878,540676.754845,2960.395500,7541.790717,7547.770842
656,-1,214.199999,87.729340,935622.485730,540715.863362,2959.041400,7541.790746,7547.717099
657,-1,213.840000,87.740057,935595.973972,540755.139202,2957.628500,7541.790677,7547.661183
658,-1,213.479998,87.753429,935569.709261,540794.581052,2955.865600,7541.790704,7547.591899
659,-1,213.119999,87.787467,935543.693236,540834.186944,2951.378500,7541.790551,7547.417184
660,-1,212.760000,87.832308,935517.926228,540873.955238,2945.467500,7541.790841,7547.191582
661,-1,212.400000,87.866565,935566.453362,540960.874355,2937.685000,7454.095566,7459.266027
662,-1,212.040000,87.886572,935541.482283,541000.497635,2935.078500,7454.095267,7459.169151
663,-1,211.679999,87.910125,935516.760219,541040.276755,2932.010200,7454.095484,7459.056846
664,-1,211.320000,87.947264,935492.288812,541080.210402,2927.172200,7454.095516,7458.882017
665,-1,210.959999,87.980740,935468.068716,541120.297265,2922.811500,7454.095489,7458.727066
666,-1,210.600000,87.995829,935519.584033,541205.175704,2917.777200,7366.400313,7370.909215
667,-1,210.239999,87.991586,935571.910700,541289.253948,2915.248100,7278.704919,7283.179038
668,-1,209.879999,87.988642,935549.002609,541328.836218,2915.622600,7278.704881,7283.192134
669,-1,209.520000,88.002386,935526.343534,541368.561532,2913.874400,7278.705017,7283.131121
670,-1,209.160000,88.023253,935503.934458,541408.428578,2911.220400,7278.705122,7283.039197
671,-1,208.800000,88.054817,935481.776694,541448.435716,2907.205800,7278.704858,7282.901559
672,-1,208.440000,88.081900,935536.982292,541530.345001,2900.824500,7191.009668,7195.041104
673,-1,208.079998,88.088716,935592.962167,541611.420626,2897.041700,7103.314555,7107.268564
674,-1,207.720000,88.092125,935572.078022,541650.864117,2896.618500,7103.314460,7107.254366
675,-1,207.360000,88.093806,935629.327252,541730.741254,2893.491299,7015.619195,7019.503606
676,-1,206.999999,88.100751,935609.191793,541769.954102,2892.640000,7015.619277,7019.475423
677,-1,206.640000,88.106313,935589.303381,541809.292606,2891.958199,7015.619156,7019.452739
678,-1,206.280000,88.117562,935569.662345,541848.755453,2890.579300,7015.619132,7019.407284
679,-1,205.920001,88.130531,935550.269667,541888.340676,2888.989500,7015.619201,7019.355310
680,-1,205.559999,88.152928,935531.126004,541928.047289,2886.244300,7015.619208,7019.266297
681,-1,205.199999,88.177046,935512.232341,541967.873325,2883.288100,7015.619122,7019.171549
682,-1,204.839999,88.201306,935493.589334,542007.817143,2880.314600,7015.619051,7019.077517
683,-1,204.480001,88.192758,935555.009487,542084.215940,2878.595200,6927.923925,6931.371709
684,-1,204.120000,88.185094,935537.096465,542123.888761,2879.522900,6927.923976,6931.401079
685,-1,203.759999,88.179681,935519.433114,542163.673459,2880.178000,6927.923939,6931.421820
686,-1,203.400000,88.170578,935502.020091,542203.568064,2881.279800,6927.924012,6931.456980
687,-1,203.039999,88.155278,935484.858052,542243.571593,2883.131800,6927.923987,6931.516325
688,-1,202.679998,88.135558,935467.947653,542283.682077,2885.518700,6927.924040,6931.593625
689,-1,202.320000,88.121081,935532.414716,542357.202599,2884.394200,6840.228721,6843.908366
690,-1,201.960000,88.095049,935516.217242,542397.011903,2887.505399,6840.228914,6844.011273
691,-1,201.599998,88.067737,935500.270423,542436.922584,2890.769700,6840.228768,6844.120415
692,-1,201.239998,88.019366,935484.574588,542476.932347,2896.551200,6840.228832,6844.317858
693,-1,200.880000,87.954600,935551.066909,542548.295393,2901.160800,6752.533475,6756.838526
694,-1,200.520000,87.882904,935618.200961,542618.724058,2906.379800,6664.838133,6669.390553
695,-1,200.160000,87.810931,935603.644888,542657.989071,2914.763800,6664.838444,6669.705847
696,-1,199.800001,87.739146,935589.336190,542697.344963,2923.126699,6664.838332,6670.030408
697,-1,199.440000,87.697691,935575.274866,542736.790095,2927.956500,6664.838357,6670.222711
698,-1,199.079999,87.664788,935561.461902,542776.322824,2931.790200,6664.838145,6670.377607
699,-1,198.720001,87.623406,935547.897296,542815.941183,2936.611999,6664.838343,6670.576013
700,-1,198.359998,87.575431,935534.582034,542855.644516,2942.202500,6664.838234,6670.810066
701,-1,198.000000,87.514892,935521.516444,542895.430197,2949.257500,6664.838340,6671.112351
702,-1,197.639999,87.437912,935508.701180,542935.297572,2958.229500,6664.838242,6671.507298
703,-1,197.280000,87.357562,935496.136573,542975.244342,2967.595400,6664.838330,6671.932621
704,-1,196.920000,87.274435,935483.823277,543015.269524,2977.286200,6664.838274,6672.386361
705,-1,196.560001,87.178573,935471.761622,543055.371150,2988.463399,6664.838339,6672.927265
706,-1,196.200000,87.129119,935459.952262,543095.547907,2994.230300,6664.838276,6673.213554
707,-1,195.839999,87.092049,935448.395527,543135.798155,2998.553300,6664.838233,6673.431427
708,-1,195.480000,87.074665,935437.091744,543176.119925,3000.580800,6664.838439,6673.534797
709,-1,195.119999,87.063923,935426.041897,543216.512232,3001.833600,6664.838209,6673.598622
710,-1,194.760001,87.055038,935415.245987,543256.972781,3002.869800,6664.838149,6673.651718
711,-1,194.400000,87.023116,936084.225292,543471.972023,2970.109600,5963.276363,5971.334268
712,-1,194.040000,86.923387,936160.096859,543529.567052,2975.804800,5875.581117,5884.062044
713,-1,193.680000,86.819252,936151.253373,543565.409500,2986.515499,5875.581047,5884.646549
714,-1,193.320001,86.724841,936142.635280,543601.306738,2996.228000,5875.580977,5885.193377
715,-1,192.960000,86.641649,936134.242580,543637.257454,3004.787900,5875.581215,5885.688856
716,-1,192.599998,86.554892,936211.659420,543692.390546,3008.436700,5787.885932,5798.364571
717,-1,192.240000,86.475796,936203.837914,543727.905566,3016.456500,5787.885958,5798.852050
718,-1,191.880001,86.399047,936196.239832,543763.469144,3024.239500,5787.885837,5799.335554
719,-1,191.520000,86.333695,936188.865174,543799.079965,3030.867800,5787.885847,5799.755641
720,-1,191.159999,86.269184,936181.714270,543834.736389,3037.411800,5787.886001,5800.177930
721,-1,190.800001,86.229917,936174.787775,543870.436777,3041.395500,5787.885976,5800.438483
722,-1,190.440001,86.202956,936168.085688,543906.180144,3044.130999,5787.885958,5800.618974
723,-1,190.079999,86.180879,936161.608339,543941.965178,3046.371000,5787.885870,5800.767656
724,-1,189.719994,86.017352,940390.736692,544703.278616,2763.794500,1490.818949,1494.427796
725,-1,189.360004,85.833636,940302.656488,544698.253363,2774.987200,1578.514315,1582.696907
726,-1,188.999994,85.638487,940301.074142,544708.044682,2780.393500,1578.514321,1583.098878
727,-1,188.640005,85.442894,940299.553475,544717.845188,2785.814900,1578.514286,1583.520363
728,-1,188.279997,85.260999,940298.094161,544727.655535,2790.859300,1578.514434,1583.929283
729,-1,187.919996,85.101524,940296.696854,544737.474741,2795.284100,1578.514263,1584.300813
730,-1,187.559994,84.942857,940295.360898,544747.302478,2799.688599,1578.514468,1584.683196
731,-1,187.199994,84.777162,940468.094477,544779.120656,2788.258200,1403.123913,1408.973698
732,-1,186.839994,84.596019,940467.017051,544787.870638,2792.732600,1403.123876,1409.388007
733,-1,186.479996,84.415231,940465.994744,544796.627182,2797.200900,1403.123725,1409.815688
734,-1,186.119998,84.234810,940465.027226,544805.389960,2801.662900,1403.123823,1410.257012
735,-1,185.760000,84.059686,940464.114826,544814.158643,2805.996600,1403.123880,1410.698986
736,-1,185.400001,83.896172,940463.257544,544822.932904,2810.045499,1403.123930,1411.123812
737,-1,185.039998,83.732529,940375.099256,544824.008361,2823.731300,1490.819186,1499.783246
738,-1,184.680001,83.538382,940374.305622,544833.341676,2828.845800,1490.819236,1500.350259
739,-1,184.320000,83.344244,940373.570716,544842.679912,2833.964000,1490.819207,1500.934836
740,-1,183.960005,83.150168,940372.894536,544852.022413,2839.084600,1490.819152,1501.536892
741,-1,183.600003,82.956208,940372.277083,544861.369179,2844.206300,1490.819070,1502.156270
742,-1,183.240001,82.757422,940284.163086,544865.763199,2860.604600,1578.514449,1591.210254
743,-1,182.880005,82.545386,940283.633888,544875.667050,2866.543400,1578.514208,1591.969623
744,-1,182.520003,82.333769,940283.166697,544885.574183,2872.476200,1578.514189,1592.750194
745,-1,182.160004,82.122585,940282.761514,544895.483940,2878.402800,1578.514425,1593.551873
746,-1,181.799997,81.929831,940282.418995,544905.396322,2883.817400,1578.514260,1594.302825
747,-1,181.440000,81.748446,940282.138484,544915.310344,2888.917400,1578.514384,1595.026908
748,-1,181.080001,81.567525,940281.920309,544925.226006,2894.009000,1578.514468,1595.765690
749,-1,180.719997,81.387059,940281.764797,544935.142981,2899.092500,1578.514191,1596.518799
750,-1,180.359997,81.207033,940281.671293,544945.060612,2904.168500,1578.514221,1597.286888
751,-1,180.000000,81.027429,940281.640125,544954.978572,2909.237500,1578.514231,1598.069619
752,-1,179.640002,80.848233,940281.671293,544964.896531,2914.300000,1578.514221,1598.866985
753,-1,179.280002,80.669422,940281.764797,544974.814162,2919.356700,1578.514191,1599.679014
754,-1,178.919997,80.485290,940369.600251,544983.078253,2909.871000,1490.818947,1511.613922
755,-1,178.559997,80.313936,940369.805960,544992.443064,2914.457200,1490.819215,1512.379053
756,-1,178.200003,80.153057,940370.071051,545001.806234,2918.767200,1490.818932,1513.109894
757,-1,177.840001,79.992598,940370.394541,545011.167764,2923.070200,1490.819081,1513.851863
758,-1,177.480003,79.832527,940370.777086,545020.526997,2927.367000,1490.818986,1514.604358
759,-1,177.120005,79.672822,940371.218358,545029.883605,2931.658300,1490.818960,1515.367745
760,-1,176.759995,79.513461,940371.718357,545039.237589,2935.944699,1490.819005,1516.142072
761,-1,176.399996,79.354423,940372.277083,545048.587964,2940.226800,1490.819070,1516.927341
762,-1,176.039994,79.195678,940372.894536,545057.934730,2944.505500,1490.819152,1517.723665
763,-1,175.679999,79.037204,940373.570716,545067.277231,2948.781400,1490.819207,1518.531069
764,-1,175.319998,78.887321,940374.305622,545076.615467,2952.829700,1490.819236,1519.306166
765,-1,174.960001,78.768618,940375.099256,545085.948782,2956.038799,1490.819186,1519.927899
766,-1,174.599994,78.652002,940375.951617,545095.277175,2959.194000,1490.819060,1520.545468
767,-1,174.240002,78.536428,940376.862376,545104.599663,2962.323600,1490.819094,1521.164399
768,-1,173.879997,78.421007,940377.831862,545113.916574,2965.451600,1490.818991,1521.789061
769,-1,173.520003,78.305703,940378.859747,545123.226923,2968.579000,1490.818978,1522.419859
770,-1,173.159994,78.190489,940379.946031,545132.531038,2971.706600,1490.819092,1523.056981
771,-1,172.800005,78.075328,940381.090714,545141.827607,2974.835400,1490.819178,1523.700479
772,-1,172.440003,77.950643,940469.227021,545139.579580,2959.506700,1403.123796,1434.733651
773,-1,172.079998,77.817466,940470.414354,545148.315455,2962.918400,1403.123809,1435.449749
774,-1,171.720003,77.684290,940471.656478,545157.043456,2966.333499,1403.123864,1436.174359
775,-1,171.360004,77.607155,940472.953391,545165.763583,2968.313100,1403.123957,1436.597998
776,-1,170.999996,77.591838,940560.920735,545160.757031,2949.412200,1315.428743,1346.889824
777,-1,170.640001,77.587069,940562.239302,545168.916136,2949.527000,1315.428740,1346.914494
778,-1,170.279993,77.613712,940563.609378,545177.067038,2948.885700,1315.428511,1346.776565
779,-1,169.920006,77.641252,940565.030307,545185.208754,2948.223000,1315.428539,1346.634597
780,-1,169.560002,77.655837,940480.258823,545209.232656,2967.063599,1403.123952,1436.330351
781,-1,169.200002,77.666665,940481.883819,545217.897665,2966.785699,1403.123702,1436.270723
782,-1,168.839996,77.677858,940483.562950,545226.552503,2966.498500,1403.123765,1436.209466
783,-1,168.479996,77.689417,940485.296214,545235.196515,2966.202000,1403.124017,1436.146466
784,-1,168.120004,77.670819,940229.633340,545297.988712,3024.181500,1666.209693,1705.544754
785,-1,167.759997,77.538951,940231.820999,545308.226881,3028.201500,1666.209437,1706.407406
786,-1,167.399998,77.407697,940234.072635,545318.450942,3032.206900,1666.209449,1707.276165
787,-1,167.040003,77.277067,940236.388247,545328.660567,3036.197400,1666.209654,1708.150782
788,-1,166.679997,77.149175,940238.768164,545338.855757,3040.108200,1666.209734,1709.016419
789,-1,166.319996,77.038743,940241.212385,545349.035526,3043.488200,1666.209468,1709.771093
790,-1,165.959994,76.928882,940243.720254,545359.199876,3046.853800,1666.209492,1710.529138
791,-1,165.599996,76.819591,940246.291771,545369.348150,3050.204900,1666.209648,1711.290290
792,-1,165.239998,76.710879,940248.927264,545379.480019,3053.541200,1666.209537,1712.053999
793,-1,164.880002,76.602747,940251.626078,545389.595156,3056.862700,1666.209710,1712.820715
794,-1,164.519998,76.495194,940254.388868,545399.693233,3060.169299,1666.209451,1713.589625
795,-1,164.160003,76.388231,940257.214649,545409.773594,3063.460800,1666.209536,1714.361349
796,-1,163.800000,76.281858,940260.103751,545419.836238,3066.737100,1666.209647,1715.135463
797,-1,163.439996,76.184526,940263.056173,545429.880509,3069.737500,1666.209608,1715.849433
798,-1,163.080002,76.097575,940266.071587,545439.905751,3072.420000,1666.209544,1716.491917
799,-1,162.720003,76.010116,940269.149993,545449.911965,3075.120200,1666.209455,1717.142606
800,-1,162.360000,75.922127,940272.291063,545459.898822,3077.838900,1666.209560,1717.801980
801,-1,162.000000,75.833581,940275.494796,545469.865665,3080.576900,1666.209663,1718.470124
802,-1,161.639999,75.744461,940278.761194,545479.812168,3083.334800,1666.209662,1719.147169
803,-1,161.279994,75.654735,940282.090256,545489.738001,3086.113600,1666.209456,1719.833350
804,-1,160.919999,75.564389,940285.481325,545499.642508,3088.913900,1666.209458,1720.529306
805,-1,160.560000,75.476561,940288.934402,545509.525691,3091.638400,1666.209666,1721.210725
806,-1,160.200001,75.399075,940292.449815,545519.386892,3094.043800,1666.209555,1721.815408
807,-1,159.840005,75.324872,940296.026908,545529.225783,3096.348900,1666.209631,1722.398008
808,-1,159.479994,75.251275,940299.666008,545539.042364,3098.636700,1666.209590,1722.978976
809,-1,159.120005,75.178288,940303.366460,545548.835323,3100.907100,1666.209589,1723.558374
810,-1,158.759997,75.105911,940307.128591,545558.605317,3103.160000,1666.209553,1724.136033
811,-1,158.399997,75.034143,940310.951747,545568.351361,3105.395500,1666.209742,1724.712166
812,-1,158.039996,74.962993,940314.836253,545578.073126,3107.613200,1666.209730,1725.286191
813,-1,157.679996,74.892454,940318.781783,545587.770285,3109.813299,1666.209699,1725.858269
814,-1,157.320002,74.822533,940322.788337,545597.442182,3111.995500,1666.209401,1726.428017
815,-1,156.960003,74.746677,940246.155288,545641.410598,3138.278600,1753.904763,1817.947287
816,-1,156.599999,74.654070,940250.500096,545651.538202,3141.325600,1753.904831,1818.751355
817,-1,156.239994,74.563146,940254.908552,545661.638247,3144.319800,1753.904784,1819.546004
818,-1,155.879996,74.473939,940259.293385,545671.749120,3147.286500,1753.999962,1820.429620
819,-1,155.519996,74.386428,940263.915095,545681.754021,3150.146900,1753.904881,1821.105795
820,-1,155.159994,74.308625,940268.513183,545691.769093,3152.715500,1753.904757,1821.798688
821,-1,154.799997,74.247842,940273.173935,545701.754965,3154.723600,1753.904741,1822.342800
822,-1,154.440004,74.186982,940277.811393,545711.752320,3156.762400,1753.999932,1822.988931
823,-1,154.079997,74.125712,940282.683102,545721.638127,3158.762100,1753.904910,1823.443463
824,-1,153.719999,74.064350,940287.531190,545731.534433,3160.793000,1753.904966,1824.000071
825,-1,153.360004,74.012252,940292.441613,545741.399899,3162.518200,1753.904715,1824.474251
826,-1,152.999999,73.959578,940297.329070,545751.277832,3164.290800,1753.999825,1825.054683
827,-1,152.639998,73.906068,940302.363181,545761.081618,3166.064799,1753.999848,1825.545685
828,-1,152.279998,73.851675,940307.542961,545770.809289,3167.841500,1753.904759,1825.947670
829,-1,151.920001,73.831168,940312.699446,545780.548443,3168.522000,1753.904875,1826.137162
830,-1,151.559997,73.854422,940317.917284,545790.255116,3167.750400,1753.904813,1825.922387
831,-1,151.200003,73.830304,940400.043760,545757.681034,3143.123100,1666.209530,1734.837781
832,-1,150.839994,73.798477,940405.116256,545766.839481,3144.126600,1666.209473,1735.117452
833,-1,150.480003,73.770217,940410.167099,545776.010066,3145.044299,1666.300021,1735.460669
834,-1,150.120003,73.819954,940415.432837,545785.059260,3143.449400,1666.209536,1734.928685
835,-1,149.760000,73.871664,940420.598837,545794.165870,3141.845600,1666.299917,1734.569283
836,-1,149.400003,73.923716,940425.977763,545803.148135,3140.179600,1666.209503,1734.020345
837,-1,149.040001,73.965159,940130.531176,545992.598215,3239.690300,2016.990548,2098.640445
838,-1,148.679996,73.903298,940137.084968,546003.445307,3242.048599,2016.990483,2099.293020
839,-1,148.319994,73.841104,940143.613499,546014.308474,3244.452800,2017.099987,2100.066055
840,-1,147.960003,73.778637,940150.395965,546025.014489,3246.805500,2016.990486,2100.616889
841,-1,147.599998,73.715826,940157.152842,546035.736253,3249.204600,2016.990660,2101.288506
842,-1,147.240002,73.660703,940163.885112,546046.474092,3251.343299,2017.099854,2101.993987
843,-1,146.879996,73.610365,940170.868365,546057.050842,3253.236099,2016.990444,2102.422298
844,-1,146.520001,73.561178,940177.826029,546067.643013,3255.117900,2016.990521,2102.954131
845,-1,146.159996,73.513101,940184.850293,546078.191548,3256.958199,2016.990604,2103.475740
846,-1,145.799996,73.466131,940191.940830,546088.695464,3258.756899,2016.990422,2103.986737
847,-1,145.439996,73.420280,940199.096983,546099.154761,3260.513700,2016.990518,2104.487456
848,-1,145.079998,73.391730,940206.318754,546109.568782,3261.607999,2016.990519,2104.799976
849,-1,144.719999,73.360636,940142.016717,546170.587689,3289.008900,2104.685837,2196.668994
850,-1,144.359997,73.319979,940149.688618,546181.358993,3290.636100,2104.685720,2197.135378
851,-1,144.000002,73.280486,940157.427775,546192.081740,3292.217399,2104.685739,2197.589793
852,-1,143.640000,73.242156,940165.234190,546202.755932,3293.752800,2104.685893,2198.032147
853,-1,143.280000,73.204993,940173.107862,546213.380582,3295.241899,2104.685604,2198.461682
854,-1,142.920002,73.173735,940180.956600,546224.024590,3296.529500,2104.799967,2198.943543
855,-1,142.559998,73.144722,940189.054024,546234.480934,3297.658400,2104.685871,2199.161397
856,-1,142.200002,73.117453,940197.126187,546244.955322,3298.752200,2104.685893,2199.478821
857,-1,141.840000,73.095796,940205.264294,546255.378858,3299.621100,2104.685730,2199.731160
858,-1,141.480001,73.068926,940144.762446,546320.440736,3327.431500,2192.500017,2291.837938
859,-1,141.119998,73.041457,940153.468466,546331.117223,3328.543900,2192.380970,2292.048268
860,-1,140.759999,73.014619,940162.148566,546341.813396,3329.666500,2192.381010,2292.375998
861,-1,140.400003,72.988444,940170.895596,546352.454779,3330.761700,2192.381105,2292.696266
862,-1,140.040002,72.962927,940179.709555,546363.041044,3331.829600,2192.381047,2293.008868
863,-1,139.680001,72.938045,940188.499236,546373.648634,3332.907700,2192.499849,2293.438546
864,-1,139.319999,72.913889,940197.535963,546384.046580,3333.882800,2192.381192,2293.611415
865,-1,138.959994,72.919972,940206.548084,546394.464866,3333.628000,2192.381010,2293.536391
866,-1,138.599998,72.948697,940281.320572,546346.907874,3305.563299,2104.800062,2201.575635
867,-1,138.240001,72.943548,940290.097458,546356.800243,3305.770200,2104.799910,2201.636168
868,-1,137.880000,72.945407,940298.936351,546366.637494,3305.695500,2104.799889,2201.614238
869,-1,137.520002,72.948099,940307.920913,546376.341871,3305.552300,2104.685794,2201.463164
870,-1,137.160001,72.951279,940316.798520,546386.144344,3305.459500,2104.799921,2201.545065
871,-1,136.800001,72.981137,940325.821139,546395.813288,3304.259700,2104.800014,2201.193690
872,-1,136.439999,73.029293,940334.987132,546405.346734,3302.290599,2104.685931,2200.509051
873,-1,136.080000,73.078166,940344.130158,546414.900849,3300.328599,2104.685826,2199.937076
874,-1,135.719999,73.080920,940227.675994,546546.935361,3353.607200,2280.199996,2383.359597
875,-1,135.360000,73.056959,940237.798678,546557.074121,3354.611500,2280.076336,2383.533770
876,-1,135.000000,73.033673,940247.809484,546567.323444,3355.662000,2280.199985,2383.958387
877,-1,134.639999,73.017430,940196.439836,546639.732420,3383.112800,2367.771427,2475.728914
878,-1,134.279996,72.995009,940207.058254,546650.152675,3384.125900,2367.771519,2476.025097
879,-1,133.920001,72.971749,940217.652721,546660.598192,3385.216500,2367.899895,2476.467016
880,-1,133.560003,72.946372,940228.401715,546670.884589,3386.363800,2367.899943,2476.803285
881,-1,133.199998,72.921005,940239.215341,546681.103400,3387.511000,2367.899958,2477.139977
882,-1,132.840001,72.895652,940250.092616,546691.253970,3388.657900,2367.900139,2477.477225
883,-1,132.479998,72.833075,940201.897175,546765.917535,3418.540900,2455.466719,2569.961304
884,-1,132.119995,72.793122,940213.219002,546776.399797,3420.458199,2455.599996,2570.655172
885,-1,131.759999,72.755566,940224.784268,546786.612375,3422.181200,2455.466904,2571.038292
886,-1,131.400004,72.714654,940178.239742,546862.735911,3451.436200,2543.299989,2663.596459
887,-1,131.040001,72.614827,940190.350282,546873.162071,3456.255999,2543.162123,2664.900974
888,-1,130.679999,72.524191,940202.345665,546883.720449,3460.719000,2543.299999,2666.369405
889,-1,130.319999,72.486996,940214.496887,546894.098709,3462.534100,2543.300103,2666.915146
890,-1,129.960002,72.449936,940226.713070,546904.400198,3464.343299,2543.300044,2667.460076
891,-1,129.600000,72.413214,940239.081812,546914.518616,3466.092999,2543.162083,2667.856687
892,-1,129.240001,72.404638,940251.425947,546924.665249,3466.511900,2543.161949,2667.983161
893,-1,128.880002,72.398540,940263.746788,546934.841738,3466.853600,2543.300076,2668.218134
894,-1,128.519997,72.387997,940276.304178,546944.725248,3467.324900,2543.162052,2668.229135
895,-1,128.160001,72.380563,940288.837289,546954.637302,3467.688100,2543.161883,2668.338889
896,-1,127.800002,72.440448,940301.432409,546964.470616,3464.762900,2543.161887,2667.454912
897,-1,127.439997,72.498666,940314.089207,546974.224861,3461.921000,2543.162012,2666.599016
898,-1,127.079997,72.554828,940326.723697,546984.009290,3459.224500,2543.300070,2665.921050
899,-1,126.719999,72.610133,940339.585219,546993.493195,3456.484700,2543.161884,2664.969089
900,-1,126.359996,72.662991,940352.341756,547003.118176,3453.952200,2543.299958,2664.345093
901,-1,126.000001,72.752128,940365.240024,547012.551556,3449.612100,2543.300110,2663.055147
902,-1,125.639998,72.840036,940275.993811,547164.450202,3499.496900,2718.699969,2845.361939
903,-1,125.280000,72.843287,940289.907497,547174.359960,3499.327900,2718.699863,2845.311980
904,-1,124.919998,72.890330,940303.883191,547184.182446,3496.883600,2718.700030,2844.592065
905,-1,124.560000,72.939347,940317.920237,547193.916679,3494.338000,2718.700044,2843.844199
906,-1,124.200000,72.981499,940282.723457,547276.097617,3518.993600,2806.400161,2934.919398
907,-1,123.840002,73.026483,940297.338585,547285.962755,3516.584300,2806.399900,2934.214897
908,-1,123.479998,73.087106,940312.099382,547295.609389,3513.293100,2806.247820,2933.110284
909,-1,123.119998,73.142388,940374.672092,547231.966144,3483.807700,2718.700050,2840.772622
910,-1,122.759999,73.212487,940341.551751,547315.005348,3506.634700,2806.399874,2931.325736
911,-1,122.400001,73.277117,940356.409989,547324.500407,3503.182200,2806.399981,2930.330540
912,-1,122.040002,73.343051,940371.327610,547333.901963,3499.662400,2806.400111,2929.319806
913,-1,121.680001,73.425828,940386.304286,547343.209359,3495.246799,2806.399887,2928.056957
914,-1,121.320000,73.512882,940401.339033,547352.422596,3490.607200,2806.399828,2926.736803
915,-1,120.960001,73.603745,940416.431194,547361.541344,3485.769100,2806.399997,2925.367592
916,-1,120.599996,73.694642,940431.658198,547370.434042,3480.889100,2806.247745,2923.847691
917,-1,120.239999,73.783586,940446.786121,547379.493408,3476.206500,2806.400178,2922.682844
918,-1,119.880002,73.870548,940462.047573,547388.325739,3471.588699,2806.400010,2921.396452
919,-1,119.519997,73.984442,940477.364471,547397.062270,3465.547000,2806.399946,2919.723724
920,-1,119.159998,74.081480,939082.585109,549933.011266,4285.822400,5700.500016,5927.815695
921,-1,118.800000,74.086284,939113.917395,549950.364906,4285.305600,5700.500160,5927.674111
922,-1,118.439999,74.093128,939145.505915,549967.249059,4284.481100,5700.190488,5927.150280
923,-1,118.080001,74.132997,939176.906442,549984.479667,4280.281300,5700.500034,5926.298350
924,-1,117.719999,74.199352,939208.560579,550001.239804,4273.148500,5700.500153,5924.352291
925,-1,117.359999,74.263765,939240.319373,550017.800467,4266.228900,5700.500055,5922.471795
926,-1,117.000000,74.288809,939311.996395,549956.020079,4238.869900,5612.800116,5830.639357
927,-1,116.640000,74.294090,939343.605584,549971.659483,4238.225900,5612.495442,5830.171702
928,-1,116.280000,74.298269,939375.040889,549987.645343,4237.869800,5612.799995,5830.368503
929,-1,115.919998,74.331046,939406.711101,550003.160404,4234.405799,5612.799980,5829.431983
930,-1,115.559999,74.344473,939476.316605,549939.359023,4208.409100,5525.100081,5737.970168
931,-1,115.200001,74.348149,939507.681043,549954.238586,4208.026800,5525.100124,5737.867056
932,-1,114.840000,74.355825,939539.138658,549968.920643,4207.228500,5525.099906,5737.651523
933,-1,114.479999,74.356735,939607.028614,549903.588753,4182.576200,5437.399961,5646.552632
934,-1,114.119998,74.367008,939638.166019,549917.647780,4181.524900,5437.399916,5646.269199
935,-1,113.759998,74.381113,939669.391022,549931.510941,4180.081600,5437.399968,5645.880488
936,-1,113.400000,74.435435,939700.702311,549945.177581,4174.524999,5437.400048,5644.387058
937,-1,113.040000,74.483627,939766.422652,549877.942807,4145.249500,5349.699927,5552.049656
938,-1,112.680000,74.528021,939797.507563,549890.733136,4140.705600,5349.409772,5550.556187
939,-1,112.320000,74.588140,939828.450087,549903.864015,4134.744300,5349.699932,5549.248608
940,-1,111.959999,74.667659,939892.381061,549835.194861,4102.713200,5261.999883,5456.195025
941,-1,111.599998,74.739027,939923.083100,549847.462553,4095.668500,5262.000053,5454.336678
942,-1,111.240001,74.843525,939953.861253,549859.536676,4085.362200,5261.999961,5451.632874
943,-1,110.879998,74.977028,939984.715194,549871.417558,4072.210100,5262.000033,5448.209038
944,-1,110.519999,75.105764,940046.384690,549800.968551,4036.217300,5174.299883,5354.190260
945,-1,110.159999,75.231898,940076.868553,549812.269054,4024.027600,5174.299864,5351.070021
946,-1,109.800001,75.382208,940107.422626,549823.377955,4009.520099,5174.300057,5347.390539
947,-1,109.439998,75.629431,940138.046252,549834.294600,3985.701700,5174.300071,5341.429230
948,-1,109.080002,75.902948,940168.737464,549845.018332,3959.411200,5174.299949,5334.964801
949,-1,108.719999,75.981906,940340.229575,549440.246832,3842.356199,4735.800112,4881.164706
950,-1,108.360000,76.053535,940368.441133,549449.708099,3836.068600,4735.800024,4879.645399
951,-1,107.999999,76.155504,940396.711746,549458.991873,3827.124400,4735.799837,4877.497254
952,-1,107.640001,76.281906,940425.039773,549468.098154,3816.048100,4735.800062,4874.858915
953,-1,107.279999,76.410596,940453.424887,549477.025958,3804.783500,4735.799865,4872.199670
954,-1,106.920001,76.575563,940481.865119,549485.775612,3790.361399,4735.800148,4868.831476
955,-1,106.559999,76.760606,940510.360140,549494.346133,3774.207599,4735.800068,4865.106459
956,-1,106.199999,76.947801,940538.908312,549502.737521,3757.891000,4735.800098,4861.395604
957,-1,105.839999,77.217785,940543.642226,549595.067060,3754.238400,4823.238059,4945.804590
958,-1,105.479998,77.563307,940572.752732,549603.499786,3723.754000,4823.500018,4939.405328
959,-1,105.120001,77.957694,940601.985285,549611.496818,3688.989600,4823.499931,4932.035197
960,-1,104.759996,78.032721,941346.256434,546905.517321,3087.543999,2017.100019,2061.913276
961,-1,104.400004,78.097012,941358.521830,546908.707604,3085.179500,2017.099978,2061.424248
962,-1,104.039997,78.161580,941370.807566,546911.820786,3082.805900,2017.099832,2060.935846
963,-1,103.679997,78.226428,941383.112332,546914.856870,3080.423200,2017.099907,2060.448423
964,-1,103.320001,78.294814,941395.435798,546917.815525,3077.911700,2017.099959,2059.937483
965,-1,102.959995,78.366515,941407.777965,546920.696753,3075.279800,2017.099989,2059.405176
966,-1,102.600003,78.438356,941420.137520,546923.500225,3072.644100,2017.099976,2058.875292
967,-1,102.239999,78.507074,941432.514792,546926.226269,3070.124300,2017.100167,2058.371935
968,-1,101.880001,78.570309,941444.908796,546928.874230,3067.806600,2017.100132,2057.911360
969,-1,101.520001,78.633123,941457.341186,546931.336824,3065.483300,2016.990429,2057.344671
970,-1,101.159999,78.677254,939959.034143,554591.642041,4626.764500,9822.399955,10017.370088
971,-1,100.800000,78.647132,940019.619980,554603.396939,4632.136000,9822.400102,10018.426232
972,-1,100.439999,78.624409,940080.278980,554614.770604,4636.188800,9822.399832,10019.224552
973,-1,100.079999,78.602926,940125.658482,554712.109648,4657.699900,9910.100038,10109.445467
974,-1,99.720000,78.574999,940172.191197,554809.256107,4680.450400,9997.800026,10199.912999
975,-1,99.359999,78.541076,940234.140548,554819.667175,4686.612200,9997.799865,10201.135190
976,-1,98.999999,78.508001,940296.153876,554829.689137,4692.621400,9997.800070,10202.330910
977,-1,98.640000,78.485670,940358.228883,554839.321008,4696.679500,9997.800034,10203.140149
978,-1,98.280000,78.469133,940420.363273,554848.562787,4699.685100,9997.800107,10203.740603
979,-1,97.919999,78.455647,940482.554750,554857.413819,4702.136300,9997.799983,10204.230748
980,-1,97.559999,78.444485,940544.800360,554865.874104,4704.165299,9997.800077,10204.637091
981,-1,97.199999,78.438209,940607.097808,554873.942986,4705.306300,9997.800046,10204.865683
982,-1,96.839999,78.434533,940669.444796,554881.620136,4705.974600,9997.799857,10204.999464
983,-1,96.479999,78.380449,940830.813896,554017.508675,4535.474900,9120.800055,9311.627127
984,-1,96.119999,78.328823,940887.775396,554023.797376,4544.042300,9120.800148,9313.356577
985,-1,95.759999,78.273478,940944.775282,554029.727810,4553.230200,9120.799997,9315.219438
986,-1,95.400000,78.219277,941010.064522,553947.989457,4543.941200,9033.100105,9227.466172
987,-1,95.039999,78.159976,941066.585734,553953.153160,4553.699299,9033.100082,9229.463371
988,-1,94.680000,78.056791,941123.138114,553957.961550,4570.688500,9033.099991,9232.964095
989,-1,94.320000,77.954665,941179.719694,553962.414625,4587.516200,9033.099998,9236.461134
990,-1,93.960000,77.881073,941236.361969,553966.022885,4599.544800,9032.609621,9238.499369
991,-1,93.600000,77.826504,941292.961265,553970.253848,4608.651900,9033.100038,9240.895007
992,-1,93.240000,77.779550,941349.616664,553973.639668,4616.400400,9033.100060,9242.532079
993,-1,92.879999,77.740131,941406.292404,553976.669518,4622.907500,9033.100143,9243.911728
994,-1,92.520000,77.707543,941462.985860,553979.343069,4628.288500,9033.100098,9245.055814
995,-1,92.160000,77.679823,941519.695064,553981.660321,4632.866800,9033.100018,9246.031546
996,-1,91.799999,77.643987,941579.172635,553895.964627,4619.575400,8945.400067,9157.517027
997,-1,91.439999,77.577775,941641.967457,553634.536672,4572.458400,8682.300060,8890.434830
998,-1,91.080001,77.472873,941696.506390,553635.736144,4589.132700,8682.299965,8894.036522
999,-1,90.720000,77.426502,941751.052213,553636.593098,4596.507700,8682.300044,8895.639164
1000,-1,90.359999,77.389287,941805.602301,553637.107205,4602.428499,8682.300013,8896.929920
1001,-1,90.000000,77.360887,941860.154357,553636.807336,4606.842300,8681.828764,8897.434778
