"OBJECTID","FEATURE_ID","HORIZ_ANG","ZENITH_ANG","VERTEX_X","VERTEX_Y","VERTEX_Z","DIST_2D","DIST_3D"
1,-1,90.000000,63.548322,941106.446219,552351.220997,3993.837499,263.085759,293.848672
2,-1,89.640026,63.429870,941108.099102,552351.215748,3994.516699,263.085702,294.151794
3,-1,89.279968,63.304218,941107.548250,552175.823710,3907.042800,87.695397,98.158673
4,-1,88.920022,63.172173,941108.099102,552175.814852,3907.296200,87.695192,98.272592
5,-1,88.560034,63.041365,941108.649954,552175.802713,3907.547900,87.695169,98.386422
6,-1,88.199992,62.911789,941109.200806,552175.787293,3907.797900,87.695328,98.500153
7,-1,87.840092,62.783452,941109.751330,552175.768264,3908.046000,87.695331,98.613378
8,-1,87.480102,62.656248,941110.301854,552175.745626,3908.292400,87.695189,98.726187
9,-1,87.120018,62.530310,941110.852378,552175.719707,3908.537000,87.695231,98.838815
10,-1,86.760029,62.405541,941111.402573,552175.690180,3908.779800,87.695116,98.950946
11,-1,86.399918,62.282078,941111.952769,552175.657372,3909.020699,87.695188,99.062828
12,-1,86.040087,62.159714,941112.502309,552175.620954,3909.259900,87.695079,99.174214
13,-1,85.679895,62.038599,941113.052176,552175.581256,3909.497300,87.695182,99.285394
14,-1,85.319952,61.918673,941113.601388,552175.537949,3909.732800,87.695100,99.395960
15,-1,84.960048,61.800022,941114.150271,552175.491361,3909.966400,87.695181,99.506206
16,-1,84.599937,61.682459,941114.699155,552175.441165,3910.198300,87.695130,99.615956
17,-1,84.240051,61.566202,941115.247382,552175.387687,3910.428199,87.695213,99.725289
18,-1,83.879929,61.451072,941115.795609,552175.330601,3910.656300,87.695168,99.834058
19,-1,83.520004,61.337135,941116.343180,552175.270233,3910.882600,87.695253,99.942481
20,-1,83.160027,61.224404,941116.890423,552175.206257,3911.106900,87.695176,100.050194
21,-1,82.800007,61.112864,941117.437338,552175.139000,3911.329400,87.695264,100.157569
22,-1,82.440011,61.001538,941129.521304,552262.001031,3960.159000,175.390347,200.530282
23,-1,82.080051,60.889594,941130.613165,552261.852737,3960.607500,175.390453,200.748184
24,-1,81.719993,60.778839,941131.704370,552261.697554,3961.052200,175.390570,200.965005
25,-1,81.360037,60.669306,941132.794263,552261.535481,3961.492900,175.390604,201.180545
26,-1,81.000060,60.560968,941133.883172,552261.366518,3961.929699,175.390601,201.394869
27,-1,80.640048,60.453846,941134.971096,552261.190665,3962.362500,175.390563,201.607908
28,-1,80.279984,60.347931,941136.059676,552261.017437,3962.796800,175.400148,201.830755
29,-1,79.919969,60.243188,941137.143664,552260.818291,3963.216200,175.390336,202.030056
30,-1,79.559997,60.139703,941138.227979,552260.622097,3963.637000,175.390413,202.239304
31,-1,79.200039,60.037425,941139.310982,552260.419013,3964.053700,175.390399,202.447084
32,-1,78.839976,59.936331,941140.393001,552260.209040,3964.466400,175.390357,202.653480
33,-1,78.480023,59.836494,941141.473379,552259.992505,3964.874900,175.390485,202.858542
34,-1,78.120041,59.737820,941142.552446,552259.769080,3965.279400,175.390523,203.062124
35,-1,77.760015,59.640353,941143.630199,552259.538766,3965.679699,175.390473,203.264109
36,-1,77.400059,59.544099,941144.706313,552259.301889,3966.075900,175.390586,203.464744
37,-1,77.040030,59.449015,941145.781114,552259.058123,3966.467999,175.390612,203.663793
38,-1,76.680019,59.355110,941146.854274,552258.807468,3966.855900,175.390482,203.861126
39,-1,76.320035,59.262449,941147.925794,552258.550250,3967.239500,175.390512,204.056946
40,-1,75.960039,59.170929,941148.995674,552258.286143,3967.619000,175.390384,204.251061
41,-1,75.600043,59.080641,941150.063913,552258.015475,3967.994200,175.390417,204.443625
42,-1,75.240033,58.991578,941151.130512,552257.738244,3968.365100,175.390610,204.634618
43,-1,74.879969,58.903665,941152.195471,552257.454124,3968.731799,175.390648,204.823802
44,-1,74.520041,58.816895,941153.258133,552257.163114,3969.094200,175.390360,205.010962
45,-1,74.159983,58.731392,941154.319482,552256.865871,3969.452300,175.390638,205.196844
46,-1,73.800032,58.647021,941155.378535,552256.561737,3969.806100,175.390586,205.380662
47,-1,73.439968,58.563801,941156.435948,552256.250714,3970.155600,175.390383,205.562554
48,-1,73.080043,58.481816,941157.491064,552255.933458,3970.500700,175.390476,205.742830
49,-1,72.719975,58.400997,941158.544540,552255.609311,3970.841400,175.390423,205.921097
50,-1,72.359986,58.321331,941159.595719,552255.278603,3971.177800,175.390348,206.097496
51,-1,71.999961,58.242876,941160.644929,552254.941334,3971.509700,175.390347,206.271988
52,-1,71.639987,58.165563,941161.691843,552254.597502,3971.837300,175.390321,206.444576
53,-1,71.279947,58.089450,941162.736788,552254.247109,3972.160399,175.390371,206.615225
54,-1,70.920032,58.014501,941163.779109,552253.890155,3972.479000,175.390288,206.783742
55,-1,70.560024,57.947359,941164.819461,552253.526638,3972.764899,175.390282,206.935322
56,-1,70.200046,57.928231,941165.857517,552253.156889,3972.846600,175.390558,206.978925
57,-1,69.839875,57.871673,941136.669911,552170.457579,3918.016200,87.695151,103.553414
58,-1,69.480081,57.802656,941137.186315,552170.266306,3918.163700,87.695302,103.632060
59,-1,69.120064,57.734694,941137.701733,552170.071425,3918.308999,87.695188,103.709458
60,-1,68.759960,57.667918,941138.216168,552169.873591,3918.452200,87.695428,103.786177
61,-1,68.400001,57.602118,941138.728962,552169.672147,3918.593200,87.695172,103.861440
62,-1,68.039929,57.537496,941139.240772,552169.467751,3918.732099,87.695271,103.936012
63,-1,67.680050,57.473930,941139.750942,552169.260075,3918.868800,87.695176,104.009369
64,-1,67.319951,57.411490,941140.260127,552169.049117,3919.003300,87.695133,104.081713
65,-1,66.960096,57.350141,941140.767672,552168.835207,3919.135700,87.695195,104.153136
66,-1,66.599996,57.289911,941141.274233,552168.618016,3919.265900,87.695314,104.223537
67,-1,66.240028,57.230718,941141.779153,552168.397544,3919.393900,87.695234,104.292695
68,-1,65.879980,57.172599,941142.282761,552168.173791,3919.519700,87.695084,104.360713
69,-1,65.519926,57.115638,941142.785057,552167.947085,3919.643300,87.695166,104.427838
70,-1,65.160049,57.059791,941143.285712,552167.717427,3919.764700,87.695343,104.493950
71,-1,64.799960,57.004917,941143.785055,552167.484160,3919.883900,87.695154,104.558656
72,-1,64.440018,56.951148,941144.282757,552167.247940,3920.000900,87.695058,104.622336
73,-1,64.080017,56.898522,941144.779147,552167.008767,3920.115699,87.695194,104.685101
74,-1,63.720043,56.846906,941145.273897,552166.766313,3920.228300,87.695123,104.746577
75,-1,63.359984,56.796426,941145.767334,552166.520907,3920.338699,87.695287,104.807130
76,-1,62.999923,56.746994,941146.259131,552166.272220,3920.446800,87.695245,104.866332
77,-1,62.639941,56.698602,941146.749288,552166.020580,3920.552800,87.695290,104.924530
78,-1,62.279925,56.651251,941147.237804,552165.765659,3920.656500,87.695130,104.981368
79,-1,61.920061,56.605111,941147.724679,552165.508114,3920.757900,87.695344,105.037324
80,-1,61.560032,56.559827,941148.209915,552165.246959,3920.857200,87.695062,105.091777
81,-1,61.199940,56.515840,941148.693837,552164.983180,3920.954100,87.695311,105.145414
82,-1,60.839943,56.472743,941149.175792,552164.716121,3921.048899,87.695200,105.197653
83,-1,60.479941,56.430757,941149.656106,552164.446108,3921.141399,87.695173,105.248749
84,-1,60.119922,56.389880,941150.134779,552164.173143,3921.231600,87.695230,105.298699
85,-1,59.760056,56.350014,941150.611485,552163.897225,3921.319600,87.695207,105.347417
86,-1,59.399961,56.311254,941151.086877,552163.618354,3921.405400,87.695435,105.395174
87,-1,59.040066,56.273409,941151.559973,552163.336202,3921.488900,87.695131,105.441260
88,-1,58.680024,56.236798,941152.031757,552163.051426,3921.570100,87.695362,105.486559
89,-1,58.319966,56.201146,941152.501573,552162.763369,3921.649000,87.695231,105.530320
90,-1,57.960102,56.166574,941152.969419,552162.472687,3921.725700,87.695294,105.573058
91,-1,57.600010,56.133008,941153.435626,552162.178724,3921.800099,87.695167,105.614395
92,-1,57.240084,56.100517,941153.899864,552161.882137,3921.872300,87.695231,105.654700
93,-1,56.880016,56.069158,941154.362461,552161.582597,3921.942100,87.695387,105.693775
94,-1,56.519972,56.038785,941154.823090,552161.280104,3922.009700,87.695457,105.731582
95,-1,56.160115,56.009385,941155.281423,552160.974658,3922.075000,87.695259,105.767910
96,-1,55.800073,55.981022,941155.738115,552160.666260,3922.138100,87.695155,105.803113
97,-1,55.439954,55.953867,941156.193166,552160.355237,3922.198800,87.695422,105.837307
98,-1,55.079977,55.927633,941156.645921,552160.041261,3922.257300,87.695418,105.870066
99,-1,54.719951,55.902464,941157.096708,552159.724333,3922.313400,87.695328,105.901431
100,-1,54.359983,55.878351,941157.545526,552159.404779,3922.367300,87.695421,105.931734
101,-1,54.000111,55.855196,941157.992047,552159.082274,3922.418900,87.695236,105.960534
102,-1,53.639971,55.833117,941158.436928,552158.756815,3922.468200,87.695160,105.988151
103,-1,53.280021,55.812073,941158.879513,552158.428732,3922.515199,87.695072,106.014480
104,-1,52.920078,55.792122,941159.320129,552158.098024,3922.559899,87.695164,106.039680
105,-1,52.559997,55.773183,941159.758776,552157.764363,3922.602300,87.695176,106.063533
106,-1,52.200066,55.755319,941160.195127,552157.428077,3922.642300,87.695170,106.086032
107,-1,51.839968,55.738421,941160.629509,552157.088839,3922.680100,87.695086,106.107239
108,-1,51.480123,55.722628,941161.061595,552156.747304,3922.715600,87.695240,106.127355
109,-1,51.120084,55.707843,941161.491712,552156.402817,3922.748800,87.695318,106.146122
110,-1,50.760001,55.694005,941161.919533,552156.055377,3922.779700,87.695119,106.163370
111,-1,50.399965,55.681330,941162.345385,552155.705640,3922.808300,87.695359,106.179690
112,-1,50.040021,55.669580,941162.768612,552155.352950,3922.834500,87.695114,106.194261
113,-1,49.680099,55.658946,941163.189871,552154.997964,3922.858500,87.695304,106.207955
114,-1,49.320074,55.649300,941163.608834,552154.640025,3922.880099,87.695219,106.220071
115,-1,48.960067,55.640672,941164.025500,552154.279462,3922.899399,87.695108,106.230871
116,-1,48.599905,55.633084,941164.440197,552153.916273,3922.916500,87.695189,106.240590
117,-1,48.240037,55.638630,941164.852270,552153.550789,3922.904100,87.695274,106.233661
118,-1,47.880003,55.663692,941165.262046,552153.182351,3922.847700,87.695088,106.201685
119,-1,47.519917,55.689704,941165.669853,552152.811617,3922.789500,87.695342,106.169077
120,-1,47.159939,55.716550,941166.075036,552152.438258,3922.729300,87.695350,106.135162
121,-1,46.800051,55.744141,941166.477595,552152.062274,3922.667300,87.695109,106.100052
122,-1,46.440073,55.772687,941166.878184,552151.683994,3922.603500,87.695308,106.064317
123,-1,46.080009,55.801999,941167.276149,552151.302762,3922.537700,87.695020,106.027082
124,-1,45.719979,55.832343,941167.672146,552150.919560,3922.470100,87.695412,105.989427
125,-1,45.359983,55.863343,941168.065190,552150.533406,3922.400599,87.695091,105.950144
126,-1,45.000000,55.895620,941168.459546,552150.148564,3922.331900,87.700088,105.915745
127,-1,44.640016,55.928116,941168.844388,552149.754208,3922.255999,87.695091,105.869067
128,-1,44.280058,55.962088,941169.233823,552149.364445,3922.183600,87.700052,105.832634
129,-1,43.919990,55.996290,941169.613743,552148.965168,3922.104000,87.695020,105.783928
130,-1,43.559926,56.031774,941169.994976,552148.567203,3922.025200,87.695308,105.740117
131,-1,43.199948,56.067950,941170.373256,552148.166613,3921.944600,87.695109,105.694940
132,-1,42.840060,56.105144,941170.749240,552147.764055,3921.862100,87.695350,105.649109
133,-1,42.480082,56.143152,941171.122598,552147.358872,3921.777700,87.695342,105.602059
134,-1,42.119996,56.181887,941171.493333,552146.951064,3921.691600,87.695088,105.553904
135,-1,41.759962,56.221647,941171.861770,552146.541288,3921.603600,87.695274,105.505107
136,-1,41.400094,56.262221,941172.227255,552146.129215,3921.513700,87.695189,105.455080
137,-1,41.039932,56.303648,941172.590443,552145.714518,3921.422000,87.695108,105.404111
138,-1,40.679925,56.345988,941172.951007,552145.297852,3921.328500,87.695219,105.352359
139,-1,40.319900,56.389177,941173.308946,552144.878890,3921.233200,87.695304,105.299647
140,-1,39.959978,56.433189,941173.663932,552144.457631,3921.136000,87.695114,105.245714
141,-1,39.600034,56.478149,941174.016621,552144.034403,3921.037100,87.695359,105.191269
142,-1,39.239998,56.523873,941174.366358,552143.608551,3920.936300,87.695119,105.135434
143,-1,38.879915,56.570597,941174.713799,552143.180731,3920.833700,87.695318,105.079042
144,-1,38.519917,56.618322,941175.061895,552142.753566,3920.731900,87.699902,105.026822
145,-1,38.160031,56.666468,941175.399821,552142.318528,3920.623100,87.695086,104.962974
146,-1,37.799933,56.715776,941175.739059,552141.884145,3920.515100,87.695170,104.903736
147,-1,37.440002,56.765939,941176.075344,552141.447794,3920.405300,87.695176,104.843523
148,-1,37.079921,56.816978,941176.409005,552141.009147,3920.293699,87.695164,104.782391
149,-1,36.719978,56.868877,941176.739713,552140.568531,3920.180300,87.695072,104.720292
150,-1,36.360028,56.921672,941177.067796,552140.125947,3920.065200,87.695160,104.657501
151,-1,35.999888,56.975353,941177.393255,552139.681066,3919.948300,87.695236,104.593808
152,-1,35.640016,57.030005,941177.715761,552139.234544,3919.829500,87.695421,104.529265
153,-1,35.280048,57.085379,941178.035314,552138.785726,3919.709099,87.695328,104.463715
154,-1,34.920022,57.141753,941178.352243,552138.334940,3919.586800,87.695418,104.397384
155,-1,34.560045,57.198958,941178.666218,552137.882185,3919.462799,87.695422,104.330162
156,-1,34.199926,57.256987,941178.977241,552137.427133,3919.337000,87.695155,104.261842
157,-1,33.839884,57.315990,941179.285640,552136.970441,3919.209500,87.695259,104.193023
158,-1,33.480027,57.375887,941179.591085,552136.512109,3919.080300,87.695457,104.123478
159,-1,33.119983,57.436619,941179.893578,552136.051480,3918.949299,87.695387,104.052852
160,-1,32.759915,57.498245,941180.193118,552135.588882,3918.816500,87.695231,103.981304
161,-1,32.399989,57.560774,941180.489706,552135.124644,3918.682000,87.695167,103.909041
162,-1,32.039897,57.624238,941180.783668,552134.658438,3918.545800,87.695294,103.836154
163,-1,31.680033,57.688529,941181.074350,552134.190591,3918.407900,87.695231,103.762325
164,-1,31.319975,57.753810,941181.362407,552133.720776,3918.268200,87.695362,103.687831
165,-1,30.959933,57.819873,941181.647184,552133.248992,3918.126800,87.695131,103.612258
166,-1,30.600038,57.886940,941181.929335,552132.775896,3917.983800,87.695435,103.536427
167,-1,30.239943,57.954795,941182.208206,552132.300503,3917.839000,87.695207,103.459333
168,-1,29.880077,58.023623,941182.484124,552131.823798,3917.692500,87.695230,103.381695
169,-1,29.520058,58.093331,941182.757090,552131.345124,3917.544299,87.695173,103.303241
170,-1,29.160056,58.163971,941183.027102,552130.864810,3917.394400,87.695200,103.224115
171,-1,28.800059,58.235501,941183.294162,552130.382856,3917.242900,87.695311,103.144375
172,-1,28.439967,58.307886,941183.557941,552129.898933,3917.089600,87.695062,103.063544
173,-1,28.079938,58.381299,941183.819095,552129.413698,3916.934700,87.695344,102.982491
174,-1,27.720074,58.455489,941184.076641,552128.926822,3916.778100,87.695130,102.900295
175,-1,27.360058,58.530714,941184.331561,552128.438306,3916.619800,87.695290,102.817704
176,-1,27.000076,58.606762,941184.583201,552127.948149,3916.459900,87.695245,102.734282
177,-1,26.640015,58.683722,941184.831889,552127.456353,3916.298400,87.695287,102.650283
178,-1,26.279956,58.761560,941185.077295,552126.962915,3916.135200,87.695123,102.565413
179,-1,25.919982,58.840409,941185.319748,552126.468166,3915.970300,87.695194,102.480053
180,-1,25.559981,58.920095,941185.558921,552125.971775,3915.803799,87.695058,102.393885
181,-1,25.200039,59.000751,941185.795141,552125.474073,3915.635700,87.695154,102.307290
182,-1,24.839950,59.082387,941186.028408,552124.974730,3915.465900,87.695343,102.220104
183,-1,24.480073,59.164780,941186.258067,552124.474075,3915.294599,87.695166,102.132043
184,-1,24.120019,59.248162,941186.484772,552123.971779,3915.121600,87.695084,102.043406
185,-1,23.759971,59.332529,941186.708525,552123.468172,3914.947000,87.695234,101.954368
186,-1,23.400003,59.417799,941186.928997,552122.963251,3914.770800,87.695314,101.864679
187,-1,23.039903,59.503937,941187.146188,552122.456691,3914.592999,87.695195,101.774231
188,-1,22.680048,59.591023,941187.360099,552121.949146,3914.413600,87.695133,101.683253
189,-1,22.319949,59.679024,941187.571056,552121.439960,3914.232699,87.695176,101.591844
190,-1,21.960070,59.768028,941187.778733,552120.929791,3914.050099,87.695271,101.499864
191,-1,21.599998,59.857870,941187.983129,552120.417981,3913.865999,87.695172,101.407209
192,-1,21.240039,59.948760,941188.184572,552119.905187,3913.680300,87.695428,101.314309
193,-1,20.879935,60.040413,941188.382406,552119.390752,3913.493100,87.695188,101.220486
194,-1,20.519918,60.133121,941188.577288,552118.875333,3913.304300,87.695302,101.126432
195,-1,20.160124,60.226666,941188.768560,552118.358930,3913.114000,87.695151,101.031669
196,-1,19.799989,60.321209,941188.956880,552117.840886,3912.922100,87.695124,100.936491
197,-1,19.439975,60.416685,941189.141919,552117.321858,3912.728700,87.695141,100.840886
198,-1,19.080068,60.513144,941189.323677,552116.801846,3912.533700,87.695197,100.744809
199,-1,18.720052,60.610513,941189.502155,552116.280522,3912.337199,87.695185,100.648222
200,-1,18.360114,60.708774,941189.677351,552115.758213,3912.139300,87.695212,100.551275
201,-1,18.000038,60.808004,941189.849267,552115.234592,3911.939799,87.695173,100.453787
202,-1,17.640013,60.908185,941190.017902,552114.709987,3911.738800,87.695174,100.355905
203,-1,17.280024,61.009321,941190.183256,552114.184397,3911.536300,87.695211,100.257636
204,-1,16.920059,61.111417,941190.345329,552113.657824,3911.332299,87.695285,100.158988
205,-1,16.559897,61.214401,941190.504121,552113.129938,3911.126900,87.695302,100.059934
206,-1,16.199996,61.318292,941190.659305,552112.601395,3910.920000,87.695135,99.960323
207,-1,15.840016,61.423243,941190.811535,552112.071869,3910.711600,87.695319,99.860631
208,-1,15.480061,61.529083,941190.960157,552111.541358,3910.501699,87.695224,99.760315
209,-1,15.120058,61.635855,941191.105498,552111.009863,3910.290400,87.695165,99.659708
210,-1,14.760058,61.743850,941191.252151,552110.478696,3910.079700,87.699922,99.563972
211,-1,14.400060,61.852283,941191.386337,552109.944248,3909.863500,87.695249,99.457682
212,-1,14.040038,61.961999,941191.521836,552109.410129,3909.647800,87.695391,99.356233
213,-1,13.679964,62.072526,941191.653725,552108.875025,3909.430800,87.695256,99.254297
214,-1,13.319980,62.184080,941191.782334,552108.339265,3909.212300,87.695241,99.152136
215,-1,12.960073,62.296611,941191.907662,552107.802849,3908.992400,87.695343,99.049805
216,-1,12.600068,62.409968,941192.029381,552107.265448,3908.771200,87.695168,98.947009
217,-1,12.240111,62.524363,941192.147819,552106.727391,3908.548500,87.695110,98.844013
218,-1,11.879948,62.640038,941192.267897,552106.189335,3908.326400,87.700119,98.746188
219,-1,11.520081,62.756059,941192.374852,552105.648981,3908.099000,87.695275,98.637579
220,-1,11.160023,62.873284,941192.483120,552105.108628,3907.872200,87.695178,98.533875
221,-1,10.799960,62.991512,941192.588107,552104.567619,3907.644000,87.695199,98.430053
222,-1,10.440088,63.110712,941192.689812,552104.026281,3907.414500,87.695397,98.326221
223,-1,10.080011,63.230823,941192.787909,552103.483960,3907.183600,87.695329,98.221948
224,-1,9.720015,63.352187,941192.887319,552102.941966,3906.953200,87.700074,98.122632
225,-1,9.359951,63.473923,941192.973933,552102.397676,3906.717800,87.695281,98.012992
226,-1,8.999939,63.596920,941193.061859,552101.853713,3906.482900,87.695300,97.908327
227,-1,8.640084,63.720823,941193.146176,552101.309423,3906.246700,87.695164,97.803400
228,-1,8.279915,63.845747,941193.227213,552100.764149,3906.009100,87.695099,97.698377
229,-1,7.920054,63.971627,941193.304969,552100.218874,3905.770300,87.695249,97.593487
230,-1,7.560095,64.098413,941193.379116,552099.672944,3905.530199,87.695195,97.488317
231,-1,7.199992,64.226192,941193.449982,552099.126357,3905.288799,87.695264,97.383172
232,-1,6.839972,64.354897,941193.517239,552098.579442,3905.046100,87.695176,97.277807
233,-1,6.479995,64.484614,941193.581215,552098.032199,3904.802100,87.695253,97.172523
234,-1,6.120070,64.615211,941193.641582,552097.484628,3904.556900,87.695168,97.067078
235,-1,5.759948,64.746765,941193.698669,552096.936400,3904.310500,87.695213,96.961744
236,-1,5.400062,64.879322,941193.752146,552096.388173,3904.062699,87.695130,96.856212
237,-1,5.039951,65.012792,941193.802343,552095.839290,3903.813800,87.695181,96.750856
238,-1,4.680047,65.147218,941193.848931,552095.290406,3903.563599,87.695100,96.645360
239,-1,4.320104,65.282625,941193.892238,552094.741195,3903.312200,87.695182,96.540043
240,-1,3.959912,65.418930,941193.931936,552094.191327,3903.059599,87.695079,96.434600
241,-1,3.600081,65.556288,941193.968353,552093.641788,3902.805700,87.695188,96.329359
242,-1,3.239970,65.694499,941194.001162,552093.091592,3902.550700,87.695116,96.224054
243,-1,2.879981,65.833709,941194.030689,552092.541396,3902.294500,87.695231,96.118991
244,-1,2.519897,65.973840,941194.056608,552091.990872,3902.037100,87.695189,96.013863
245,-1,2.159907,66.114922,941194.079245,552091.440348,3901.778600,87.695331,95.909034
246,-1,1.800007,66.256934,941194.098274,552090.889825,3901.518900,87.695328,95.804172
247,-1,1.440099,66.396725,941194.118615,552090.339301,3901.265900,87.700097,95.706956
248,-1,1.079977,66.533446,941194.125833,552089.788121,3901.014800,87.695192,95.602193
249,-1,0.720031,66.671405,941194.134691,552089.237269,3900.764200,87.695397,95.502865
250,-1,0.359902,66.810255,941194.139613,552088.686089,3900.512300,87.695124,95.403141
251,-1,0.000000,66.950068,941194.141581,552088.135237,3900.259400,87.695362,95.304057
252,-1,359.640097,67.090670,941194.139613,552087.584385,3900.005399,87.695124,95.204675
253,-1,359.279968,67.232295,941194.134691,552087.033205,3899.750300,87.695397,95.105914
254,-1,358.920022,67.374715,941194.125833,552086.482353,3899.494100,87.695192,95.006870
255,-1,358.559900,67.518387,941194.118615,552085.931173,3899.238300,87.700097,94.913289
256,-1,358.199992,67.662301,941194.098274,552085.380649,3898.978600,87.695328,94.809875
257,-1,357.840092,67.807394,941194.079245,552084.830125,3898.719300,87.695331,94.711631
258,-1,357.480102,67.953372,941194.056608,552084.279602,3898.458900,87.695189,94.613448
259,-1,357.120018,68.100200,941194.030689,552083.729078,3898.197600,87.695231,94.515716
260,-1,356.760029,68.247916,941194.001162,552083.178882,3897.935200,87.695116,94.418052
261,-1,356.399918,68.396487,941193.968353,552082.628686,3897.671900,87.695188,94.320859
262,-1,356.040096,68.546251,941193.936857,552082.078819,3897.408899,87.700011,94.228833
263,-1,355.679895,68.696213,941193.892238,552081.529279,3897.142300,87.695182,94.127152
264,-1,355.319952,68.847315,941193.848931,552080.980068,3896.876099,87.695100,94.030689
265,-1,354.960048,68.999274,941193.802343,552080.431184,3896.609000,87.695181,93.934711
266,-1,354.599937,69.152085,941193.752146,552079.882301,3896.340900,87.695130,93.838915
267,-1,354.240051,69.305694,941193.698669,552079.334073,3896.072000,87.695213,93.743632
268,-1,353.879929,69.460159,941193.641582,552078.785846,3895.802100,87.695168,93.648551
269,-1,353.520004,69.615425,941193.581215,552078.238275,3895.531400,87.695253,93.553997
270,-1,353.160027,69.771487,941193.517239,552077.691032,3895.259800,87.695176,93.459668
271,-1,352.800007,69.928359,941193.449982,552077.144117,3894.987400,87.695264,93.365915
272,-1,352.440115,70.086310,941193.384037,552076.597202,3894.715400,87.700116,93.277477
273,-1,352.079945,70.244451,941193.304969,552076.051600,3894.440100,87.695249,93.179488
274,-1,351.720084,70.403664,941193.227213,552075.506325,3894.165200,87.695099,93.086787
275,-1,351.359915,70.563703,941193.146176,552074.961051,3893.889500,87.695164,92.994744
276,-1,351.000060,70.724480,941193.061859,552074.416760,3893.613100,87.695300,92.903264
277,-1,350.640048,70.886007,941192.973933,552073.872798,3893.335900,87.695281,92.812108
278,-1,350.279984,71.048642,941192.887319,552073.328508,3893.058999,87.700074,92.726339
279,-1,349.919988,71.211374,941192.787909,552072.786514,3892.779200,87.695329,92.631356
280,-1,349.559911,71.375156,941192.689812,552072.244193,3892.499800,87.695397,92.541810
281,-1,349.200039,71.539672,941192.588107,552071.702855,3892.219600,87.695199,92.452516
282,-1,348.839976,71.704892,941192.483120,552071.161846,3891.938800,87.695178,92.363966
283,-1,348.479887,71.871182,941192.379446,552070.620508,3891.658300,87.699972,92.280854
284,-1,348.120051,72.037884,941192.267897,552070.081139,3891.376099,87.700119,92.193576
285,-1,347.759941,72.205289,941192.152740,552069.542098,3891.093200,87.700129,92.106735
286,-1,347.399931,72.372962,941192.029381,552069.005026,3890.808800,87.695168,92.015491
287,-1,347.039926,72.541808,941191.907662,552068.467625,3890.524600,87.695343,91.929995
288,-1,346.680019,72.711212,941191.782334,552067.931209,3890.239900,87.695241,91.844887
289,-1,346.320035,72.881310,941191.653725,552067.395449,3889.954600,87.695256,91.760518
290,-1,345.959961,73.052099,941191.521836,552066.860345,3889.668699,87.695391,91.676899
291,-1,345.599939,73.223508,941191.386337,552066.326225,3889.382199,87.695249,91.593657
292,-1,345.239941,73.395909,941191.252151,552065.791778,3889.096000,87.699922,91.515937
293,-1,344.879941,73.568252,941191.105498,552065.260611,3888.807600,87.695165,91.429381
294,-1,344.519912,73.741942,941190.964750,552064.727803,3888.520300,87.700000,91.353168
295,-1,344.159983,73.915533,941190.811535,552064.198605,3888.230900,87.695319,91.268071
296,-1,343.800003,74.090099,941190.659305,552063.669079,3887.941700,87.695135,91.188194
297,-1,343.440102,74.265272,941190.504121,552063.140536,3887.652100,87.695302,91.109394
298,-1,343.079940,74.441019,941190.345329,552062.612650,3887.361999,87.695285,91.031135
299,-1,342.720047,74.617673,941190.187849,552062.084764,3887.072200,87.699987,90.958364
300,-1,342.360079,74.794554,941190.022495,552061.559175,3886.781200,87.699949,90.881570
301,-1,341.999961,74.971628,941189.849267,552061.035882,3886.489100,87.695173,90.800783
302,-1,341.639885,75.149672,941189.677351,552060.512261,3886.197200,87.695212,90.725569
303,-1,341.279947,75.328184,941189.502155,552059.989952,3885.905000,87.695185,90.651094
304,-1,340.920102,75.507626,941189.328271,552059.467315,3885.613000,87.699967,90.582206
305,-1,340.560024,75.686878,941189.141919,552058.948616,3885.319300,87.695141,90.504477
306,-1,340.200010,75.866997,941188.956880,552058.429588,3885.025899,87.695124,90.432374
307,-1,339.839875,76.047593,941188.768560,552057.911544,3884.732200,87.695151,90.361135
308,-1,339.480054,76.229057,941188.581553,552057.393501,3884.438700,87.699871,90.295401
309,-1,339.120064,76.410245,941188.382406,552056.879722,3884.143800,87.695188,90.221105
310,-1,338.759960,76.592332,941188.184572,552056.365287,3883.849100,87.695428,90.152548
311,-1,338.400001,76.774808,941187.983129,552055.852493,3883.554099,87.695172,90.084353
312,-1,338.039929,76.957795,941187.778733,552055.340683,3883.258800,87.695271,90.017350
313,-1,337.680000,77.141548,941187.575649,552054.828545,3882.963800,87.700172,89.956015
314,-1,337.319951,77.324967,941187.360099,552054.321328,3882.667500,87.695133,89.885623
315,-1,336.960096,77.509190,941187.146188,552053.813783,3882.371499,87.695195,89.821199
316,-1,336.599996,77.693807,941186.928997,552053.307223,3882.075300,87.695314,89.757718
317,-1,336.239973,77.879162,941186.712790,552052.800334,3881.779299,87.699931,89.699610
318,-1,335.879980,78.064192,941186.484772,552052.298694,3881.482200,87.695084,89.632955
319,-1,335.519926,78.249950,941186.258067,552051.796399,3881.185400,87.695166,89.572124
320,-1,335.160049,78.436096,941186.028408,552051.295744,3880.888400,87.695343,89.512287
321,-1,334.799982,78.622911,941185.799406,552050.794432,3880.591600,87.699852,89.457683
322,-1,334.440018,78.809361,941185.558921,552050.298698,3880.293900,87.695058,89.394731
323,-1,334.080017,78.996486,941185.319748,552049.802308,3879.996499,87.695194,89.337623
324,-1,333.720043,79.183887,941185.077295,552049.307559,3879.698999,87.695123,89.281248
325,-1,333.359984,79.371676,941184.831889,552048.814121,3879.401300,87.695287,89.226022
326,-1,332.999923,79.559673,941184.583201,552048.322324,3879.103600,87.695245,89.171554
327,-1,332.640079,79.748380,941184.335827,552047.830199,3878.806000,87.699983,89.122768
328,-1,332.279893,79.936886,941184.080906,552047.341355,3878.508200,87.699974,89.070241
329,-1,331.919948,80.125731,941183.823032,552046.854480,3878.210200,87.699898,89.018580
330,-1,331.560032,80.314341,941183.557941,552046.371541,3877.912100,87.695062,88.963178
331,-1,331.199940,80.503662,941183.294162,552045.887618,3877.614100,87.695311,88.913772
332,-1,330.839990,80.693531,941183.031367,552045.403367,3877.316300,87.700043,88.869795
333,-1,330.479941,80.882795,941182.757090,552044.925350,3877.018200,87.695173,88.817266
334,-1,330.119922,81.072712,941182.484124,552044.446676,3876.720200,87.695230,88.770591
335,-1,329.760056,81.262754,941182.208206,552043.969971,3876.422300,87.695207,88.724828
336,-1,329.399961,81.452951,941181.929335,552043.494578,3876.124500,87.695435,88.680304
337,-1,329.040029,81.643757,941181.651449,552043.018857,3875.826700,87.700138,88.641188
338,-1,328.680024,81.833858,941181.362407,552042.549698,3875.528900,87.695362,88.593672
339,-1,328.319858,82.024875,941181.078287,552042.077258,3875.231300,87.699960,88.556443
340,-1,327.960102,82.215238,941180.783668,552041.612036,3874.933699,87.695294,88.511020
341,-1,327.600010,82.406055,941180.489706,552041.145830,3874.636300,87.695167,88.471102
342,-1,327.240034,82.597389,941180.197055,552040.678967,3874.339000,87.699962,88.437059
343,-1,326.880016,82.788041,941179.893578,552040.218994,3874.041800,87.695387,88.394720
344,-1,326.519972,82.979113,941179.591085,552039.758365,3873.744800,87.695457,88.357995
345,-1,326.160115,83.170257,941179.285640,552039.300033,3873.447900,87.695259,88.321999
346,-1,325.800073,83.361368,941178.977241,552038.843341,3873.151300,87.695155,88.287116
347,-1,325.439954,83.552591,941178.666218,552038.388289,3872.854800,87.695422,88.253596
348,-1,325.080044,83.744208,941178.356180,552037.932910,3872.558399,87.700149,88.225503
349,-1,324.720036,83.935420,941178.039251,552037.482123,3872.262300,87.700058,88.193638
350,-1,324.359964,84.126634,941177.719370,552037.033305,3871.966400,87.699883,88.162694
351,-1,323.999936,84.317797,941177.396864,552036.586456,3871.670800,87.699891,88.132943
352,-1,323.639971,84.508534,941177.067796,552036.144527,3871.375600,87.695160,88.099496
353,-1,323.280021,84.699628,941176.739713,552035.701943,3871.080500,87.695072,88.071658
354,-1,322.920078,84.890656,941176.409005,552035.261327,3870.785699,87.695164,88.045006
355,-1,322.559997,85.081599,941176.075344,552034.822680,3870.491200,87.695176,88.019279
356,-1,322.200066,85.272456,941175.739059,552034.386329,3870.197000,87.695170,87.994538
357,-1,321.839968,85.463219,941175.399821,552033.951946,3869.903100,87.695086,87.970719
358,-1,321.480123,85.653900,941175.058286,552033.519861,3869.609500,87.695240,87.948136
359,-1,321.120084,85.844414,941174.713799,552033.089743,3869.316300,87.695318,87.926481
360,-1,320.760001,86.034811,941174.366358,552032.661923,3869.023400,87.695119,87.905543
361,-1,320.399965,86.225056,941174.016621,552032.236071,3868.730900,87.695359,87.886041
362,-1,320.039893,86.415563,941173.667541,552031.809562,3868.438400,87.699987,87.871887
363,-1,319.679991,86.605501,941173.312555,552031.388303,3868.146599,87.700178,87.854317
364,-1,319.319985,86.795178,941172.954616,552030.969341,3867.855300,87.700094,87.837466
365,-1,318.959905,86.984308,941172.590443,552030.555628,3867.564700,87.695324,87.816936
366,-1,318.600017,87.174020,941172.230864,552030.138306,3867.273800,87.699849,87.806632
367,-1,318.240037,87.362718,941171.861770,552029.729186,3866.984100,87.695274,87.788256
368,-1,317.879994,87.551948,941171.496941,552029.316129,3866.694099,87.699965,87.780077
369,-1,317.519917,87.740188,941171.122598,552028.911602,3866.405300,87.695342,87.763596
370,-1,317.160127,87.928912,941170.752848,552028.503466,3866.116200,87.700004,87.757330
371,-1,316.800102,88.117038,941170.376865,552028.100580,3865.827900,87.699986,87.747366
372,-1,316.439997,88.304813,941169.998257,552027.699990,3865.540200,87.699946,87.738345
373,-1,316.079946,88.492301,941169.617352,552027.301697,3865.253000,87.700123,87.730495
374,-1,315.719979,88.679095,941169.230542,552026.909310,3864.966799,87.695412,87.718722
375,-1,315.359983,88.865994,941168.844388,552026.516266,3864.680600,87.695091,87.712270
376,-1,315.000000,89.052975,941168.459546,552026.121910,3864.394400,87.700088,87.712069
377,-1,314.640016,89.238758,941168.065190,552025.737068,3864.109900,87.695091,87.702832
378,-1,314.280058,89.425036,941167.675427,552025.347633,3863.824800,87.700052,87.704468
379,-1,313.919990,89.610150,941167.276149,552024.967712,3863.541400,87.695020,87.697050
380,-1,313.559926,89.795240,941166.878184,552024.586480,3863.258100,87.695308,87.695868
381,-1,313.199897,89.980400,941166.480875,552024.204591,3862.974700,87.699986,87.699991
382,-1,312.839872,90.164700,941166.077989,552023.828607,3862.692599,87.700004,87.700366
383,-1,312.480082,90.348231,941165.669853,552023.458857,3862.411700,87.695342,87.696961
384,-1,312.120005,90.532175,941165.265327,552023.084514,3862.130099,87.699965,87.703749
385,-1,311.760000,90.480530,1246353.138545,210208.240258,19.000000,458320.200042,458336.319396
386,-1,311.400000,90.478419,1247040.888154,205073.627496,0.000000,462617.500042,462633.627925
387,-1,311.040000,90.475023,1247026.041399,200663.702260,0.000000,465924.812398,465940.825803
388,-1,310.680000,90.474309,1245269.254230,198216.464373,0.000000,466626.374327,466642.363657
389,-1,310.320000,90.473571,1243510.185242,195758.111678,0.000000,467353.300047,467369.264507
390,-1,309.959999,90.472066,1242222.877449,192722.334613,0.000000,468844.199937,468860.113633
391,-1,309.599999,90.471562,1240278.161850,190451.653787,0.000000,469344.926626,469360.823345
392,-1,309.240000,90.469894,1239054.037002,187288.568906,0.000000,471011.136226,471026.976712
393,-1,308.880000,90.468908,1237377.647638,184652.838941,0.000000,472001.400161,472017.207415
394,-1,308.519999,90.467172,1236155.520161,181426.263701,0.000000,473755.400016,473771.148748
395,-1,308.159999,90.466162,1234455.088523,178772.516056,0.000000,474782.031532,474797.746211
396,-1,307.799999,90.465303,1232641.192544,176243.804906,0.000000,475658.983891,475674.669599
397,-1,307.439999,90.464019,1231073.642858,173375.031116,0.000000,476974.412688,476990.055138
398,-1,307.080000,90.462319,1229745.891248,170161.345614,0.000000,478728.317376,478743.902520
399,-1,306.719999,90.460548,1228441.594644,166879.155328,0.000000,480569.917621,480585.443042
400,-1,306.359999,90.459542,1226639.488012,164233.930960,0.000000,481622.260419,481637.751918
401,-1,306.000000,90.458348,1224933.955334,161433.083215,0.000000,482876.200076,482891.651348
402,-1,305.639999,90.457269,1223138.136091,158730.912767,0.000000,484016.299892,484031.714770
403,-1,305.280000,90.453163,1223193.705534,153386.983822,0.000000,488401.300169,488416.576652
404,-1,304.920000,90.451243,1221872.657323,149918.451389,0.000000,490479.479595,490494.691353
405,-1,304.560000,90.450253,1219952.319956,147273.686993,0.000000,491558.499882,491573.678250
406,-1,304.199999,90.447063,1219375.096701,142628.250090,0.000000,495066.499963,495081.570781
407,-1,303.840000,90.410689,1063145.963622,370062.706966,2292.072100,219150.405761,219156.035705
408,-1,303.479999,90.442307,1217143.994864,134724.426987,0.000000,500389.041872,500403.952390
409,-1,303.119999,90.441510,1215010.216651,132241.023817,0.000000,501293.200058,501308.083683
410,-1,302.759999,90.441231,1211939.743134,131192.092188,8.514899,500503.899856,500518.741308
411,-1,302.400000,90.441900,1209336.838891,129424.668230,2.000000,500591.599905,500606.488960
412,-1,302.040000,90.442132,1206536.311355,127970.704930,2.000000,500328.500084,500343.396968
413,-1,301.679999,90.442008,1201287.043310,130490.746806,40.971999,495417.299894,495432.042272
414,-1,301.319999,90.442021,1196900.607201,131711.281439,66.570800,492084.700028,492099.344093
415,-1,300.960000,90.436170,1187351.468819,141618.766217,218.972099,478666.600108,478680.470246
416,-1,300.599999,90.446159,1180825.981214,146744.538117,195.813399,470923.440894,470937.718850
417,-1,300.240000,90.441914,1183587.419917,136132.335917,149.335399,481472.999859,481487.321212
418,-1,299.879999,90.430762,1176762.013292,141939.305602,306.547999,473028.126799,473041.495749
419,-1,299.519999,90.443492,1169439.646703,148839.066081,275.919500,463406.799927,463420.682500
420,-1,299.160000,90.444445,1175661.494168,131712.426449,128.742499,481385.300001,481399.783260
421,-1,298.800000,90.432615,1169551.099893,136548.853128,282.445399,474193.899968,474207.417427
422,-1,298.439999,90.439777,1167925.773091,133293.649337,207.209499,476272.850856,476286.880842
423,-1,298.080000,90.447576,1166086.451310,130383.809356,129.158800,477964.999929,477979.583575
424,-1,297.719999,90.436790,1160576.818629,134412.986665,265.941099,471825.999813,471839.710638
425,-1,297.360000,90.435441,1159640.990120,129770.905398,249.058900,475509.400008,475523.132631
426,-1,296.999999,90.439521,1156465.601785,129421.994022,223.939899,474369.300035,474383.257684
427,-1,296.639999,90.426910,1155170.372749,125356.718688,305.679600,477412.888924,477426.141561
428,-1,296.280000,90.440728,1152574.064621,123839.643639,188.987699,477614.200154,477628.330555
429,-1,295.920000,90.440013,1149572.463013,123150.438324,200.333700,476912.599949,476926.663870
430,-1,295.559999,90.427472,1148954.398960,117497.639918,268.743400,481736.100038,481749.507901
431,-1,295.199999,90.418909,1148198.766285,111994.553156,306.760200,486384.200010,486397.200308
432,-1,294.839999,90.438116,1146903.167826,107518.593932,116.874299,489892.200061,489906.522435
433,-1,294.480000,90.426944,1142615.841099,109506.787134,239.199699,486296.500001,486310.001379
434,-1,294.119999,90.434727,1076611.904866,249445.354697,1346.950800,331593.700085,331603.245100
435,-1,293.760000,90.439814,1127180.000252,129403.952064,317.783299,461828.199891,461841.806666
436,-1,293.400000,90.439912,1124973.330124,127196.836399,308.237200,462968.300022,462981.946484
437,-1,293.040000,90.429792,1122437.341430,125727.143801,387.388900,463319.100164,463332.135799
438,-1,292.679999,90.426921,1119102.715225,126156.798453,423.204700,461627.745521,461640.560659
439,-1,292.319999,90.436485,1121128.763339,113584.425304,251.753400,474018.499941,474032.255219
440,-1,291.960000,90.433620,1116008.700088,118318.234406,323.246299,467704.100127,467717.494584
441,-1,291.599999,90.430218,1117347.658696,106953.644602,268.039199,478754.299957,478767.796613
442,-1,291.240000,90.418193,1119440.154511,93266.716267,269.947899,492260.099966,492273.212397
443,-1,290.880000,90.417082,1118804.320481,86255.549844,233.529100,498574.500081,498587.710226
444,-1,290.519999,90.421245,1116335.047532,83916.212331,187.622499,499890.000016,499903.510799
445,-1,290.159999,90.424407,1112876.168951,84224.025363,171.080199,498399.100074,498412.773531
446,-1,289.799999,90.428120,1093415.853213,129032.482006,503.135500,449637.900081,449650.452582
447,-1,289.440000,90.431801,1106224.512635,84252.707721,123.948499,496118.900160,496132.989418
448,-1,289.079999,90.429626,1102622.409931,85130.768629,157.904100,494101.800000,494115.690997
449,-1,288.719999,90.417775,1098080.896377,88859.607628,296.557499,489102.900005,489115.902329
450,-1,288.360000,90.408447,1095692.128516,86300.979543,364.316800,490769.199910,490781.670377
451,-1,288.000000,90.410616,1092681.167019,85589.112528,347.622199,490506.100037,490518.696551
452,-1,287.639999,90.411528,1088710.622794,87905.430402,364.380000,487085.799844,487098.364157
453,-1,287.279999,90.413859,1090584.483220,71578.716336,228.000000,503222.600046,503235.728084
454,-1,286.919999,90.405959,1087613.470461,70481.201799,296.146699,503398.000083,503410.636097
455,-1,286.560000,90.409403,1084809.538733,68813.622457,260.240699,504187.300019,504200.171535
456,-1,286.199999,90.408142,1081990.426261,67162.294723,265.720400,504976.600082,504989.412417
457,-1,285.840000,90.416560,1078414.153230,68142.808838,205.554099,503047.199920,503060.495222
458,-1,285.480000,90.420991,1074551.489039,70247.787240,189.198999,499977.699914,499991.196741
459,-1,285.119999,90.401039,1065596.550256,91346.811971,522.304699,477263.399988,477275.091371
460,-1,284.759999,90.404966,1062364.038020,91845.807692,498.888300,475947.900125,475959.788752
461,-1,284.400000,90.403264,1063003.112530,77331.965329,413.031199,490155.300005,490167.440806
462,-1,284.040000,90.406806,1057741.218198,85679.013267,449.356499,480771.400034,480783.518515
463,-1,283.680000,90.413128,1058251.399920,70810.177519,291.328800,495329.600127,495342.476679
464,-1,283.320000,90.422976,1055204.943743,70168.979655,206.839500,495241.900140,495255.395487
465,-1,282.959999,90.432218,1051564.998923,72111.041387,147.459300,492523.199946,492537.214144
466,-1,282.600000,90.426072,1049382.948169,67686.911456,171.797999,496355.060893,496368.785318
467,-1,282.239999,90.422565,1045580.645406,70503.792633,228.503800,492786.299867,492799.702209
468,-1,281.879999,90.413542,1039989.029949,82043.531693,396.000000,480332.899858,480345.411544
469,-1,281.520000,90.419507,1038102.108854,76189.585724,306.816000,485682.600057,485695.618726
470,-1,281.160000,90.411511,1036264.306755,69738.710502,331.769600,491646.199989,491658.880893
471,-1,280.799999,90.423831,1033428.957439,68116.581857,218.264500,492698.600119,492712.080482
472,-1,280.439999,90.419145,1029464.550998,72548.451930,295.773000,487612.000002,487625.047819
473,-1,280.080000,90.421361,1026112.100682,73902.369498,291.096000,485682.599900,485695.733921
474,-1,279.719999,90.390514,1005500.754438,176156.091499,1263.322300,381407.299930,381416.159170
475,-1,279.359999,90.419100,1003265.817634,174980.122066,1067.250000,382196.600001,382206.824849
476,-1,279.000000,90.394803,1000277.798348,178494.921795,1256.528000,378250.099858,378259.079799
477,-1,278.639999,90.426365,1014555.867889,68709.109215,224.530599,488927.500087,488941.037753
478,-1,278.279999,90.405091,1011113.126087,71034.304039,425.920100,486121.099867,486133.250121
479,-1,277.920000,90.414224,1007920.035032,71820.025893,357.309899,484893.300121,484905.972306
480,-1,277.559999,90.411153,1003216.546079,84102.607955,475.186100,472089.099905,472101.255196
481,-1,277.200000,90.414928,997930.578305,102278.813729,579.534700,453384.392875,453396.281947
482,-1,276.839999,90.409316,994019.908961,110962.110010,688.934399,444288.200013,444299.537488
483,-1,276.480000,90.378709,985269.113470,163270.740629,1276.406300,391317.399981,391325.948167
484,-1,276.119999,90.385704,989650.598474,99344.804177,797.643800,455338.400025,455348.717585
485,-1,275.760000,90.399326,987104.247595,96081.986227,668.602899,458320.199932,458331.331555
486,-1,275.399999,90.399430,986474.831203,72140.753926,502.076700,482086.900032,482098.615033
487,-1,275.039999,90.396376,982487.583929,82872.647161,604.226299,471036.700065,471047.972137
488,-1,274.679999,90.407698,980604.787497,69598.172725,418.160399,484104.000074,484116.256107
489,-1,274.320000,90.381412,976469.225230,83963.812629,737.759000,469458.099894,469468.501970
490,-1,273.960000,90.394246,974205.569981,73951.914346,565.010100,479280.500043,479291.846471
491,-1,273.600000,90.387867,971156.664005,74453.601335,623.125899,478578.900041,478589.866159
492,-1,273.240000,90.380967,968164.937705,74099.100075,679.591799,478754.299924,478764.883248
493,-1,272.879999,90.381415,963328.055975,110375.642679,918.717999,442271.100142,442280.899985
494,-1,272.520000,90.384664,958504.736225,156768.405209,1206.292300,395702.400099,395711.318067
495,-1,272.160000,90.383897,958562.416884,89273.511655,759.711899,463143.699852,463154.096134
496,-1,271.799999,90.363172,955444.782371,95834.879766,969.488100,456478.500053,456487.670263
497,-1,271.439999,90.334030,951072.524383,155633.979328,1550.890799,396579.399933,396586.139501
498,-1,271.079999,90.324779,948571.430960,156105.293018,1617.901400,396053.200124,396059.563132
499,-1,270.720000,90.327302,946157.103440,150190.769742,1566.899300,401929.100128,401935.658227
500,-1,270.359999,90.330533,943994.403369,92461.507904,1211.322600,459635.700147,459643.348640
501,-1,270.000000,90.324855,941106.446219,85699.535208,1218.590300,466388.600029,466396.096518
502,-1,269.639999,90.308049,938084.588089,71150.828741,1277.120899,480946.799975,480953.751301
503,-1,269.279999,90.300813,935943.380757,141246.076017,1705.759200,410874.500144,410880.162965
504,-1,268.920000,90.277301,933345.572961,140409.781758,1870.120800,411751.500151,411756.322627
505,-1,268.559999,90.223206,930765.703449,140729.687614,2259.904400,411488.400069,411491.522549
506,-1,268.199999,90.228287,927900.301371,131861.793933,2187.774999,420433.800006,420437.137252
507,-1,267.839999,90.251680,922992.695045,71833.611824,1751.841600,480596.000025,480600.636700
508,-1,267.479999,90.273673,921745.450164,112172.274585,1759.633700,440341.699843,440346.723092
509,-1,267.119999,90.263315,917937.454499,91543.958230,1743.720900,461126.599918,461131.469606
510,-1,266.759999,90.277541,914518.838961,82417.282586,1584.193100,470422.799925,470428.319086
511,-1,266.400000,90.308693,911215.923651,76991.882675,1298.173700,476035.600073,476042.509223
512,-1,266.039999,90.318355,908431.281910,80076.257412,1233.975500,473141.500156,473148.803918
513,-1,265.679999,90.310459,905598.331539,82039.894233,1308.683800,471387.499918,471394.420127
514,-1,265.319999,90.304366,902359.431849,78775.970971,1340.185100,474895.500046,474902.200753
515,-1,264.959999,90.321063,899039.603515,75097.525572,1179.668300,478841.999999,478849.518049
516,-1,264.600000,90.320016,895795.834412,72751.929541,1173.724900,481472.999900,481480.510027
517,-1,264.240000,90.317501,894527.731305,90323.010541,1291.088800,464108.400127,464115.526040
518,-1,263.879999,90.314834,891748.861207,91758.388575,1318.955700,462968.300059,462975.289556
519,-1,263.520000,90.311558,888639.772609,90160.522349,1334.938800,464897.699917,464904.573221
520,-1,263.160000,90.319973,883910.606870,75261.030166,1180.942700,480245.200047,480252.689012
521,-1,262.800000,90.325148,881762.125275,82329.463536,1175.890700,473492.299902,473499.924314
522,-1,262.440000,90.321057,879065.575550,84624.233881,1220.506800,471562.900051,471570.303542
523,-1,262.079999,90.333463,877688.519905,96228.660147,1184.245000,460249.600116,460257.395203
524,-1,261.719999,90.285432,885661.862882,171098.360801,1944.942500,385003.000048,385007.777556
525,-1,261.359999,90.290740,886167.596123,190529.294380,2007.183000,365708.999960,365713.708388
526,-1,260.999999,90.299459,876721.759043,145579.219910,1711.800300,411576.100111,411581.721660
527,-1,260.639999,90.252817,872343.176265,134915.640515,1997.323699,422801.700146,422805.816171
528,-1,260.279999,90.142493,869471.664948,133886.427351,2807.734300,424292.599943,424293.912088
529,-1,259.919999,90.112222,866415.670732,131927.077595,3027.091700,426748.200115,426749.018688
530,-1,259.560000,90.165961,863888.454986,133008.401220,2628.613900,426134.299997,426136.087660
531,-1,259.199999,90.259108,857970.172531,116272.526883,1856.504700,443674.300007,443678.836873
532,-1,258.840000,90.262480,867964.237844,181334.715328,2131.722299,377899.300105,377903.265599
533,-1,258.480000,90.291195,866196.650500,184551.462175,1956.583100,375092.899879,375097.744267
534,-1,258.120000,90.268375,878982.113446,256776.197975,2449.405700,301775.699836,301779.010377
535,-1,257.759999,90.309205,861937.351932,187150.222726,1847.668900,373426.599853,373432.037745
536,-1,257.400000,90.293930,841700.927182,107373.406886,1525.216000,455689.199813,455695.196159
537,-1,257.040000,90.281839,838456.306047,106041.046034,1611.460000,457706.300004,457711.837565
538,-1,256.680000,90.274558,880470.783041,295980.576259,2601.751999,263187.699968,263190.721762
539,-1,256.320000,90.253352,878157.626578,293469.402804,2685.978900,266169.499867,266172.102046
540,-1,255.960000,90.278515,877278.588638,296847.827805,2584.000000,263099.999888,263103.108382
541,-1,255.600000,90.254034,875567.086484,296829.181845,2694.477799,263538.499959,263541.090299
542,-1,255.239999,90.275900,869093.691622,278758.299024,2501.836300,282657.100015,282660.377140
543,-1,254.880000,90.302830,866622.841249,276422.249890,2353.681300,285551.199880,285555.188412
544,-1,254.520000,90.306656,810236.206975,79544.829341,1238.585200,490330.700106,490337.723135
545,-1,254.160000,90.297719,807963.931336,82823.158743,1328.291200,487787.399830,487793.985102
546,-1,253.799999,90.301682,805360.645204,84848.023787,1301.017100,486559.599885,486566.344616
547,-1,253.439997,90.266578,940331.564238,549482.202129,3850.295400,2718.699955,2718.729382
548,-1,253.080003,90.155100,940315.206331,549487.122066,3855.585100,2718.700070,2718.710031
549,-1,252.719999,90.041845,940298.879264,549492.145022,3860.959099,2718.699980,2718.700705
550,-1,252.359999,89.904790,940309.160412,549580.846616,3867.316700,2630.999978,2631.003610
551,-1,252.000000,89.759755,940293.422582,549585.905661,3873.976700,2630.999863,2631.022992
552,-1,251.639998,89.622487,940277.716577,549591.063131,3880.280199,2631.000174,2631.057285
553,-1,251.280002,89.489096,940262.043708,549596.319683,3886.405799,2630.999877,2631.104479
554,-1,250.919999,89.349093,940275.071897,549684.556383,3891.839000,2543.299937,2543.464065
555,-1,250.560000,89.188300,940259.986297,549689.827370,3898.977600,2543.300026,2543.555266
556,-1,250.200002,89.022038,940244.934162,549695.193172,3906.359600,2543.299971,2543.670497
557,-1,249.839998,88.850183,940229.915819,549700.653463,3913.990699,2543.299974,2543.812189
558,-1,249.479999,88.672623,940214.932254,549706.207914,3921.876099,2543.300006,2543.982671
559,-1,249.119997,88.489210,940199.983793,549711.856525,3930.022600,2543.299952,2544.184366
560,-1,248.760004,88.238880,940185.071421,549717.598639,3941.143600,2543.300076,2544.501983
561,-1,248.400002,87.984494,940170.195138,549723.434586,3952.447799,2543.300071,2544.874468
562,-1,248.040002,87.741160,940155.355929,549729.364036,3963.264200,2543.299887,2545.277650
563,-1,247.680001,87.492570,940140.554121,549735.386334,3974.318000,2543.300010,2545.737409
564,-1,247.319997,87.238632,940125.790371,549741.501807,3985.613900,2543.299892,2546.256483
565,-1,246.960002,86.987924,940111.065663,549747.709472,3996.770900,2543.300063,2546.818537
566,-1,246.599999,86.827310,940096.379997,549754.009984,4003.921200,2543.299917,2547.204122
567,-1,246.240001,86.661836,940081.734357,549760.402360,4011.290200,2543.299971,2547.622643
568,-1,245.880002,86.491424,940067.129071,549766.886599,4018.881700,2543.300094,2548.076082
569,-1,245.520000,86.316007,940052.564796,549773.462701,4026.698999,2543.300021,2548.566356
570,-1,245.160000,86.135521,940038.042187,549780.130010,4034.745500,2543.300080,2549.096077
571,-1,244.800003,85.951279,940023.561901,549786.888527,4042.962900,2543.299994,2549.663000
572,-1,244.439997,85.779575,940009.123938,549793.737923,4050.624500,2543.300065,2550.215467
573,-1,244.079998,85.601954,939994.729610,549800.677870,4058.553700,2543.300026,2550.811225
574,-1,243.720001,85.418342,939980.379245,549807.708039,4066.754300,2543.300028,2551.453191
575,-1,243.359998,85.251166,939966.073171,549814.828432,4074.224500,2543.299926,2552.060671
576,-1,242.999996,85.093588,939951.812045,549822.038391,4081.269100,2543.300019,2552.653625
577,-1,242.640000,84.932050,939937.596850,549829.337917,4088.494200,2543.299859,2553.281565
578,-1,242.280003,84.812133,939923.427587,549836.726354,4093.860100,2543.300029,2553.761336
579,-1,241.920001,84.690384,939950.585669,549921.580843,4091.159499,2455.600038,2466.181977
580,-1,241.560004,84.534651,939936.995802,549928.885947,4097.893300,2455.600084,2466.814265
581,-1,241.199997,84.423723,939923.451865,549936.276680,4102.691900,2455.599904,2467.275746
582,-1,240.839999,84.305326,939867.222975,549867.166910,4116.561000,2543.299934,2555.913884
583,-1,240.480001,84.169287,939853.292885,549874.996947,4122.661100,2543.299897,2556.526349
584,-1,240.120000,84.046413,939839.412007,549882.914254,4128.173500,2543.300076,2557.092410
585,-1,239.759999,83.927265,939825.581326,549890.918831,4133.520999,2543.299983,2557.652506
586,-1,239.399999,83.808218,939811.801170,549899.010022,4138.866400,2543.300023,2558.223561
587,-1,239.040002,83.702954,939843.188574,549982.392729,4133.917300,2455.600004,2470.505521
588,-1,238.680001,83.597051,939829.982892,549990.371716,4138.512300,2455.599807,2471.013540
589,-1,238.320001,83.493771,939816.827407,549998.433052,4142.995400,2455.600110,2471.517812
590,-1,237.960001,83.388405,939803.723102,550006.577392,4147.570900,2455.599840,2472.040180
591,-1,237.600002,83.280937,939790.669979,550014.803426,4152.239700,2455.600112,2472.582356
592,-1,237.240001,83.171351,939777.669020,550023.111808,4157.002600,2455.599846,2473.143880
593,-1,236.880001,83.059637,939764.720227,550031.501227,4161.860300,2455.600147,2473.726464
594,-1,236.519997,82.950841,939751.824584,550039.972339,4166.593299,2455.599933,2474.302629
595,-1,236.160000,82.828253,939690.144589,549975.680800,4182.964100,2543.299835,2563.354534
596,-1,235.800001,82.699347,939676.899537,549984.621071,4188.778400,2543.300131,2564.087198
597,-1,235.439997,82.616334,939713.460487,550065.868612,4181.159600,2455.600038,2476.132522
598,-1,235.080001,82.501881,939700.782035,550074.660917,4186.148500,2455.599851,2476.778417
599,-1,234.719999,82.395297,939688.158701,550083.532619,4190.796800,2455.599955,2477.389379
600,-1,234.360000,82.286560,939675.591469,550092.483388,4195.541400,2455.600052,2478.021828
601,-1,233.999996,82.224098,939663.080667,550101.513226,4198.267900,2455.599953,2478.389149
602,-1,233.639999,82.167937,939650.626952,550110.621147,4200.720100,2455.600071,2478.722237
603,-1,233.279996,82.109968,939638.230651,550119.807481,4203.251900,2455.599948,2479.068393
604,-1,232.919999,82.050185,939625.892421,550129.071242,4205.863700,2455.599984,2479.428306
605,-1,232.559998,81.973490,939666.928100,550208.045493,4196.848600,2367.899883,2391.326341
606,-1,232.200001,81.921259,939655.143675,550217.127168,4199.050399,2367.899969,2391.634861
607,-1,231.839997,81.859880,939589.230093,550157.325450,4214.182800,2455.599968,2480.592551
608,-1,231.479998,81.803835,939577.128411,550166.896297,4216.634300,2455.600134,2480.941021
609,-1,231.120001,81.752295,939565.087425,550176.543260,4218.889300,2455.599889,2481.263262
610,-1,230.759995,81.698304,939553.106806,550186.265681,4221.252200,2455.599955,2481.603393
611,-1,230.400000,81.641859,939541.187866,550196.062906,4223.723199,2455.600011,2481.961430
612,-1,230.040001,81.582951,939529.330606,550205.934933,4226.302800,2455.600056,2482.337758
613,-1,229.680001,81.521577,939517.535682,550215.881436,4228.991200,2455.599924,2482.732572
614,-1,229.320001,81.457731,939505.803422,550225.901757,4231.788799,2455.599905,2483.146565
615,-1,228.959998,81.393459,939494.134154,550235.995569,4234.606000,2455.600037,2483.566722
616,-1,228.600000,81.330730,939482.528863,550246.162543,4237.356499,2455.599923,2483.979706
617,-1,228.240003,81.279801,939470.987547,550256.402024,4239.590300,2455.600054,2484.317519
618,-1,227.880004,81.232199,939459.510864,550266.714011,4241.678700,2455.599996,2484.634940
619,-1,227.519994,81.182905,939448.098813,550277.098177,4243.841900,2455.599997,2484.965598
620,-1,227.159998,81.131918,939436.752708,550287.553536,4246.080000,2455.599902,2485.309546
621,-1,226.799999,81.079238,939425.472218,550298.079762,4248.393100,2455.600169,2485.667448
622,-1,226.440002,81.024865,939414.258330,550308.676854,4250.781200,2455.600127,2486.038845
623,-1,226.079996,80.973123,939403.111043,550319.344483,4253.054399,2455.600018,2486.394383
624,-1,225.720001,80.921091,939392.031340,550330.081666,4255.341000,2455.599872,2486.754026
625,-1,225.360001,80.871429,939381.018895,550340.888075,4257.524100,2455.600149,2487.099715
626,-1,224.999999,80.827256,939370.074691,550351.763710,4259.466400,2455.600163,2487.408615
627,-1,224.639999,80.767704,939296.797607,550301.085661,4276.340700,2543.299880,2576.678197
628,-1,224.280000,80.703103,939285.605044,550312.491150,4279.284600,2543.299924,2577.152191
629,-1,223.919999,80.638128,939274.484331,550323.966849,4282.246600,2543.299914,2577.632351
630,-1,223.559997,80.572781,939263.435797,550335.512102,4285.226700,2543.300074,2578.118956
631,-1,223.199998,80.502556,939188.529779,550287.091923,4303.102400,2630.999902,2667.564299
632,-1,222.839998,80.428430,939177.251258,550299.177857,4306.602300,2631.000133,2668.144255
633,-1,222.479999,80.354727,939166.049181,550311.334657,4310.083700,2630.999993,2668.725210
634,-1,222.120001,80.281448,939154.923547,550323.561338,4313.546600,2631.000148,2669.307748
635,-1,221.760001,80.213084,939143.875012,550335.857902,4316.778600,2631.000113,2669.855203
636,-1,221.399999,80.162267,939132.903906,550348.223691,4319.181900,2631.000085,2670.264749
637,-1,221.040001,80.112382,939122.010883,550360.658049,4321.541800,2631.000006,2670.668893
638,-1,220.679999,80.062871,939111.195944,550373.160649,4323.884800,2631.000094,2671.072307
639,-1,220.319998,80.013732,939100.460073,550385.731161,4326.210800,2630.999819,2671.474411
640,-1,219.959999,79.957887,939022.581620,550342.042929,4344.385500,2718.700059,2760.998960
641,-1,219.600001,79.900033,939011.651852,550355.170527,4347.217300,2718.700080,2761.494174
642,-1,219.240000,79.841856,939000.804761,550368.366695,4350.065900,2718.700018,2761.995085
643,-1,218.879998,79.783364,938990.040674,550381.630776,4352.931000,2718.700039,2762.501850
644,-1,218.520001,79.721329,938910.744573,550340.343457,4371.874900,2806.400153,2852.173166
645,-1,218.160003,79.626506,938761.891524,550245.801323,4408.781600,2981.799953,3031.347701
646,-1,217.799999,79.511996,938750.362020,550260.569010,4414.942899,2981.799970,3032.463202
647,-1,217.440002,79.399957,938738.925691,550275.408547,4420.975700,2981.800043,3033.567222
648,-1,217.080001,79.287624,938727.582866,550290.319935,4427.028700,2981.799911,3034.686387
649,-1,216.720000,79.175010,938716.333873,550305.302188,4433.101400,2981.799910,3035.821036
650,-1,216.360000,79.075345,938705.179039,550320.354652,4438.479700,2981.800171,3036.835984
651,-1,215.999997,78.999540,938694.119350,550335.477325,4442.572700,2981.799905,3037.614079
652,-1,215.639998,78.935307,938683.154805,550350.668896,4446.042600,2981.799886,3038.278084
653,-1,215.279998,78.850773,938743.878765,550416.582150,4433.327200,2894.099980,2949.771328
654,-1,214.919999,78.757394,938733.422749,550431.459416,4438.228700,2894.100060,2950.723104
655,-1,214.559998,78.667271,938723.060565,550446.402300,4442.962300,2894.099896,2951.649475
656,-1,214.199997,78.577053,938712.792213,550461.409816,4447.703899,2894.100048,2952.585039
657,-1,213.839998,78.504151,938702.618677,550476.481636,4451.537600,2894.099890,2953.346539
658,-1,213.480003,78.440228,938692.539957,550491.616776,4454.900800,2894.099969,2954.018730
659,-1,213.120002,78.375201,938682.556381,550506.815237,4458.323600,2894.100013,2954.706570
660,-1,212.759998,78.313071,938672.668606,550522.076361,4461.595400,2894.099837,2955.367410
661,-1,212.399999,78.253186,938662.876631,550537.398837,4464.750499,2894.100155,2956.008446
662,-1,212.040001,78.193729,938653.181440,550552.782665,4467.884300,2894.100135,2956.648020
663,-1,211.680002,78.134707,938643.583034,550568.227188,4470.996499,2894.100126,2957.286346
664,-1,211.320000,78.060632,938709.002195,550629.319913,4456.360100,2806.399828,2868.452864
665,-1,210.960001,78.011537,938699.883446,550644.412075,4458.872800,2806.399997,2868.973901
666,-1,210.600002,77.962226,938690.859842,550659.561322,4461.397500,2806.400001,2869.499385
667,-1,210.239999,77.912706,938681.931383,550674.767001,4463.933800,2806.400178,2870.029592
668,-1,209.880002,77.862648,938673.099051,550690.028453,4466.498600,2806.400010,2870.567596
669,-1,209.519997,77.811132,938664.362520,550705.345352,4469.139100,2806.399946,2871.123875
670,-1,209.160001,77.760105,938655.722445,550720.716384,4471.755600,2806.400066,2871.677566
671,-1,208.799997,77.709568,938647.179155,550736.141878,4474.347899,2806.399923,2872.228125
672,-1,208.440003,77.659523,938638.732978,550751.620193,4476.916000,2806.400024,2872.775984
673,-1,208.080002,77.609972,938630.384242,550767.151658,4479.459700,2806.399923,2873.320600
674,-1,207.719998,77.560915,938622.132946,550782.735289,4481.979000,2806.400089,2873.862370
675,-1,207.360000,77.514065,938691.869683,550838.675466,4464.965800,2718.699977,2784.557230
676,-1,207.000000,77.466001,938684.066877,550853.871301,4467.358700,2718.699898,2785.075478
677,-1,206.640001,77.421859,938676.359543,550869.115693,4469.557200,2718.700038,2785.553557
678,-1,206.280003,77.383526,938668.748338,550884.408314,4471.466900,2718.699958,2785.969980
679,-1,205.920002,77.346315,938661.233261,550899.748506,4473.321300,2718.699951,2786.375606
680,-1,205.560001,77.310221,938653.814641,550915.135614,4475.120599,2718.700014,2786.770371
681,-1,205.200000,77.275229,938646.492805,550930.568983,4476.865400,2718.700136,2787.154293
682,-1,204.839998,77.241334,938639.268410,550946.048282,4478.555900,2718.699863,2787.526878
683,-1,204.480002,77.218011,938632.141128,550961.572201,4479.719500,2718.700048,2787.784265
684,-1,204.119998,77.200612,938625.111614,550977.141068,4480.587600,2718.699958,2787.976365
685,-1,203.759999,77.181654,938698.446769,551028.088473,4461.579199,2630.999902,2698.244569
686,-1,203.400003,77.163318,938691.833922,551043.239033,4462.464800,2630.999927,2698.441211
687,-1,203.039997,77.152674,938685.316218,551058.431260,4462.979000,2630.999954,2698.555524
688,-1,202.679998,77.144605,938678.894315,551073.663841,4463.368800,2630.999896,2698.642169
689,-1,202.320000,77.139072,938672.568212,551088.936448,4463.636100,2630.999880,2698.701637
690,-1,201.960001,77.136039,938666.337910,551104.248425,4463.782700,2631.000155,2698.734540
691,-1,201.600002,77.135465,938660.204392,551119.599444,4463.810400,2630.999934,2698.740492
692,-1,201.239996,77.140249,938654.167002,551134.988849,4463.579300,2631.000074,2698.689184
693,-1,200.879998,77.149079,938648.226726,551150.415656,4463.152700,2631.000016,2698.594214
694,-1,200.520000,77.150226,938724.518896,551196.621272,4443.092200,2543.300006,2608.629150
695,-1,200.160001,77.117257,938718.964445,551211.604838,4444.632000,2543.299974,2608.971995
696,-1,199.799997,77.070022,938713.504154,551226.623180,4446.838800,2543.299971,2609.464900
697,-1,199.439999,77.027984,938708.138351,551241.675316,4448.803499,2543.300026,2609.905277
698,-1,199.080000,77.017581,938702.867364,551256.760915,4449.289800,2543.299937,2610.014396
699,-1,198.720001,77.008319,938697.691194,551271.879324,4449.722800,2543.299920,2610.111688
700,-1,198.360001,77.000179,938692.609839,551287.029884,4450.103400,2543.300189,2610.197539
701,-1,198.000001,76.994664,938687.624285,551302.212268,4450.361200,2543.299915,2610.255275
702,-1,197.640003,77.013876,938682.733874,551317.425492,4449.463000,2543.300029,2610.053400
703,-1,197.280003,77.032575,938677.939265,551332.669228,4448.588900,2543.300005,2609.857092
704,-1,196.920002,77.050781,938673.240455,551347.942820,4447.738000,2543.300041,2609.666320
705,-1,196.560003,77.068518,938668.637774,551363.245611,4446.909100,2543.300018,2609.480676
706,-1,196.199997,77.085801,938664.131221,551378.577273,4446.101500,2543.300031,2609.300079
707,-1,195.840001,77.099062,938659.721125,551393.936494,4445.482000,2543.300135,2609.161797
708,-1,195.480003,77.104246,938655.407814,551409.323274,4445.239800,2543.300010,2609.107611
709,-1,195.120000,77.109024,938651.190958,551424.736957,4445.016600,2543.300153,2609.057946
710,-1,194.759998,77.113419,938647.071216,551440.176887,4444.811300,2543.300105,2609.012105
711,-1,194.399996,77.117456,938643.048586,551455.642407,4444.622700,2543.300036,2608.969982
712,-1,194.040003,77.072051,938724.203280,551492.408410,4426.613000,2455.600104,2519.463003
713,-1,193.679998,77.023662,938720.507421,551507.388367,4428.796500,2455.599900,2519.952208
714,-1,193.319999,76.975924,938716.905394,551522.390962,4430.951600,2455.600117,2520.437219
715,-1,192.960002,76.928843,938713.398183,551537.415866,4433.077699,2455.599870,2520.916968
716,-1,192.599999,76.882435,938709.985132,551552.462752,4435.174300,2455.599875,2521.391969
717,-1,192.239998,76.851419,938706.666569,551567.530635,4436.576000,2455.600031,2521.710606
718,-1,191.880002,76.816115,938703.442822,551582.618860,4438.171900,2455.600156,2522.074237
719,-1,191.519999,76.782155,938700.314220,551597.727425,4439.707400,2455.599930,2522.424672
720,-1,191.160003,76.749496,938697.280433,551612.855020,4441.184500,2455.599940,2522.762837
721,-1,190.800001,76.718090,938694.341791,551628.001643,4442.605300,2455.599864,2523.088802
722,-1,190.440001,76.687889,938691.498293,551643.166311,4443.971999,2455.599892,2523.403169
723,-1,190.079997,76.658002,938688.749938,551658.348695,4445.324800,2455.600084,2523.715189
724,-1,189.720000,76.628340,938686.097385,551673.547812,4446.667700,2455.599969,2524.025307
725,-1,189.360002,76.600181,938683.540303,551688.763332,4447.942899,2455.599925,2524.320480
726,-1,189.000003,76.573451,938681.078694,551703.994601,4449.153700,2455.600060,2524.601483
727,-1,188.639999,76.548079,938678.712885,551719.241290,4450.303199,2455.600106,2524.868687
728,-1,188.279999,76.523986,938676.443205,551734.502414,4451.394900,2455.599890,2525.122662
729,-1,187.920000,76.472955,938761.132668,551761.861611,4432.609400,2367.899940,2435.460531
730,-1,187.559998,76.399534,938759.128735,551776.604036,4435.820400,2367.900137,2436.213789
731,-1,187.200002,76.327325,938757.217977,551791.358600,4438.980200,2367.899850,2436.958472
732,-1,186.840002,76.256314,938755.399411,551806.124974,4442.089600,2367.900098,2437.695570
733,-1,186.480002,76.186468,938753.674021,551820.902504,4445.149699,2367.899986,2438.424287
734,-1,186.120003,76.141100,938752.041479,551835.690532,4447.138400,2367.899915,2438.899810
735,-1,185.760000,76.115541,938750.501783,551850.488731,4448.259100,2367.899922,2439.168503
736,-1,185.400000,76.090828,938749.054936,551865.296116,4449.342999,2367.900110,2439.429010
737,-1,185.040001,76.066959,938747.701592,551880.112359,4450.390000,2367.899856,2439.680657
738,-1,184.680000,76.043935,938746.441096,551894.936804,4451.400200,2367.899873,2439.924115
739,-1,184.320002,76.021758,938745.273776,551909.768796,4452.373400,2367.899890,2440.159028
740,-1,183.960000,75.980919,938744.199631,551924.608005,4454.166100,2367.899933,2440.592723
741,-1,183.600002,75.929947,938743.218662,551939.453448,4456.404500,2367.900074,2441.136066
742,-1,183.239996,75.880208,938742.331196,551954.305124,4458.589700,2367.899984,2441.668139
743,-1,182.879999,75.831637,938741.536906,551969.161722,4460.724500,2367.900072,2442.189886
744,-1,182.519997,75.784176,938740.836120,551984.023240,4462.811400,2367.900007,2442.701476
745,-1,182.159999,75.737761,938740.228838,551998.888696,4464.853099,2367.899836,2443.203503
746,-1,181.799998,75.708911,938739.714732,552013.757761,4466.122600,2367.899900,2443.516629
747,-1,181.439997,75.687343,938739.294129,552028.629779,4467.071900,2367.899895,2443.751130
748,-1,181.079998,75.666782,938738.967030,552043.504093,4467.977000,2367.899839,2443.974986
749,-1,180.720001,75.647101,938738.733106,552058.380047,4468.843599,2367.900072,2444.189892
750,-1,180.360001,75.628158,938738.593015,552073.257314,4469.677800,2367.899944,2444.396695
751,-1,180.000000,75.609820,938738.546099,552088.135237,4470.485500,2367.900119,2444.597472
752,-1,179.639998,75.598337,938738.593015,552103.013160,4470.991299,2367.899944,2444.723055
753,-1,179.279998,75.575372,938826.426172,552116.788395,4449.445400,2280.200082,2354.420413
754,-1,178.919998,75.522184,938826.651237,552131.113497,4451.702699,2280.200054,2354.983708
755,-1,178.559998,75.469705,938826.966197,552145.436960,4453.931000,2280.200134,2355.541861
756,-1,178.199998,75.417847,938827.371380,552159.758125,4456.133900,2280.199981,2356.095367
757,-1,177.840001,75.366534,938827.866458,552174.076338,4458.314700,2280.199902,2356.645292
758,-1,177.480001,75.324533,938828.451431,552188.391270,4460.100500,2280.199887,2357.097065
759,-1,177.120001,75.286533,938829.126298,552202.702265,4461.716799,2280.199908,2357.507084
760,-1,176.760003,75.248680,938829.891060,552217.008667,4463.327399,2280.199936,2357.916693
761,-1,176.400000,75.210868,938830.745717,552231.310147,4464.936800,2280.199952,2358.327015
762,-1,176.039996,75.173050,938831.813629,552245.597520,4466.514300,2280.076268,2358.610618
763,-1,175.680000,75.134957,938832.724388,552259.895392,4468.169599,2280.200103,2359.154444
764,-1,175.319999,75.102275,938833.848730,552274.178172,4469.562000,2280.199842,2359.511786
765,-1,174.960002,75.073249,938835.185669,552288.442579,4470.766099,2280.076207,2359.702177
766,-1,174.599998,75.043832,938836.365785,552302.721094,4472.053199,2280.200049,2360.153687
767,-1,174.240002,75.013593,938837.758827,552316.979924,4473.342699,2280.200072,2360.486833
768,-1,173.880002,74.982525,938839.241435,552331.229895,4474.667900,2280.200110,2360.829899
769,-1,173.520000,74.950512,938840.813611,552345.470352,4476.033800,2280.200095,2361.184177
770,-1,173.159999,74.907223,938929.550966,552349.255778,4454.230100,2192.500143,2270.831411
771,-1,172.799996,74.865523,938931.352800,552362.913559,4455.910000,2192.381013,2271.154409
772,-1,172.440000,74.826861,938933.004371,552376.590041,4457.530100,2192.499860,2271.692636
773,-1,172.079995,74.788957,938934.859682,552390.240604,4459.087499,2192.499882,2272.100784
774,-1,171.719995,74.751503,938936.800623,552403.879028,4460.626999,2192.499977,2272.505287
775,-1,171.360000,74.714719,938938.944976,552417.486940,4462.106900,2192.380938,2272.780130
776,-1,171.000000,74.677862,938940.939395,552431.117819,4463.655499,2192.500138,2273.303833
777,-1,170.640000,74.653362,938943.254679,552444.697844,4464.630800,2192.381018,2273.446874
778,-1,170.280002,74.665149,938945.420357,552458.302476,4464.178499,2192.500070,2273.442025
779,-1,169.920000,74.677584,938947.788790,552471.873315,4463.666900,2192.500126,2273.306834
780,-1,169.560003,74.690497,938950.242526,552485.428734,4463.135700,2192.500054,2273.166453
781,-1,169.200000,74.704015,938952.898360,552498.946423,4462.547100,2192.380945,2272.896224
782,-1,168.840003,74.717716,938955.405245,552512.492328,4462.016200,2192.499990,2272.871063
783,-1,168.479997,74.679151,938872.302065,552543.489313,4487.594800,2280.076190,2364.092887
784,-1,168.120000,74.635349,938875.086180,552557.543091,4489.503100,2280.199849,2364.717062
785,-1,167.759999,74.590087,938878.079284,552571.553890,4491.440900,2280.200163,2365.231544
786,-1,167.400002,74.543919,938881.160971,552585.545331,4493.418200,2280.199823,2365.757398
787,-1,167.040000,74.496816,938884.329928,552599.517416,4495.436600,2280.200110,2366.296377
788,-1,166.680000,74.472456,938887.587139,552613.469160,4496.480700,2280.199847,2366.575417
789,-1,166.319999,74.460752,938890.931621,552627.400235,4496.982500,2280.199919,2366.709868
790,-1,165.959999,74.452348,938894.363700,552641.309984,4497.342800,2280.199852,2366.806353
791,-1,165.599995,74.443773,938897.883050,552655.198079,4497.710500,2280.199889,2366.904973
792,-1,165.239998,74.435001,938901.489342,552669.063537,4498.086700,2280.200104,2367.006099
793,-1,164.880000,74.425996,938905.182905,552682.906029,4498.472899,2280.200094,2367.109749
794,-1,164.519998,74.416731,938908.963409,552696.725227,4498.870300,2280.200095,2367.216475
795,-1,164.160001,74.408768,938912.830855,552710.520147,4499.211800,2280.199846,2367.307998
796,-1,163.799999,74.402551,938916.784587,552724.290789,4499.478500,2280.199979,2367.379822
797,-1,163.439999,74.395977,938920.824934,552738.036168,4499.760500,2280.199908,2367.455592
798,-1,163.080001,74.389071,938925.069676,552751.719868,4500.022300,2280.076354,2367.407031
799,-1,162.719998,74.381643,938929.164156,552765.449499,4500.375499,2280.199945,2367.621130
800,-1,162.360003,74.373825,938933.462704,552779.116138,4500.711000,2280.199982,2367.711514
801,-1,162.000000,74.365720,938937.964991,552792.717489,4501.024100,2280.076091,2367.676562
802,-1,161.640001,74.360662,938942.317345,552806.367396,4501.275800,2280.199819,2367.863554
803,-1,161.280002,74.352812,938946.872782,552819.950702,4501.612700,2280.199838,2367.954416
804,-1,160.920002,74.341973,938951.630318,552833.464783,4502.043300,2280.076247,2367.951586
805,-1,160.559999,74.328414,938956.239233,552847.030373,4502.660000,2280.199971,2368.237229
806,-1,160.200000,74.311702,938961.049919,552860.525424,4503.377500,2280.199965,2368.431138
807,-1,159.840001,74.291875,938965.945250,552873.989964,4504.228900,2280.200001,2368.661536
808,-1,159.479997,74.270703,938970.925227,552887.423665,4505.138200,2280.199968,2368.907846
809,-1,159.120000,74.259877,938975.989521,552900.825541,4505.603200,2280.199830,2369.033814
810,-1,158.759997,74.252262,938981.137805,552914.195593,4505.930400,2280.199895,2369.122659
811,-1,158.400001,74.244424,938986.369750,552927.532836,4506.267200,2280.200114,2369.214300
812,-1,158.040002,74.236343,938991.685684,552940.836944,4506.614400,2280.200060,2369.308549
813,-1,157.679997,74.228003,938997.085280,552954.107586,4506.972700,2280.199921,2369.405778
814,-1,157.320001,74.219389,939002.567880,552967.343780,4507.342900,2280.199930,2369.506439
815,-1,156.959999,74.200369,939008.133486,552980.545526,4508.160399,2280.200089,2369.729044
816,-1,156.600000,74.183084,939013.782097,552993.711838,4508.903400,2280.200014,2369.931380
817,-1,156.240001,74.167798,939019.513385,553006.842389,4509.560600,2280.199878,2370.110463
818,-1,155.879998,74.154537,939025.327021,553019.936851,4510.130800,2280.199851,2370.266063
819,-1,155.519996,74.143323,939031.222679,553032.994568,4510.613100,2280.199968,2370.397909
820,-1,155.160002,74.134178,939037.200357,553046.014555,4511.006400,2280.199820,2370.505260
821,-1,154.799999,74.140165,939043.259728,553058.997140,4510.748900,2280.199844,2370.434899
822,-1,154.440003,74.172938,939128.517432,553034.102505,4484.478300,2192.500024,2278.894550
823,-1,154.079997,74.161373,939134.500359,553046.511601,4484.956400,2192.499880,2279.024853
824,-1,153.720000,74.163197,939140.560715,553058.882639,4484.880999,2192.500019,2279.004408
825,-1,153.360004,74.198702,939146.698826,553071.215292,4483.413300,2192.499997,2278.604292
826,-1,152.999997,74.237649,939152.914364,553083.509559,4481.803900,2192.500112,2278.166687
827,-1,152.640004,74.239166,939237.197989,553055.406268,4456.957100,2104.685770,2186.904873
828,-1,152.280000,74.253112,939010.307038,553189.566433,4530.622700,2367.899943,2460.232520
829,-1,151.919999,74.240466,939017.382155,553202.654661,4531.150700,2367.771570,2460.252317
830,-1,151.559996,74.229950,939024.426104,553215.758638,4531.619900,2367.771587,2460.379810
831,-1,151.200002,74.221555,939031.439542,553228.879675,4532.030799,2367.900036,2460.615124
832,-1,150.839999,74.176844,938962.063040,553284.626610,4558.881400,2455.599890,2552.312424
833,-1,150.480002,74.116328,938969.738878,553298.010770,4561.646299,2455.466771,2552.939676
834,-1,150.119998,74.096368,938977.382891,553311.412318,4562.571100,2455.466853,2553.193014
835,-1,149.760004,74.109942,938984.995737,553324.832239,4561.980100,2455.600052,2553.159240
836,-1,149.400000,74.131050,938992.922887,553338.069417,4560.964300,2455.466621,2552.752963
837,-1,149.040003,74.142218,939000.817884,553351.324312,4560.447100,2455.466823,2552.611784
838,-1,148.680001,74.143476,939008.682698,553364.598563,4560.426600,2455.599807,2552.734105
839,-1,148.319998,74.133899,939016.857550,553377.684167,4560.832400,2455.466808,2552.717079
840,-1,147.959999,74.114208,939025.001234,553390.787815,4561.744500,2455.466750,2552.966533
841,-1,147.600004,74.084038,939033.226940,553403.839955,4563.142400,2455.466774,2553.349545
842,-1,147.239999,74.073166,939041.534666,553416.840585,4563.646299,2455.466884,2553.487880
843,-1,146.880001,74.062938,939049.812208,553429.861228,4564.158400,2455.600147,2553.756593
844,-1,146.520000,74.045418,939058.394212,553442.683381,4564.932500,2455.466899,2553.841139
845,-1,146.159996,74.057316,939066.945704,553455.524891,4564.380900,2455.466719,2553.689400
846,-1,145.800004,74.067153,939075.467013,553468.387070,4563.963000,2455.600060,2553.702863
847,-1,145.439997,74.066762,939084.179594,553481.120968,4563.981100,2455.600038,2553.707810
848,-1,145.080001,74.056208,939092.971899,553493.799420,4564.470300,2455.599851,2553.841968
849,-1,144.720004,74.068781,939101.952196,553506.345655,4563.849500,2455.466773,2553.543540
850,-1,144.359997,74.062640,939182.067849,553467.888055,4539.128300,2367.899902,2462.554406
851,-1,143.999998,74.052690,939190.774853,553479.952007,4539.573099,2367.900061,2462.676733
852,-1,143.640001,74.044825,939199.557644,553491.960841,4539.924700,2367.899990,2462.773291
853,-1,143.279999,74.041245,939138.225089,553556.271080,4565.125900,2455.466812,2553.894223
854,-1,142.920000,74.014163,939147.488522,553568.608654,4566.381599,2455.466716,2554.239665
855,-1,142.560002,74.017517,939156.829055,553580.887829,4566.226100,2455.466836,2554.196960
856,-1,142.200001,74.023076,939235.438150,553539.437781,4540.897100,2367.899969,2463.040747
857,-1,141.839995,74.047548,939244.695021,553551.085723,4539.766200,2367.771451,2462.606137
858,-1,141.480001,74.072405,939253.822955,553562.834387,4538.691900,2367.900027,2462.434733
859,-1,141.120001,74.077044,939194.854241,553629.494031,4563.504500,2455.599889,2553.576874
860,-1,140.759998,74.069718,939204.679681,553641.390333,4563.806100,2455.466830,2553.531683
861,-1,140.400000,74.053940,939214.476577,553653.308616,4564.537400,2455.466723,2553.732395
862,-1,140.039998,74.029228,939224.348277,553665.165219,4565.683000,2455.466600,2554.047248
863,-1,139.680001,74.022676,939234.192417,553677.045773,4566.024999,2455.599924,2554.269542
864,-1,139.319996,74.097367,939244.313788,553688.691419,4562.524800,2455.466815,2553.180290
865,-1,138.960001,74.180676,939254.406944,553700.359703,4558.666300,2455.466799,2552.125731
866,-1,138.599995,74.263999,939264.573590,553711.964666,4554.810300,2455.466716,2551.077185
867,-1,138.240003,74.347314,939274.713005,553723.593908,4550.995200,2455.600054,2550.173547
868,-1,137.880004,74.430655,939285.024993,553735.070591,4547.144499,2455.599996,2549.137248
869,-1,137.520001,74.514015,939295.507255,553746.392419,4543.259100,2455.466719,2547.968699
870,-1,137.159999,74.551118,939241.659266,553817.366687,4565.783000,2543.161769,2638.494544
871,-1,136.799998,74.594139,939252.460425,553829.143894,4563.766099,2543.299916,2638.091185
872,-1,136.440001,74.626097,939263.535862,553840.663228,4562.202100,2543.161996,2637.543146
873,-1,136.080001,74.657019,939274.583741,553852.207824,4560.726000,2543.161857,2637.152057
874,-1,135.719999,74.680122,939285.605044,553863.779323,4559.661300,2543.299924,2637.003702
875,-1,135.359998,74.688956,939296.895704,553875.088028,4559.202000,2543.162075,2636.749432
876,-1,134.999999,74.684891,939308.061692,553886.519764,4559.433699,2543.299787,2636.943446
877,-1,134.639999,74.666889,939319.396643,553897.783849,4560.292800,2543.299880,2637.170577
878,-1,134.280000,74.666787,939330.802132,553908.976412,4560.297700,2543.299924,2637.171915
879,-1,133.919998,74.672577,939342.373631,553919.997715,4559.983500,2543.161857,2636.955691
880,-1,133.559998,74.670598,939353.918228,553931.045593,4560.077999,2543.161996,2636.980807
881,-1,133.200001,74.691585,939365.437561,553942.121030,4559.114300,2543.299916,2636.859226
882,-1,132.840000,74.702780,939377.214769,553952.922190,4558.542400,2543.161769,2636.575040
883,-1,132.480001,74.700761,939388.965402,553963.750580,4558.638800,2543.162061,2636.600757
884,-1,132.119996,74.685250,939400.784276,553974.504824,4559.378800,2543.161984,2636.796036
885,-1,131.760003,74.664242,939412.670079,553985.184264,4560.381299,2543.161934,2637.060946
886,-1,131.400004,74.672989,939424.531603,553995.892576,4560.001699,2543.299989,2637.093722
887,-1,131.040001,74.674362,939436.642143,554006.318737,4559.898400,2543.162123,2636.933455
888,-1,130.680000,74.668016,939448.727421,554016.772456,4560.201200,2543.162034,2637.013416
889,-1,130.320001,74.682074,939460.877987,554027.150060,4559.530400,2543.162064,2636.836157
890,-1,129.959995,74.696388,939473.093842,554037.451220,4558.847400,2543.161966,2636.655714
891,-1,129.600000,74.697394,939485.373673,554047.675281,4558.799400,2543.162083,2636.643158
892,-1,129.240001,74.685137,939497.717809,554057.821914,4559.384200,2543.161949,2636.797428
893,-1,128.880000,74.700724,939510.125264,554067.891120,4558.640600,2543.162194,2636.601359
894,-1,128.519998,74.707569,939522.510082,554077.989853,4558.351700,2543.300036,2636.658107
895,-1,128.160001,74.703828,939535.129151,554087.793967,4558.492400,2543.161883,2636.561959
896,-1,127.800002,74.689152,939547.724270,554097.627281,4559.192599,2543.161887,2636.746769
897,-1,127.439999,74.663523,939560.297080,554107.491106,4560.453500,2543.300077,2637.213266
898,-1,127.079997,74.673805,939573.098892,554117.055720,4559.924900,2543.161880,2636.940224
899,-1,126.719999,74.675851,939585.877081,554126.649861,4559.827300,2543.161884,2636.914433
900,-1,126.359999,74.700477,939598.715310,554136.163621,4558.652300,2543.161960,2636.604221
901,-1,126.000001,74.715586,939611.531886,554145.708222,4557.969300,2543.300110,2636.557347
902,-1,125.640001,74.720658,939624.569917,554154.948032,4557.689600,2543.161910,2636.350314
903,-1,125.279999,74.715730,939637.505587,554164.330888,4557.962400,2543.300013,2636.555435
904,-1,124.920002,74.701025,939650.658448,554173.406329,4558.626200,2543.162118,2636.597487
905,-1,124.560002,74.676457,939663.789327,554182.511954,4559.798400,2543.161956,2636.906865
906,-1,124.199995,74.653312,939676.977293,554191.535230,4560.903000,2543.161996,2637.199030
907,-1,123.839998,74.681247,939690.221361,554200.475172,4559.569800,2543.161978,2636.846484
908,-1,123.479997,74.717716,939703.521531,554209.331782,4557.829900,2543.161902,2636.387282
909,-1,123.119997,74.700269,940914.781576,552381.924019,3958.905700,350.780820,363.669764
910,-1,122.759989,74.549917,940916.631309,552383.122508,3959.895800,350.780828,363.932281
911,-1,122.400006,74.400371,940918.488261,552384.309513,3960.882100,350.781122,364.196554
912,-1,122.039999,74.251591,940920.353087,552385.484380,3961.864600,350.780795,364.461675
913,-1,121.680033,74.103607,940922.224802,552386.647763,3962.843400,350.780926,364.728678
914,-1,121.320031,73.956421,940924.104064,552387.799336,3963.818300,350.780891,364.996872
915,-1,120.960025,73.809959,940925.980700,552388.955501,3964.795400,350.799992,365.286462
916,-1,120.600000,73.664479,940927.884240,552390.067048,3965.756299,350.780841,365.537171
917,-1,120.239989,73.519728,940929.784826,552391.183187,3966.719400,350.780996,365.809371
918,-1,119.880004,73.375802,940931.692303,552392.287188,3967.678400,350.781043,366.082624
919,-1,119.519985,73.232694,940933.606997,552393.379049,3968.633300,350.780816,366.356740
920,-1,119.159983,73.090414,940935.528253,552394.459099,3969.584200,350.780928,366.632298
921,-1,118.800012,72.948993,940937.456071,552395.527011,3970.530799,350.781089,366.908900
922,-1,118.440011,72.808392,940939.390778,552396.582783,3971.473300,350.781140,367.186418
923,-1,118.080001,72.668543,940941.323189,552397.643148,3972.418100,350.800173,367.484948
924,-1,117.719977,72.529734,940943.280206,552398.657582,3973.345400,350.780949,367.743917
925,-1,117.360010,72.391688,940945.234271,552399.676609,3974.274999,350.781012,368.024121
926,-1,117.000004,72.254507,940947.194897,552400.683496,3975.200200,350.781125,368.305165
927,-1,116.639967,72.118176,940949.162084,552401.677917,3976.121000,350.781001,368.586741
928,-1,116.279980,71.982721,940951.135177,552402.659870,3977.037300,350.780935,368.869063
929,-1,115.920031,71.848140,940953.114176,552403.629357,3977.949100,350.780921,369.152091
930,-1,115.559984,71.714432,940955.099736,552404.586704,3978.856400,350.780969,369.435800
931,-1,115.200016,71.581616,940957.090874,552405.531256,3979.759000,350.780916,369.719937
932,-1,114.839995,71.449675,940959.088246,552406.463340,3980.657000,350.780777,370.004512
933,-1,114.480002,71.318637,940961.091194,552407.382958,3981.550300,350.780829,370.289722
934,-1,114.119975,71.188491,940963.100049,552408.290108,3982.438899,350.780937,370.575403
935,-1,113.760020,71.059235,940965.114152,552409.184464,3983.322799,350.781069,370.861491
936,-1,113.400024,70.930881,940967.134161,552410.066024,3984.201800,350.780958,371.147632
937,-1,113.040001,70.803449,940969.159748,552410.935116,3985.075900,350.781038,371.434203
938,-1,112.680007,70.676914,940971.190584,552411.791414,3985.945200,350.781139,371.721038
939,-1,112.319990,70.551171,940973.219779,552412.652304,3986.817000,350.799959,372.028168
940,-1,111.960020,70.426572,940975.268331,552413.465295,3987.668900,350.780964,372.294790
941,-1,111.599978,70.302791,940977.315243,552414.283207,3988.523200,350.780995,372.581892
942,-1,111.239978,70.179930,940979.367076,552415.087995,3989.372399,350.780863,372.868847
943,-1,110.879985,70.057987,940981.423831,552415.879988,3990.216600,350.780871,373.155940
944,-1,110.519987,69.936989,940983.485506,552416.659186,3991.055600,350.781017,373.443067
945,-1,110.159987,69.816931,940985.552103,552417.425261,3991.889300,350.780995,373.729871
946,-1,109.800021,69.697787,940987.623293,552418.178212,3992.717900,350.780918,374.016492
947,-1,109.440008,69.578748,940989.699405,552418.918368,3993.547100,350.780983,374.305069
948,-1,109.079999,69.457205,940991.773876,552419.663445,3994.402200,350.800084,374.622174
949,-1,108.719984,69.337081,940993.865407,552420.359310,3995.234400,350.780948,374.897104
950,-1,108.359996,69.218099,940995.954970,552421.060096,3996.067100,350.780954,375.191752
951,-1,108.000022,69.100319,940998.048798,552421.747759,3996.892700,350.781007,375.485528
952,-1,107.639996,68.983760,941000.147219,552422.422298,3997.711000,350.781009,375.778222
953,-1,107.280003,68.868314,941002.243999,552423.101759,3998.530100,350.800047,376.090512
954,-1,106.920008,68.754240,941004.356200,552423.731679,3999.326100,350.781047,376.360505
955,-1,106.560015,68.641286,941006.466760,552424.366520,4000.122800,350.781082,376.649968
956,-1,106.199982,68.529495,941008.581585,552424.987910,4000.912400,350.780857,376.938053
957,-1,105.839979,68.418919,941010.700019,552425.596176,4001.694699,350.780872,377.225108
958,-1,105.479984,68.309434,941012.817141,552426.209364,4002.478000,350.799828,377.531536
959,-1,105.119993,68.201274,941014.948042,552426.772683,4003.238000,350.780894,377.795508
960,-1,104.759992,68.094146,941017.072710,552427.359296,4004.007000,350.799923,378.099403
961,-1,104.400008,67.988302,941019.210501,552427.895712,4004.752700,350.780916,378.360621
962,-1,104.040012,67.883544,941021.346979,552428.437050,4005.499400,350.780849,378.641052
963,-1,103.680016,67.779954,941023.486739,552428.965264,4006.239000,350.781103,378.920359
964,-1,103.319980,67.677500,941025.630107,552429.479699,4006.971399,350.780964,379.197805
965,-1,102.959981,67.576179,941027.776428,552429.980682,4007.696800,350.780906,379.473865
966,-1,102.600004,67.475998,941029.925702,552430.468214,4008.415100,350.780923,379.748461
967,-1,102.240017,67.376909,941032.073992,552430.960995,4009.134600,350.800125,380.042386
968,-1,101.880022,67.278954,941034.229499,552431.421296,4009.838900,350.799904,380.313658
969,-1,101.519996,67.182149,941036.387960,552431.868473,4010.536100,350.800081,380.583655
970,-1,101.160013,67.086475,941038.552654,552432.283171,4011.217999,350.781037,380.831075
971,-1,100.800012,66.991854,941040.716363,552432.702789,4011.901199,350.780860,381.097429
972,-1,100.440002,66.898328,941042.882697,552433.108956,4012.577500,350.780826,381.362246
973,-1,100.080021,66.805909,941045.051328,552433.501672,4013.246799,350.780996,381.625508
974,-1,99.720024,66.714541,941047.219303,552433.899309,4013.917500,350.799973,381.907590
975,-1,99.360013,66.624304,941049.396136,552434.245765,4014.564499,350.780857,382.146272
976,-1,99.000001,66.535105,941051.571984,552434.597471,4015.213099,350.780930,382.404140
977,-1,98.640023,66.446982,941053.749802,552434.935396,4015.854700,350.780932,382.660072
978,-1,98.280013,66.359903,941055.929915,552435.259543,4016.489500,350.780815,382.914071
979,-1,97.919984,66.266875,941070.195635,552348.711487,3978.612700,263.085703,287.390280
980,-1,97.559964,66.168260,941071.831786,552348.948364,3979.159799,263.100068,287.624052
981,-1,97.199992,66.070803,941073.472859,552349.146526,3979.688700,263.085794,287.825115
982,-1,96.839964,65.974244,941075.113604,552349.348625,3980.219800,263.085854,288.040997
983,-1,96.479995,65.878671,941076.755333,552349.540226,3980.746199,263.085759,288.255633
984,-1,96.119992,65.744860,941078.398374,552349.721656,3981.484600,263.085796,288.558216
985,-1,95.760019,65.605717,941080.042400,552349.892587,3982.254000,263.085674,288.875027
986,-1,95.399984,65.467865,941081.687738,552350.053348,3983.018000,263.085688,289.191418
987,-1,95.040022,65.331293,941083.333732,552350.203610,3983.776500,263.085574,289.507069
988,-1,94.679970,65.195982,941084.981038,552350.343702,3984.529700,263.085600,289.822265
989,-1,94.320028,65.061934,941086.628673,552350.473623,3985.277600,263.085848,290.137040
990,-1,93.959975,64.929075,941088.276635,552350.607153,3986.027000,263.100057,290.466681
991,-1,93.600005,64.797559,941089.926895,552350.701969,3986.757199,263.085873,290.764014
992,-1,93.239966,64.667189,941091.577154,552350.800394,3987.489100,263.085677,291.076246
993,-1,92.879981,64.538075,941093.227741,552350.888648,3988.215600,263.085695,291.387854
994,-1,92.519968,64.410166,941094.878984,552350.966404,3988.936800,263.085581,291.698530
995,-1,92.159981,64.283484,941096.530556,552351.033989,3989.652700,263.085678,292.008547
996,-1,91.800009,64.157996,941098.182456,552351.091076,3990.363300,263.085657,292.317571
997,-1,91.440029,64.033685,941099.834355,552351.152099,3991.075700,263.099955,292.641657
998,-1,91.079977,63.910590,941101.487567,552351.174081,3991.768700,263.085578,292.932833
999,-1,90.720032,63.788691,941103.140123,552351.200328,3992.463500,263.085864,293.239307
1000,-1,90.359973,63.667917,941104.793335,552351.215748,3993.153100,263.085702,293.544399
1001,-1,90.000000,63.548322,941106.446219,552351.220997,3993.837499,263.085759,293.848672
