"OBJECTID","FEATURE_ID","HORIZ_ANG","ZENITH_ANG","VERTEX_X","VERTEX_Y","VERTEX_Z","DIST_2D","DIST_3D"
1,-1,90.000000,80.320888,940178.241382,554790.681669,4676.976200,4560.152625,4626.004587
2,-1,89.639997,80.295121,940206.895196,554790.839149,4679.129100,4560.400124,4626.610999
3,-1,89.279998,80.268317,940236.649730,554878.262203,4696.365900,4648.100154,4715.962145
4,-1,88.920000,80.224377,940265.850787,554877.803214,4700.035800,4648.099893,4716.583613
5,-1,88.560000,80.187628,940295.048563,554877.161155,4703.105900,4648.100030,4717.105992
6,-1,88.199999,80.170610,940324.241746,554876.335369,4704.527800,4648.099882,4717.348377
7,-1,87.840001,80.154544,940353.429024,554875.326513,4705.870400,4648.100067,4717.577947
8,-1,87.479998,80.143705,940382.609740,554874.133930,4706.776199,4648.099908,4717.732759
9,-1,87.120000,80.146463,940411.781925,554872.758277,4706.545700,4648.099980,4717.693379
10,-1,86.759999,80.150108,940440.945253,554871.199225,4706.241100,4648.099939,4717.641222
11,-1,86.399998,80.155702,940470.098082,554869.457102,4705.773600,4648.100027,4717.561356
12,-1,86.039998,80.165151,940499.239428,554867.531581,4704.984000,4648.099856,4717.426253
13,-1,85.679999,80.175398,940528.348950,554865.171678,4704.084099,4647.847636,4717.024104
14,-1,85.319999,80.186304,940557.482750,554863.131984,4703.216500,4648.100043,4717.124854
15,-1,84.959999,80.175408,940609.696228,555122.740388,4749.688500,4911.199967,4984.295898
16,-1,84.599999,80.161993,940640.426153,555119.932979,4750.872900,4911.200016,4984.498180
17,-1,84.240000,80.148345,940679.939526,555204.189700,4767.307900,4998.900014,5073.716809
18,-1,83.879999,80.122182,940711.179949,555200.939379,4769.659600,4998.900120,5074.119813
19,-1,83.520001,80.110529,940742.399046,555197.492535,4770.707100,4998.899898,5074.299396
20,-1,83.159998,80.104640,940784.008215,555280.651490,4786.487100,5086.323836,5163.134505
21,-1,82.799999,80.088460,940815.761432,555277.019607,4788.015499,5086.599927,5163.669349
22,-1,82.440000,80.092777,940847.456579,555272.914300,4787.620500,5086.599851,5163.601299
23,-1,82.079998,80.095415,940891.209772,555355.473519,4802.692500,5174.299932,5252.586757
24,-1,81.719999,80.101527,940923.396388,555350.892819,4802.123800,5174.300065,5252.489097
25,-1,81.359998,80.114351,940955.553804,555346.109692,4800.930400,5174.299949,5252.283966
26,-1,80.999998,80.127848,940987.680380,555341.124794,4799.674600,5174.299992,5252.068555
27,-1,80.640000,80.179335,941019.774804,555335.938125,4794.884800,5174.299989,5251.249460
28,-1,80.279998,80.239299,941051.836420,555330.550012,4789.308300,5174.300161,5250.301350
29,-1,79.920000,80.252701,940991.766002,554806.882424,4697.670000,4648.099887,4716.182494
30,-1,79.560000,80.249421,941004.612105,554715.432476,4682.873400,4560.399912,4627.243451
31,-1,79.200000,80.237120,941032.775106,554710.151975,4683.881500,4560.400145,4627.414518
32,-1,78.840000,80.224282,941060.904315,554704.694308,4684.933600,4560.400055,4627.592951
33,-1,78.480000,80.214969,941088.998747,554699.060133,4685.696900,4560.400100,4627.722658
34,-1,78.120000,80.207786,941099.002992,554607.427771,4671.149500,4472.699900,4538.825968
35,-1,77.760000,80.176393,941126.485549,554601.556063,4673.673299,4472.699878,4539.255864
36,-1,77.399998,80.142820,941153.930704,554595.511784,4676.373000,4472.699852,4539.717228
37,-1,77.040000,80.135279,941181.337145,554589.295261,4676.979500,4472.699860,4539.821104
38,-1,76.680000,80.089892,941127.883512,554241.543660,4619.342000,4121.899855,4184.334389
39,-1,76.320000,80.018909,941153.066532,554235.497740,4624.605600,4121.899844,4185.243470
40,-1,75.960000,79.961513,941178.211167,554229.294012,4628.863400,4121.900149,4185.983846
41,-1,75.600001,79.915758,941203.316104,554222.931820,4632.258600,4121.899818,4186.576671
42,-1,75.240002,79.868094,941228.380686,554216.412476,4635.796600,4121.899961,4187.197751
43,-1,74.879998,79.817714,941230.528319,554125.071780,4623.785600,4034.200158,4098.754264
44,-1,74.519999,79.761797,941254.977418,554118.383145,4627.850400,4034.200044,4099.474681
45,-1,74.159998,79.721902,941279.384193,554111.540967,4630.751399,4034.199925,4099.991183
46,-1,73.799999,79.681480,941303.747333,554104.545902,4633.691500,4034.200077,4100.516944
47,-1,73.439998,79.643804,941328.066182,554097.397623,4636.432500,4034.200004,4101.008728
48,-1,73.080000,79.620768,941352.339428,554090.096784,4638.108800,4034.199965,4101.310364
49,-1,72.720002,79.610595,941376.566413,554082.643715,4638.849100,4034.200084,4101.443920
50,-1,72.360001,79.598826,941400.746155,554075.038415,4639.705700,4034.200072,4101.598472
51,-1,72.000000,79.585405,941424.877668,554067.281213,4640.682500,4034.199949,4101.774815
52,-1,71.639998,79.583367,941448.891072,554059.164759,4640.790599,4033.980921,4101.578939
53,-1,71.280000,79.581726,941472.992073,554051.313069,4640.950300,4034.200034,4101.823317
54,-1,70.920000,79.578069,941496.972997,554043.102456,4641.216500,4034.199931,4101.871362
55,-1,70.559999,79.572665,941520.902083,554034.741580,4641.609900,4034.200140,4101.942750
56,-1,70.199997,79.565361,941544.778019,554026.230114,4642.141600,4034.199919,4102.038797
57,-1,69.839999,79.559016,941568.599822,554017.569042,4642.603500,4034.199863,4102.122423
58,-1,69.480002,79.559895,941592.290063,554008.553640,4642.499200,4033.981100,4101.888382
59,-1,69.120000,79.565163,941616.078073,553999.798736,4642.156000,4034.199841,4102.041329
60,-1,68.760001,79.570225,941607.960964,553908.947540,4625.644400,3946.499805,4012.801199
61,-1,68.400001,79.565328,941631.044907,553899.892112,4625.993200,3946.500146,4012.864692
62,-1,68.039999,79.557153,941654.071436,553890.691343,4626.575400,3946.500019,4012.970053
63,-1,67.680000,79.545624,941677.039566,553881.346217,4627.396500,3946.499971,4013.118915
64,-1,67.319999,79.541366,941699.948640,553871.857063,4627.699800,3946.500059,4013.174048
65,-1,66.959997,79.551018,941722.797676,553862.223880,4627.012300,3946.499908,4013.049157
66,-1,66.600001,79.516897,941675.925723,553691.473566,4596.987800,3771.100020,3835.113402
67,-1,66.239996,79.446527,941697.559538,553681.807575,4601.740900,3770.895272,3835.779769
68,-1,65.879999,79.419561,941719.298011,553672.380428,4603.615699,3771.100168,3836.325000
69,-1,65.520001,79.421747,941740.893112,553662.629791,4603.466799,3771.100100,3836.297595
70,-1,65.160002,79.432934,941762.426534,553652.743656,4602.704800,3771.100031,3836.157714
71,-1,64.800000,79.440923,941783.897620,553642.722351,4602.160699,3771.099987,3836.057927
72,-1,64.439999,79.454205,941805.305385,553632.566531,4601.256200,3771.100149,3835.892440
73,-1,64.080001,79.463062,941826.648518,553622.276198,4600.653000,3771.099950,3835.781893
74,-1,63.719998,79.467415,941847.927019,553611.852006,4600.356600,3771.099985,3835.727735
75,-1,63.360000,79.469468,941869.139247,553601.294284,4600.216799,3771.099825,3835.702026
76,-1,63.000000,79.481990,941890.284874,553590.603689,4599.364200,3771.099910,3835.546381
77,-1,62.639999,79.492879,941911.269084,553579.598789,4598.584900,3770.895540,3835.203256
78,-1,62.279998,79.511431,941932.277572,553568.643759,4597.322000,3770.895491,3834.973110
79,-1,61.920001,79.527701,941953.312963,553557.737613,4596.252400,3771.100101,3834.979747
80,-1,61.559999,79.556247,941974.183328,553546.518803,4594.309500,3771.100045,3834.627026
81,-1,61.199997,79.585729,941994.982827,553535.169088,4592.303300,3771.100012,3834.263836
82,-1,60.839998,79.615713,942015.710476,553523.689124,4590.263400,3771.100102,3833.895710
83,-1,60.479997,79.646195,942036.365619,553512.078911,4588.189900,3771.100000,3833.522404
84,-1,60.120000,79.715175,942056.947270,553500.339434,4583.499300,3771.100077,3832.682235
85,-1,59.760001,79.807006,942077.454775,553488.470691,4577.257900,3771.100010,3831.572740
86,-1,59.400000,79.918017,942097.887477,553476.473340,4569.717800,3771.100038,3830.245628
87,-1,59.039998,80.018206,942163.360771,553539.552938,4578.352300,3858.800088,3918.108959
88,-1,58.679998,80.111369,942184.112698,553527.014905,4571.885400,3858.800172,3916.993278
89,-1,58.320000,80.201746,942204.675321,553514.168474,4565.579199,3858.590729,3915.708832
90,-1,57.959999,80.305089,942225.378036,553501.548749,4558.450000,3858.800122,3914.708295
91,-1,57.599999,80.454451,942245.889806,553488.621609,4548.101599,3858.799964,3912.978746
92,-1,57.240001,80.632977,942266.206694,553475.390008,4535.710000,3858.590652,3910.736396
93,-1,56.879998,80.806589,942286.667939,553462.382160,4523.739800,3858.799957,3909.012609
94,-1,56.520000,80.960604,942355.311831,553522.219639,4527.052100,3946.500058,3996.129807
95,-1,56.160002,81.109055,942375.950897,553508.475900,4516.572400,3946.500057,3994.496711
96,-1,55.800001,81.257583,942396.503350,553494.602568,4506.095700,3946.499984,3992.890837
97,-1,55.439999,81.423494,942416.968204,553480.600300,4494.402800,3946.499835,3991.130188
98,-1,55.079999,81.592315,942437.344803,553466.470079,4482.515300,3946.500050,3989.374937
99,-1,54.719998,81.762760,942457.632164,553452.211905,4470.523900,3946.500069,3987.639268
100,-1,54.359999,81.934833,942477.829303,553437.826435,4458.428400,3946.499861,3985.924090
101,-1,54.000000,82.146514,942497.935890,553423.314653,4443.562900,3946.500038,3983.865834
102,-1,53.639998,82.358609,942517.950941,553408.676559,4428.683500,3946.500025,3981.859976
103,-1,53.279998,82.576447,942485.437227,553323.615706,4401.989700,3858.800041,3891.417378
104,-1,52.920001,82.743542,942610.579693,553448.991439,4412.883100,4034.200025,4066.771939
105,-1,52.559998,82.870535,942684.069376,553503.278076,4414.768500,4121.900066,4154.017916
106,-1,52.199998,82.976383,942704.583114,553487.469052,4407.036400,4121.900140,4153.065431
107,-1,51.840002,83.116896,942724.996787,553471.531420,4396.777400,4121.899986,4151.823309
108,-1,51.480000,83.256404,942745.310395,553455.465836,4386.597800,4121.900123,4150.615784
109,-1,51.120002,83.391398,942765.522297,553439.272955,4376.753200,4121.900049,4149.471212
110,-1,50.760000,83.501426,942841.108760,553490.877182,4378.723199,4209.600058,4236.823031
111,-1,50.399999,83.637694,942861.541462,553474.081612,4368.584200,4209.600049,4235.687485
112,-1,50.040000,83.773074,942881.868193,553457.158089,4358.516600,4209.600091,4234.583705
113,-1,49.679997,83.907553,942902.088297,553440.106942,4348.521200,4209.600016,4233.511125
114,-1,49.319999,84.043481,942922.200789,553422.929483,4338.423100,4209.600193,4232.451470
115,-1,48.960001,84.188833,942942.204686,553405.625712,4327.630500,4209.599980,4231.344886
116,-1,48.600000,84.352957,942961.948741,553388.025354,4315.428100,4209.371640,4229.899578
117,-1,48.239998,84.512397,942981.885053,553370.642843,4303.625100,4209.600040,4228.981828
118,-1,47.880000,84.667434,943001.559226,553352.965056,4292.132100,4209.599779,4227.897967
119,-1,47.519998,84.863400,943021.122507,553335.164239,4277.613400,4209.600074,4226.573665
120,-1,47.159999,85.058679,942146.094402,552352.643238,4149.420499,2894.099887,2904.896117
121,-1,46.799996,85.186191,942159.389323,552340.237095,4142.932800,2894.100071,2904.344672
122,-1,46.440001,85.313128,942172.605504,552327.747619,4136.476700,2894.099859,2903.809805
123,-1,46.080001,85.439205,942246.576812,552378.346599,4137.062500,2981.800077,2991.271872
124,-1,45.719999,85.563484,942260.031182,552365.308567,4130.554699,2981.800191,2990.761542
125,-1,45.359999,85.689278,942273.403202,552352.186218,4123.969800,2981.800163,2990.259350
126,-1,45.000000,85.818174,942224.679218,552276.966880,4110.812500,2894.100142,2901.825795
127,-1,44.640001,85.944928,942362.300006,552387.313116,4116.811300,3069.499895,3077.203547
128,-1,44.279997,86.069376,942375.808509,552373.547724,4110.111800,3069.500014,3076.737167
129,-1,43.920000,86.194011,942389.230070,552359.698014,4103.404200,3069.500200,3076.284835
130,-1,43.560003,86.324729,942402.564033,552345.763987,4096.371300,3069.499978,3075.825787
131,-1,43.199996,86.460574,942415.810726,552331.746298,4089.064799,3069.500043,3075.366137
132,-1,42.839997,86.598182,943200.646755,553033.228819,4144.223199,4121.900079,4129.175909
133,-1,42.480000,86.714798,943218.196588,553014.183254,4135.805100,4121.899854,4128.684723
134,-1,42.119999,86.767678,943300.677394,553053.846888,4136.941400,4209.599779,4216.307439
135,-1,41.760001,86.880197,943318.355181,553034.172715,4128.649000,4209.600040,4215.848264
136,-1,41.399998,86.989259,943335.908951,553014.387321,4120.613100,4209.599908,4215.418424
137,-1,41.039998,87.094863,943353.338050,552994.492348,4112.833499,4209.599980,4215.017047
138,-1,40.680000,87.207264,943370.641821,552974.488451,4104.554800,4209.600193,4214.605784
139,-1,40.320002,87.335219,943387.819280,552954.375959,4095.132400,4209.600016,4214.157027
140,-1,39.959999,87.469811,943404.870427,552934.155855,4085.223400,4209.600091,4213.708034
141,-1,39.600000,87.603428,943421.793950,552913.829124,4075.388200,4209.600049,4213.285267
142,-1,39.239999,87.736069,943438.589520,552893.396422,4065.626699,4209.600058,4212.888379
143,-1,38.880002,87.892735,943455.256153,552872.858733,4054.099500,4209.599980,4212.448693
144,-1,38.519997,88.064148,943471.793850,552852.216386,4041.489800,4209.600025,4212.003924
145,-1,38.160002,88.220976,943557.158509,552885.657264,4032.679300,4297.299944,4299.372272
146,-1,37.800000,88.309336,947315.790755,555766.979913,4165.828899,9033.100203,9037.034195
147,-1,37.440000,88.310389,947420.069090,555775.339805,4168.249700,9120.800125,9124.767363
148,-1,37.079999,88.339040,947384.798491,555676.851813,4161.141800,9033.100080,9036.897002
149,-1,36.719999,88.352196,947418.876179,555631.464436,4159.065900,9033.099986,9036.836976
150,-1,36.360001,88.381100,947452.273094,555585.573452,4154.491500,9032.609697,9036.216500
151,-1,36.000000,88.444293,947486.172632,555540.051890,4144.534900,9033.099800,9036.430615
152,-1,35.639999,88.527043,947519.389101,555494.030328,4131.479500,9033.099999,9036.085799
153,-1,35.280000,88.634016,947552.315545,555447.801090,4114.604100,9033.100096,9035.667861
154,-1,34.920001,88.774003,947584.950650,555401.365815,4092.522900,9033.099971,9035.168317
155,-1,34.559999,88.921027,947617.293761,555354.726145,4069.334000,9033.100034,9034.701974
156,-1,34.200000,89.027076,947721.877870,555357.179224,4054.098700,9120.800048,9122.115175
157,-1,33.839999,89.125072,947826.783828,555358.518132,4039.834099,9208.500074,9209.573816
158,-1,33.480000,89.240435,947858.852661,555310.360092,4021.289399,9208.500045,9209.309281
159,-1,33.119999,89.362874,947964.069642,555309.920132,4002.583499,9296.200058,9296.774840
160,-1,32.759999,89.459556,943791.836517,552555.763239,3939.739400,4297.066890,4297.258057
161,-1,32.400000,89.466130,1081164.793726,639703.315977,5455.140400,166980.799924,166988.048899
162,-1,32.040000,89.469623,1081872.864160,638908.762776,5446.584300,167156.200190,167163.362139
163,-1,31.679999,89.547526,1081300.102839,637321.130453,5208.831100,165831.699728,165836.870908
164,-1,31.320000,89.620512,1081402.687935,636163.873253,4994.151100,165314.500123,165318.126217
165,-1,30.959999,89.655527,944013.700903,552531.462762,3926.096999,4472.700047,4472.780884
166,-1,30.599999,89.709191,944028.082108,552507.318454,3921.907700,4472.699814,4472.757426
167,-1,30.239999,89.730604,1083527.671874,633795.920968,4679.380200,165928.400070,165930.234199
168,-1,29.880000,89.803200,1083365.516687,632500.369097,4466.427900,165139.100129,165140.074277
169,-1,29.520000,89.857884,944146.627474,552477.562936,3910.517600,4560.400145,4560.414174
170,-1,29.159999,89.804402,1114256.213107,647359.992265,4579.725200,199342.100083,199343.261666
171,-1,28.800000,89.732281,1111865.823531,644616.576164,4814.672000,195921.800101,195923.938897
172,-1,28.439999,89.791686,1111838.547339,643201.846382,4608.983300,195220.200001,195221.490293
173,-1,28.080000,89.856000,1112806.195666,642327.848458,4390.949500,195658.699892,195659.317833
174,-1,27.720000,89.905056,1113449.679615,641277.236714,4223.555700,195735.776711,195736.045448
175,-1,27.359999,89.922997,1113862.548212,640106.143912,4162.030499,195560.386037,195560.562649
176,-1,27.000000,90.050933,1076925.467559,619906.721056,3762.774100,153474.999919,153475.060560
177,-1,26.640000,90.101607,1086767.341248,623764.928235,3608.371900,163999.000191,163999.258072
178,-1,26.280000,90.094907,1076453.422243,617522.740260,3647.450900,151984.099856,151984.308366
179,-1,25.919999,90.099591,1075927.004989,616205.154640,3636.856400,150931.699928,150931.927936
180,-1,25.560000,90.067195,950463.470812,555149.559560,3885.835100,11401.000203,11401.008043
181,-1,25.200000,90.049109,950493.614780,555084.575438,3889.434400,11400.381341,11400.385529
182,-1,24.839999,90.028529,950444.884891,554983.084828,3893.572799,11313.299934,11313.301337
183,-1,24.480000,89.968452,950314.910741,554845.802950,3905.338699,11137.900112,11137.901801
184,-1,24.120000,89.877429,950183.622946,554710.344559,3922.657700,10962.500047,10962.525132
185,-1,23.759999,89.837287,950291.290382,554682.484051,3930.585500,11049.600148,11049.644705
186,-1,23.399999,89.837450,950158.639400,554549.432808,3930.058099,10874.799966,10874.843731
187,-1,23.039999,89.844254,950104.874416,554452.315876,3928.528400,10787.100047,10787.139901
188,-1,22.680000,89.850422,950131.204416,554389.862261,3927.367000,10787.099979,10787.136737
189,-1,22.320000,89.892574,950076.012597,554293.937584,3919.266699,10699.400169,10699.418975
190,-1,21.959999,89.958036,950101.348176,554231.668023,3907.042300,10699.400057,10699.402926
191,-1,21.600000,90.056161,950126.292024,554169.240983,3888.718500,10699.400137,10699.405277
192,-1,21.240000,90.109608,1133826.547326,625497.330282,3501.752400,207761.299966,207761.680136
193,-1,20.879999,90.147634,1052191.107579,592959.287746,3590.294100,119885.899979,119886.297967
194,-1,20.520000,90.061314,1052944.059813,592436.812085,3770.354400,120405.565214,120405.634159
195,-1,20.160000,89.989369,1026209.913807,581815.846779,3916.210100,91646.499968,91646.501546
196,-1,19.799999,89.945474,1026814.544815,581421.517515,3986.834000,92080.002358,92080.044054
197,-1,19.440000,90.001229,1027013.524732,580878.216764,3897.230000,92084.999848,92084.999869
198,-1,19.080000,90.037794,1027287.256796,580360.681382,3838.405400,92172.700114,92172.720167
199,-1,18.720000,90.012203,1027640.970328,579869.061630,3879.535999,92348.099972,92348.102067
200,-1,18.359999,89.966291,1031399.652443,580505.138114,3955.752700,96113.983323,96113.999957
201,-1,17.999999,89.887289,1042936.474185,583618.702753,4111.750900,108046.399997,108046.609052
202,-1,17.640000,89.821801,1042893.499534,582892.670413,4234.429200,107783.299893,107783.821191
203,-1,17.279999,89.775873,1042594.243243,582090.347542,4318.770000,107257.099866,107257.920480
204,-1,16.920000,89.648091,1042288.979745,581293.081092,4554.751900,106730.900065,106732.913242
205,-1,16.560000,89.652334,1041641.510896,580400.929661,4541.524699,105853.899946,105855.848715
206,-1,16.200000,89.750126,1043260.775046,580178.773609,4367.352900,107344.800056,107345.820881
207,-1,15.839999,89.749243,1043868.758410,579650.189365,4370.925300,107783.299888,107784.332136
208,-1,15.479999,89.826295,1031880.886060,575627.454300,4187.688899,95154.499911,95154.937212
209,-1,15.119999,89.777586,1032207.976614,575096.523603,4269.264400,95329.900095,95330.618352
210,-1,14.759999,89.823679,1031938.366260,574406.079774,4191.223499,94891.399877,94891.849202
211,-1,14.399999,89.787154,1031573.824667,573696.926337,4249.740999,94360.078665,94360.729758
212,-1,14.039999,89.843858,1031213.951043,572995.798146,4154.935600,93838.999944,93839.348400
213,-1,13.680000,90.012327,1031094.620901,572359.934588,3879.073399,93570.821597,93570.823763
214,-1,13.319999,90.068249,1031317.204445,571808.460954,3787.642200,93658.516610,93658.583056
215,-1,12.959999,90.042419,1031712.334560,571295.541376,3829.666800,93926.699923,93926.725665
216,-1,12.600000,89.989581,1032014.058038,570758.266204,3916.317400,94102.099943,94102.101499
217,-1,12.239999,90.231528,1032141.224122,570180.843146,3518.943300,94102.100015,94102.868324
218,-1,11.879999,90.408000,1141429.765059,592567.512611,2434.712499,205656.499921,205661.714232
219,-1,11.520000,90.471864,1138598.203465,590671.660432,2231.466400,202499.299902,202506.167353
220,-1,11.159999,90.467070,1138074.009632,589271.392235,2254.847200,201709.999974,201716.702346
221,-1,10.799999,90.374451,1133663.486629,587139.813493,2611.881700,196974.199850,196978.406457
222,-1,10.439999,90.200220,1134667.807127,586066.415049,3208.117700,197763.499941,197764.707448
223,-1,10.079999,90.283998,1134630.091323,584797.653151,2920.245300,197500.400036,197502.826254
224,-1,9.719999,90.239627,1030076.913618,565629.489716,3517.745800,91207.999976,91208.797665
225,-1,9.359999,90.137879,1030344.957702,565092.866117,3679.295199,91383.399997,91383.664601
226,-1,8.999999,90.215101,1028872.581381,564278.332313,3562.074400,89799.926083,89800.558919
227,-1,8.639999,90.188545,1032258.694360,564222.149683,3592.714100,93137.399946,93137.904238
228,-1,8.279999,90.142419,1031997.645013,563592.799892,3668.566700,92786.600139,92786.886788
229,-1,7.919999,90.189549,1031992.926191,563003.537291,3592.532200,92698.900134,92699.407414
230,-1,7.560000,90.296521,1065194.624223,566822.452553,3246.531900,126112.600101,126114.288991
231,-1,7.200000,90.264025,1065905.464993,566113.571097,3315.232600,126726.499918,126727.845427
232,-1,6.839999,90.161664,1003391.844613,557813.057514,3719.565200,63666.744627,63666.998062
233,-1,6.480000,90.115508,1003180.253173,557386.425165,3771.376500,63407.100067,63407.228920
234,-1,6.119999,90.133433,1004095.972798,557083.931020,3749.496900,64284.099962,64284.274288
235,-1,5.760000,90.148482,1004399.543713,556708.596797,3731.931000,64547.200055,64547.416802
236,-1,5.399999,90.183610,1004700.910893,556329.716977,3691.513800,64810.299908,64810.632694
237,-1,5.039999,90.281282,1004825.320421,555931.895922,3580.599800,64898.000065,64898.782133
238,-1,4.679999,90.357257,1103280.826594,563582.685739,2878.793999,163648.200085,163651.381392
239,-1,4.319999,90.271125,1103090.305977,562537.138617,3126.097200,163376.232756,163378.061951
240,-1,3.959999,90.282803,1103698.204040,561550.247546,3090.157700,163911.299837,163913.296512
241,-1,3.599999,90.359589,1103932.266236,560533.058964,2869.438100,164077.794897,164081.026326
242,-1,3.239999,90.292772,1080186.387218,558156.253022,3182.634700,140232.300134,140234.130922
243,-1,2.879999,90.250251,1010862.750931,553786.515370,3590.084300,70773.900054,70774.575132
244,-1,2.520000,90.266028,1010967.471522,553346.011330,3570.205700,70857.754224,70858.518012
245,-1,2.159999,90.275856,1011160.915033,552907.781235,3557.207200,71033.144643,71033.967938
246,-1,1.799999,90.249245,1011092.532296,552459.100374,3590.563700,70949.300109,70949.971431
247,-1,1.440000,90.233419,1028902.612489,552460.885476,3537.631400,88752.400070,88753.136589
248,-1,1.080000,90.198341,1029002.559140,551905.026351,3591.665700,88840.099990,88840.632299
249,-1,0.720000,90.154514,1033483.673865,551403.101502,3647.559899,93312.800070,93313.139389
250,-1,0.360000,90.083904,1033576.897760,550817.377936,3762.428600,93400.500024,93400.600174
251,-1,0.000000,90.025414,1022962.548254,550230.529044,3862.485500,82784.306872,82784.315016
252,-1,359.640000,89.956510,1015598.752614,549756.641868,3956.454300,75421.999997,75422.021724
253,-1,359.280000,89.843306,1022785.118491,549192.405792,4125.138800,82613.399915,82613.708857
254,-1,358.920000,89.829866,1019357.272984,548737.862738,4134.362100,79193.100066,79193.449202
255,-1,358.559999,89.781950,1016803.834522,548304.312096,4190.912400,76649.799971,76650.355043
256,-1,358.199999,89.761739,1018806.323955,547759.541860,4226.338600,78666.899943,78667.580123
257,-1,357.839999,89.727235,1018609.714112,547272.330564,4272.858800,78487.240063,78488.129479
258,-1,357.479999,89.845886,1017888.695869,546810.439099,4108.433399,77785.678320,77785.959709
259,-1,357.120000,89.979172,1017782.300084,546326.435146,3927.451100,77702.199944,77702.205078
260,-1,356.759999,90.076042,1017668.678592,545843.871151,3796.196400,77614.500104,77614.568461
261,-1,356.399999,90.158779,1017635.383055,545357.338659,3684.129700,77610.287853,77610.585866
262,-1,356.039999,90.295696,1017778.206917,544858.648056,3497.760400,77785.678349,77786.714257
263,-1,355.680000,90.444992,1017917.814905,544357.970907,3293.702999,77961.068685,77963.420041
264,-1,355.319999,90.327918,1041483.651960,541937.308426,3317.463399,101644.299990,101645.964725
265,-1,354.959999,90.174543,1041167.461975,541324.069167,3590.361999,101381.199951,101381.670375
266,-1,354.600000,90.271473,1041895.305008,540615.435741,3415.108100,102170.499910,102171.646764
267,-1,354.239999,90.254023,1042356.427445,539923.712059,3443.892900,102696.699964,102697.709290
268,-1,353.880000,90.230337,1088680.146805,534307.822701,3298.782300,149353.100040,149354.306935
269,-1,353.520000,90.185569,1043613.079459,538482.190664,3562.046100,104099.900013,104100.446010
270,-1,353.160000,90.086256,1043444.540755,537843.643713,3742.627500,104006.555150,104006.673012
271,-1,352.799999,89.900895,1043196.257130,537216.327054,4078.812400,103836.799941,103836.955274
272,-1,352.439999,89.932891,1043628.464927,536500.822908,4021.435300,104357.336024,104357.407605
273,-1,352.079999,89.985507,1043980.084631,535789.899789,3925.714700,104801.500157,104801.503509
274,-1,351.720000,90.024067,1044060.874496,535112.723650,3855.110600,104976.899852,104976.909113
275,-1,351.360000,89.983729,1043963.836632,534460.312553,3929.017300,104976.899885,104976.904118
276,-1,351.000000,89.903761,1043857.074378,533809.415233,4075.524699,104971.202671,104971.350751
277,-1,350.640000,89.945835,1043757.473200,533157.383728,3998.446000,104976.900101,104976.947009
278,-1,350.280000,89.935465,1043561.714405,532521.724239,4017.347100,104889.199929,104889.266463
279,-1,349.919999,90.010407,1043362.060605,531887.849850,3880.168999,104801.500129,104801.501858
280,-1,349.560000,90.075413,1045573.473833,530810.816243,3758.148600,107169.399870,107169.492700
281,-1,349.199999,90.007981,1045190.936868,530198.285972,3884.312900,106906.299981,106906.301018
282,-1,348.840000,90.072773,1045062.998476,529538.871609,3763.419599,106906.299898,106906.386132
283,-1,348.480000,90.107102,1048190.522404,528215.915265,3693.148400,110232.917368,110233.109958
284,-1,348.119999,90.007530,1013212.376481,534866.446583,3889.396800,74632.700068,74632.700713
285,-1,347.759999,89.931695,1013196.143574,534390.132575,3988.278300,74716.344937,74716.398030
286,-1,347.399999,90.015715,1052469.566340,525130.444074,3867.646500,115062.400141,115062.404469
287,-1,347.040000,89.979003,1052395.108155,524405.728660,3941.402700,115150.099883,115150.107615
288,-1,346.679999,89.948661,1052480.559428,523641.991014,4002.613300,115406.936503,115406.982830
289,-1,346.319999,89.956249,1052992.942918,522770.985538,3987.865500,116108.498449,116108.532298
290,-1,345.960000,90.041567,1013347.129493,531933.209996,3844.488600,75421.999918,75422.019766
291,-1,345.600000,90.077830,1013396.636284,531431.240527,3796.520200,75593.297326,75593.367070
292,-1,345.239999,90.201440,1013026.621604,531037.554635,3634.344100,75334.300073,75334.765675
293,-1,344.880000,90.321730,1012989.255209,530557.341028,3475.687500,75421.999848,75423.188934
294,-1,344.520000,90.382552,1012775.750058,530124.745765,3396.233400,75330.211650,75331.890781
295,-1,344.159999,90.364334,1012483.183058,529715.761675,3421.276199,75158.900144,75160.419689
296,-1,343.800000,90.329973,1012268.640836,529286.332087,3466.857099,75071.200067,75072.445045
297,-1,343.440000,90.283813,1012051.559905,528858.787339,3527.773900,74983.499912,74984.419854
298,-1,343.079999,90.285443,1012251.474204,528305.523025,3523.893100,75334.300144,75335.235036
299,-1,342.719999,90.334667,1012024.652479,527880.372957,3459.705900,75242.516336,75243.799910
300,-1,342.360000,90.375449,1011970.272995,527401.579295,3405.546100,75334.299954,75335.917395
301,-1,341.999999,90.404673,1011908.825939,526923.849280,3366.499600,75421.999990,75423.881222
302,-1,341.640000,90.396970,1035561.213345,518574.779035,3202.894400,100498.745510,100501.157699
303,-1,341.280000,90.463569,1011776.410849,525968.026716,3287.547800,75597.400023,75599.874444
304,-1,340.919999,90.445407,1033746.976816,517866.022907,3129.519799,99007.926492,99010.918211
305,-1,340.560000,90.400928,1033464.146017,517306.155917,3206.960500,98925.600071,98928.022083
306,-1,340.200000,90.496572,1032755.320007,516900.729890,3046.421200,98394.059771,98397.755260
307,-1,339.839999,90.558188,1043086.940420,512449.048505,2831.179800,109624.999928,109630.202450
308,-1,339.479999,90.509992,1042759.819683,511836.029718,2924.236500,109531.355260,109535.694414
309,-1,339.120000,90.513708,1032279.529948,515097.299442,3015.370800,98574.799912,98578.762126
310,-1,338.760000,90.424822,1032383.935579,514392.221128,3165.704400,98925.600107,98928.319410
311,-1,338.400000,90.347585,1032238.479505,513781.302402,3298.533400,99013.299945,99015.121944
312,-1,338.039999,90.262337,1031926.309526,513236.390106,3446.257500,98925.599942,98926.636889
313,-1,337.679999,90.205746,1031687.092485,512662.693091,3543.986900,98920.231137,98920.868925
314,-1,337.320000,90.169332,1031049.603930,512255.479994,3608.136199,98487.100077,98487.530192
315,-1,336.960000,90.086124,1030082.868331,511994.182945,3752.351000,97697.799923,97697.910296
316,-1,336.600000,89.993135,1029996.948555,511362.503762,3910.931900,97867.888235,97867.888937
317,-1,336.239999,90.009313,1029510.175251,510904.925937,3883.340800,97604.802486,97604.803775
318,-1,335.880000,89.982591,1028865.943271,510521.444748,3928.730300,97171.599976,97171.604461
319,-1,335.520000,90.020884,1028135.797094,510183.035320,3863.978099,96645.400099,96645.406519
320,-1,335.160000,90.121240,1027802.850253,509668.017321,3694.885100,96557.700040,96557.916216
321,-1,334.800000,90.177091,1027462.169832,509157.830022,3601.048500,96464.764399,96465.225177
322,-1,334.440000,90.251871,1026574.167343,508910.674020,3478.206200,95768.400017,95769.325374
323,-1,334.080000,90.273135,1025997.331883,508521.991726,3444.336400,95417.599946,95418.684155
324,-1,333.720000,90.298973,1025576.306478,508061.261021,3402.221100,95242.200141,95243.496795
325,-1,333.359999,90.326279,1025231.275016,507564.848299,3357.328500,95154.499860,95156.042766
326,-1,332.999999,90.247412,1025195.945362,506911.845012,3487.175000,95417.599929,95418.489538
327,-1,332.640000,90.248207,1024761.719853,506461.507658,3486.633400,95237.030945,95237.924585
328,-1,332.279999,90.308066,1024252.151646,506053.295876,3388.547300,94973.945466,94975.318318
329,-1,331.920000,90.342907,1023740.801947,505649.755017,3332.367100,94710.859678,94712.555911
330,-1,331.559999,90.395234,1023304.821192,505209.126961,3247.076700,94535.469091,94537.718340
331,-1,331.199999,90.579995,1022943.456757,504729.966830,2943.094800,94447.774128,94452.613444
332,-1,330.839999,90.648924,1148172.131168,434177.161086,1201.490800,238180.272908,238195.550063
333,-1,330.479999,90.643244,1084719.069754,468386.645160,2034.324100,166103.800063,166114.268442
334,-1,330.119999,90.661164,1077814.443143,471150.119948,2067.380200,158736.999902,158747.569190
335,-1,329.759999,90.632110,1077087.554505,470419.396016,2150.787400,158473.899980,158483.544706
336,-1,329.399999,90.644783,1097182.837805,457378.269539,1846.394900,182406.100208,182417.651083
337,-1,329.040000,90.585515,1077119.273930,468078.119858,2267.219600,159693.032816,159701.371659
338,-1,328.679999,90.530793,1079379.844212,465528.060326,2389.611399,162946.599956,162953.592513
339,-1,328.319999,90.449085,1078389.604066,464936.084804,2626.194699,162411.585157,162416.574126
340,-1,327.959999,90.454253,1077189.358763,464483.422651,2617.732300,161631.100165,161636.180094
341,-1,327.599999,90.449570,1077018.130431,463389.294590,2627.503300,162069.599976,162074.589199
342,-1,327.239999,90.402181,1088261.890752,454943.382348,2663.127100,176092.042796,176096.381073
343,-1,326.880000,90.334586,1088035.525391,453770.016585,2868.262900,176540.099973,176543.110152
344,-1,326.520000,90.321357,1088158.018257,452359.118488,2904.109500,177417.099987,177419.890612
345,-1,326.159999,90.365071,1088341.432916,450894.054161,2762.596699,178381.799990,178385.421064
346,-1,325.799999,90.470149,1087996.480194,449773.357583,2432.633800,178722.900108,178728.917238
347,-1,325.439999,90.468222,1074218.355519,457900.492576,2569.078599,162762.366141,162767.801087
348,-1,325.080000,90.528350,1074290.018434,456603.244514,2390.898100,163560.499975,163567.454418
349,-1,324.719999,90.573718,1074407.741623,455261.072002,2252.683500,164428.575697,164436.819302
350,-1,324.360000,90.565490,1082431.984105,448236.562429,2171.564799,175039.699910,175048.225608
351,-1,324.000000,90.577170,1177708.596045,377654.624853,941.479900,293603.664986,293618.562487
352,-1,323.640000,90.598745,1178385.129797,374865.825968,808.000000,295796.045904,295812.197732
353,-1,323.279999,90.581525,1178614.164772,372376.364084,880.000000,297462.255683,297477.577577
354,-1,322.920000,90.549686,1177784.721221,370660.505967,1041.790500,297829.200128,297842.907037
355,-1,322.559999,90.582287,1176638.932830,369180.961026,872.475399,297813.036449,297828.416672
356,-1,322.199999,90.601800,1177657.670950,366022.601201,742.316500,300547.899923,300564.479104
357,-1,321.840000,90.622238,1165588.060247,373105.166760,785.755399,286675.740872,286692.647236
358,-1,321.479999,90.618344,1160353.989678,374969.311982,862.027499,281414.026558,281430.415550
359,-1,321.120000,90.614857,1175304.060828,360643.383613,657.818299,302038.799962,302056.192250
360,-1,320.760000,90.597519,1174774.722976,358625.431612,740.251099,302899.360412,302915.832425
361,-1,320.400000,90.604353,1174985.187122,355981.330273,684.692700,304740.960474,304757.913902
362,-1,320.040000,90.605954,1151040.444001,373546.844026,989.667400,275099.969183,275115.354823
363,-1,319.680000,90.564740,1145925.564139,375620.601362,1239.293999,269852.900052,269866.008972
364,-1,319.319999,90.486070,1143815.726167,375198.294792,1621.129400,268522.826286,268532.489411
365,-1,318.960000,90.503762,1140992.203270,375419.331751,1558.254800,266242.750114,266253.041373
366,-1,318.600000,90.481015,1140218.781261,373871.070084,1660.284000,266681.226110,266690.624378
367,-1,318.240000,90.470822,1138714.247853,372968.104042,1712.055400,266155.054776,266164.041167
368,-1,317.880000,90.464968,1131297.355206,377419.939627,1808.168699,257662.600087,257671.084758
369,-1,317.520000,90.497866,1130013.749177,376400.201837,1662.498500,257399.500149,257409.218050
370,-1,317.159999,90.499688,1134769.691765,369784.365331,1584.709700,265380.200017,265390.292690
371,-1,316.799999,90.535876,1130553.082744,371456.653325,1456.588300,261156.426042,261167.848795
372,-1,316.439999,90.549941,1129245.677879,370435.568097,1394.865400,260907.499941,260919.518716
373,-1,316.080000,90.567884,1162654.786257,335986.940144,837.827300,308862.636789,308877.808274
374,-1,315.719999,90.547490,1132423.529135,362757.177614,1333.254700,268522.826142,268535.085725
375,-1,315.359999,90.561554,1135172.904870,357670.972563,1213.186600,274047.626482,274060.789390
376,-1,315.000000,90.546163,1133959.176326,356449.594100,1286.808500,274047.626327,274060.077567
377,-1,314.640000,90.550187,1132861.035806,355111.069218,1265.878000,274223.016666,274235.660128
378,-1,314.280000,90.525775,1214898.335313,268517.725017,288.248399,393488.543623,393505.111755
379,-1,313.919999,90.544433,1215921.054725,263891.466881,121.768599,397522.524683,397540.471730
380,-1,313.560000,90.538097,1214735.723106,261513.431939,157.295100,398421.100007,398438.671351
381,-1,313.200000,90.535640,1214042.049624,258595.194337,159.009000,400065.687000,400083.170088
382,-1,312.840000,90.533396,1213053.867546,255964.013248,163.046300,401315.199903,401332.590954
383,-1,312.480000,90.543780,1214442.144625,250714.166464,44.732499,406116.658209,406134.949297
384,-1,312.119999,90.486387,1245138.853244,212960.677338,39.140499,454699.821483,454716.205740
385,-1,311.759999,90.483597,1245934.022258,207780.448854,24.270199,459084.583667,459100.936710
386,-1,311.399999,90.480930,1247371.945563,201787.668516,0.000000,464521.688343,464538.053068
387,-1,311.039999,90.479572,1246040.256953,198872.240292,0.000000,465837.117074,465853.435590
388,-1,310.679999,90.479095,1244128.893978,196605.685442,0.000000,466300.899877,466317.202163
389,-1,310.319999,90.477774,1242735.799652,193719.256176,0.000000,467591.021885,467607.279194
390,-1,309.960000,90.476969,1240996.718484,191220.320557,0.000000,468380.279222,468396.509136
391,-1,309.599999,90.475722,1239517.654185,188391.336385,0.000000,469608.012496,469624.199981
392,-1,309.239999,90.474367,1238086.526470,185479.087289,0.000000,470948.999984,470965.141378
393,-1,308.879999,90.473071,1236598.500246,182610.371569,0.000000,472238.869690,472254.966998
394,-1,308.519999,90.472020,1234938.225024,179931.833619,0.000000,473291.212457,473307.273974
395,-1,308.160000,90.470686,1233434.432428,177032.563499,0.000000,474632.399940,474648.416073
396,-1,307.799999,90.470885,1230960.501352,175356.298151,0.000000,474431.250763,474447.273686
397,-1,307.440000,90.468031,1230358.688579,171238.908420,0.000000,477325.193593,477341.119375
398,-1,307.079999,90.466232,1229082.056618,167953.925489,0.000000,479166.793594,479182.658170
399,-1,306.719999,90.465040,1227408.522891,165162.136453,0.000000,480394.527018,480410.351050
400,-1,306.359999,90.464532,1225295.357498,162941.298047,0.000000,480920.698607,480936.505327
401,-1,305.999999,90.462676,1223990.346657,159596.678424,0.000000,482849.993632,482865.737196
402,-1,305.640000,90.460834,1222654.517964,156253.229730,0.000000,484779.289168,484794.970078
403,-1,305.280000,90.456868,1222604.744113,151049.892368,0.000000,488988.660545,489004.206474
404,-1,304.920000,90.456295,1220442.456771,148779.904125,0.000000,489602.527235,489618.053673
405,-1,304.559999,90.430062,1063401.032338,371341.863528,2268.712199,217221.110532,217227.229810
406,-1,304.200000,90.447172,1062866.121334,369700.795944,2195.629000,218273.453310,218280.101234
407,-1,303.839999,90.448503,1217562.978606,136503.264965,0.000000,498108.965475,498124.226769
408,-1,303.479999,90.446694,1216070.659740,133086.255067,0.000000,500125.955954,500141.155702
409,-1,303.119999,90.446851,1213348.404030,131507.911767,0.000000,499950.565537,499965.770616
410,-1,302.760000,90.447020,1210474.848754,130168.543710,1.945800,499512.089422,499527.292663
411,-1,302.399999,90.447171,1207736.224310,128626.609786,2.000000,499336.698993,499351.907151
412,-1,302.040000,90.447048,1202523.163213,131042.379233,40.701499,494513.460840,494528.513848
413,-1,301.679999,90.447824,1198917.003431,130969.494208,48.400699,492671.860692,492686.909730
414,-1,301.319999,90.444044,1192083.752006,136244.355050,143.429399,484603.898602,484618.452392
415,-1,300.960000,90.448578,1180319.523566,149935.572746,244.459199,466801.764613,466816.071510
416,-1,300.600000,90.446301,1183067.252650,139527.640478,182.407900,477149.802967,477164.278901
417,-1,300.239999,90.440586,1177920.362025,142403.834857,269.115900,472063.479227,472077.436417
418,-1,299.880000,90.427058,1179285.197222,134074.699612,321.750599,479956.050802,479969.383282
419,-1,299.519999,90.441582,1176924.969331,132122.704828,196.020099,480482.222215,480496.492652
420,-1,299.159999,90.448956,1173908.698789,131332.672944,140.369300,479692.964890,479707.691639
421,-1,298.800000,90.447997,1169455.447197,133176.840187,177.880900,475922.069771,475936.618422
422,-1,298.440000,90.450154,1162570.603027,139609.899828,230.243799,466977.155389,466991.568381
423,-1,298.080000,90.450995,1162008.870883,134429.417735,189.565700,471274.222030,471288.822042
424,-1,297.720000,90.439896,1161839.446025,128385.997079,240.458599,476535.936517,476549.981875
425,-1,297.360000,90.441649,1157572.442091,130117.008380,252.919699,473028.126802,473042.180096
426,-1,296.999999,90.433415,1156282.152349,126102.722774,298.349000,476009.765012,476023.384465
427,-1,296.640000,90.445483,1149720.244541,132513.460937,265.587799,467327.936331,467342.062367
428,-1,296.279999,90.452700,1149005.426745,127329.245911,172.563099,471650.600150,471665.322542
429,-1,295.920000,90.443790,1148364.613722,121868.225993,210.110100,476272.850688,476287.137902
430,-1,295.559999,90.427342,1149377.032957,112815.556763,282.742800,484866.984205,484880.471021
431,-1,295.200000,90.438155,1148230.131708,108097.756815,162.391600,488637.879566,488652.167833
432,-1,294.839999,90.423671,1144416.534348,109027.561714,304.083499,486182.412983,486195.705040
433,-1,294.480000,90.435613,1141385.989884,108311.696020,207.410499,485568.546179,485582.580404
434,-1,294.119999,90.451368,1137243.588392,110097.672763,100.135800,482236.126985,482251.091346
435,-1,293.760000,90.450004,1122461.068417,136157.350958,345.799499,452419.745194,452433.699606
436,-1,293.399999,90.438916,1123791.350533,125925.668338,357.441500,462329.307605,462342.873597
437,-1,293.040000,90.439736,1122494.622155,121552.378200,323.903300,465837.117144,465850.837177
438,-1,292.679999,90.438598,1120473.854215,118797.039551,319.730200,467591.022009,467604.722506
439,-1,292.319999,90.441638,1117759.536809,117672.732416,294.922099,467591.022058,467604.913117
440,-1,291.960000,90.436766,1114939.825257,116809.499562,336.687000,467327.936245,467341.514887
441,-1,291.600000,90.431607,1115731.950969,106832.472929,306.761199,476886.717278,476900.248245
442,-1,291.240000,90.414131,1118438.731645,91597.487322,342.569399,492057.993886,492070.847553
443,-1,290.880000,90.422963,1118272.794969,83358.054326,210.393200,499687.479997,499701.095662
444,-1,290.520000,90.427930,1114721.048792,83890.895780,180.174299,497933.575059,497947.463461
445,-1,290.159999,90.433319,1112059.536070,82062.520828,127.370100,498722.832223,498737.095198
446,-1,289.799999,90.436066,1108282.816590,83302.108572,122.144000,496267.365489,496281.738781
447,-1,289.439999,90.429291,1104178.252292,85562.931478,207.111399,492759.555773,492773.387439
448,-1,289.080000,90.431217,1098675.454571,92000.645965,249.946500,484866.984167,484880.716702
449,-1,288.720000,90.427625,1098579.579106,82791.284791,215.553300,493548.813048,493562.559518
450,-1,288.360000,90.412615,1094203.077689,86133.276466,377.698000,488988.660451,489001.340558
451,-1,287.999999,90.422463,1090796.259699,86675.933189,305.276899,487410.146365,487423.396141
452,-1,287.640000,90.414533,1087455.510475,87075.876943,382.895399,486007.022330,486019.742597
453,-1,287.280000,90.414816,1089153.232473,71338.192539,268.118799,501529.079848,501542.224272
454,-1,286.919999,90.412050,1086422.089642,69488.724125,285.389899,502493.727473,502506.722161
455,-1,286.560000,90.412546,1083523.607250,68159.053228,277.881500,502932.203891,502945.241256
456,-1,286.200000,90.423116,1080198.258914,68278.467688,192.865200,501879.860878,501893.546200
457,-1,285.840000,90.418405,1076880.081823,68420.597981,241.820699,500827.518064,500840.872252
458,-1,285.480000,90.403059,1067483.660983,90558.993665,543.769100,476974.412623,476986.214952
459,-1,285.120000,90.412528,1063700.857853,93069.904653,489.563299,473554.298125,473566.572866
460,-1,284.760000,90.407771,1064735.895153,77462.568086,419.663100,488900.965453,488913.347373
461,-1,284.399999,90.414352,1062177.336622,75075.423910,351.456800,490567.174986,490580.003362
462,-1,284.040000,90.417334,1060168.101467,70404.792831,296.534400,494601.156140,494614.276884
463,-1,283.680000,90.420189,1057192.398429,69489.935737,270.605899,494776.546536,494789.852100
464,-1,283.319999,90.435224,1053987.689616,69532.233553,146.755399,493987.289103,494001.541172
465,-1,282.959999,90.439111,1051181.488863,67886.565912,105.849100,494951.936778,494966.472882
466,-1,282.599999,90.430592,1047919.099719,68225.636428,187.354699,493899.594108,493913.541928
467,-1,282.239999,90.427721,1041727.824372,82127.499373,323.398600,478991.403046,479004.750071
468,-1,281.879999,90.416589,1038856.873749,81155.420936,413.911300,479342.184177,479354.854790
469,-1,281.519999,90.416323,1036923.449138,75560.807782,379.184999,484428.508148,484441.296809
470,-1,281.160023,90.077291,940195.214773,550144.492143,3899.087700,87.695178,87.695258
471,-1,280.799960,89.699591,940194.673764,550144.387156,3899.665800,87.695199,87.696405
472,-1,280.440088,89.321789,940194.132426,550144.285450,3900.244100,87.695397,87.701541
473,-1,280.080011,88.943913,940193.590105,550144.187353,3900.822600,87.695329,87.710228
474,-1,279.719924,88.565929,940193.047127,550144.092865,3901.401400,87.695057,87.722533
475,-1,279.359951,88.188078,940192.503821,550144.001330,3901.980200,87.695281,87.739151
476,-1,278.999939,87.810186,940191.959859,550143.913404,3902.559299,87.695300,87.759389
477,-1,278.640084,87.432479,940191.415568,550143.829086,3903.138400,87.695164,87.783287
478,-1,278.279915,87.054867,940190.870294,550143.748050,3903.717699,87.695099,87.811080
479,-1,277.920054,86.677519,940190.325019,550143.670294,3904.297000,87.695249,87.842899
480,-1,277.560095,86.300451,940189.779089,550143.596147,3904.876300,87.695195,87.878322
481,-1,277.199992,85.923579,940189.232502,550143.525281,3905.455800,87.695264,87.917685
482,-1,276.839972,85.547118,940188.685587,550143.458024,3906.035200,87.695176,87.960683
483,-1,276.479995,85.171050,940188.138344,550143.394048,3906.614600,87.695253,88.007640
484,-1,276.120070,84.795389,940187.590773,550143.333680,3907.194000,87.695168,88.058223
485,-1,275.759948,84.420249,940187.042546,550143.276594,3907.773300,87.695213,88.112707
486,-1,275.400062,84.045645,940186.494318,550143.223116,3908.352499,87.695130,88.170825
487,-1,275.039951,83.671560,940185.945435,550143.172920,3908.931700,87.695181,88.232840
488,-1,274.680047,83.298070,940185.396551,550143.126332,3909.510800,87.695100,88.298468
489,-1,274.320104,82.925293,940184.847340,550143.083025,3910.089700,87.695182,88.367980
490,-1,273.959912,82.553231,940184.297472,550143.043327,3910.668400,87.695079,88.441017
491,-1,273.600081,82.181881,940183.747933,550143.006909,3911.247000,87.695188,88.517974
492,-1,273.239970,81.811367,940183.197737,550142.974101,3911.825300,87.695116,88.598421
493,-1,272.879981,81.441622,940182.647541,550142.944574,3912.403500,87.695231,88.682736
494,-1,272.519897,81.072771,940182.097017,550142.918655,3912.981400,87.695189,88.770534
495,-1,272.159907,80.704874,940181.546494,550142.896017,3913.558999,87.695331,88.862139
496,-1,271.800007,80.337861,940180.995970,550142.876988,3914.136400,87.695328,88.957222
497,-1,271.439965,79.971883,940180.445118,550142.861568,3914.713399,87.695169,89.055725
498,-1,271.079977,79.606940,940179.894266,550142.849429,3915.290100,87.695192,89.157978
499,-1,270.720031,79.243057,940179.343414,550142.840571,3915.866500,87.695397,89.263962
500,-1,270.359902,78.880308,940178.792234,550142.835650,3916.442400,87.695124,89.372972
501,-1,270.000000,78.518711,940178.241382,550142.833681,3917.018000,87.695362,89.485998
502,-1,269.640097,78.158228,940177.690530,550142.835650,3917.593200,87.695124,89.602030
503,-1,269.279968,77.799073,940177.139350,550142.840571,3918.167900,87.695397,89.721995
504,-1,268.920022,77.441074,940176.588498,550142.849429,3918.742199,87.695192,89.844921
505,-1,268.560034,77.084403,940176.037646,550142.861568,3919.316000,87.695169,89.971411
506,-1,268.199992,76.729084,940175.486794,550142.876988,3919.889300,87.695328,90.101440
507,-1,267.840092,76.375087,940174.936271,550142.896017,3920.462100,87.695331,90.234654
508,-1,267.480102,76.022433,940174.385747,550142.918655,3921.034400,87.695189,90.371042
509,-1,267.120018,75.671252,940173.835223,550142.944574,3921.606100,87.695231,90.510873
510,-1,266.760029,75.321508,940173.285027,550142.974101,3922.177200,87.695116,90.653789
511,-1,266.399918,74.973337,940172.734831,550143.006909,3922.747600,87.695188,90.800072
512,-1,266.040087,74.626571,940172.185292,550143.043327,3923.317500,87.695079,90.949389
513,-1,265.679895,74.281414,940171.635424,550143.083025,3923.886700,87.695182,91.102041
514,-1,265.319952,73.937755,940171.086213,550143.126332,3924.455300,87.695100,91.257644
515,-1,264.960048,73.595788,940170.537329,550143.172920,3925.023100,87.695181,91.416451
516,-1,264.599937,73.255355,940169.988446,550143.223116,3925.590300,87.695130,91.578202
517,-1,264.240051,72.916636,940169.440219,550143.276594,3926.156700,87.695213,91.743069
518,-1,263.879929,72.579536,940168.891991,550143.333680,3926.722400,87.695168,91.910798
519,-1,263.520004,72.244175,940168.344420,550143.394048,3927.287300,87.695253,92.081577
520,-1,263.160027,71.910508,940167.797177,550143.458024,3927.851400,87.695176,92.255096
521,-1,262.800007,71.578608,940167.250262,550143.525281,3928.414699,87.695264,92.431637
522,-1,262.439904,71.248481,940166.703675,550143.596147,3928.977100,87.695195,92.610829
523,-1,262.079945,70.920131,940166.157745,550143.670294,3929.538700,87.695249,92.792938
524,-1,261.720084,70.593559,940165.612470,550143.748050,3930.099400,87.695099,92.977591
525,-1,261.359915,70.268800,940165.067196,550143.829086,3930.659300,87.695164,93.165186
526,-1,261.000060,69.945948,940164.522906,550143.913404,3931.218200,87.695300,93.355485
527,-1,260.640048,69.624961,940163.978943,550144.001330,3931.776100,87.695281,93.548243
528,-1,260.280075,69.305775,940163.435637,550144.092865,3932.333100,87.695057,93.743414
529,-1,259.919988,68.988545,940162.892659,550144.187353,3932.889200,87.695329,93.941624
530,-1,259.559911,68.673239,940162.350338,550144.285450,3933.444200,87.695397,94.142111
531,-1,259.200039,68.359788,940161.809000,550144.387156,3933.998200,87.695199,94.344820
532,-1,258.839976,68.048292,940161.267991,550144.492143,3934.551200,87.695178,94.550132
533,-1,258.479918,67.738798,940160.727638,550144.600410,3935.103099,87.695275,94.757918
534,-1,258.120019,67.431217,940160.188269,550144.712287,3935.653900,87.695101,94.967785
535,-1,257.759888,67.125655,940159.649228,550144.827444,3936.203599,87.695110,95.180118
536,-1,257.399931,66.822080,940159.111171,550144.945882,3936.752200,87.695168,95.394757
537,-1,257.039926,66.520509,940158.573770,550145.067601,3937.299700,87.695343,95.611731
538,-1,256.680019,66.220957,940158.037354,550145.192929,3937.845900,87.695241,95.830565
539,-1,256.320035,65.923350,940157.501594,550145.321537,3938.391099,87.695256,96.051705
540,-1,255.959961,65.627853,940156.966490,550145.453427,3938.935000,87.695391,96.274997
541,-1,255.599939,65.334365,940156.432371,550145.588925,3939.477600,87.695249,96.500044
542,-1,255.240006,65.042850,940155.899235,550145.727704,3940.019100,87.695146,96.727182
543,-1,254.879941,64.753487,940155.366756,550145.869765,3940.559200,87.695165,96.956326
544,-1,254.519938,64.466145,940154.835261,550146.015105,3941.098100,87.695224,97.187449
545,-1,254.159983,64.180871,940154.304750,550146.163727,3941.635700,87.695319,97.420472
546,-1,253.800003,63.897630,940153.775224,550146.315958,3942.171900,87.695135,97.655032
547,-1,253.440102,63.616475,940153.246681,550146.471141,3942.706900,87.695302,97.891748
548,-1,253.079940,63.337417,940152.718795,550146.629934,3943.240400,87.695285,98.129972
549,-1,252.719975,63.060378,940152.192222,550146.792007,3943.772600,87.695211,98.369873
550,-1,252.359986,62.785477,940151.666632,550146.957361,3944.303300,87.695174,98.611409
551,-1,251.999961,62.512604,940151.142027,550147.125996,3944.832700,87.695173,98.854637
552,-1,251.639885,62.241907,940150.618406,550147.297911,3945.360500,87.695212,99.099385
553,-1,251.279947,61.973193,940150.096097,550147.473108,3945.887000,87.695185,99.345666
554,-1,250.919931,61.706635,940149.574773,550147.651585,3946.411900,87.695197,99.593396
555,-1,250.560024,61.442092,940149.054761,550147.833343,3946.935400,87.695141,99.842543
556,-1,250.200010,61.179685,940148.535733,550148.018382,3947.457299,87.695124,100.093070
557,-1,249.839875,60.919355,940148.017689,550148.206702,3947.977700,87.695151,100.344996
558,-1,249.480081,60.661163,940147.501286,550148.397975,3948.496499,87.695302,100.598307
559,-1,249.120064,60.404989,940146.985867,550148.592856,3949.013700,87.695188,100.852630
560,-1,248.759960,60.150946,940146.471432,550148.790690,3949.529400,87.695428,101.108519
561,-1,248.400001,59.898881,940145.958638,550148.992134,3950.043400,87.695172,101.365105
562,-1,248.039929,59.648974,940145.446828,550149.196530,3950.555800,87.695271,101.623140
563,-1,247.680050,59.401104,940144.936659,550149.404206,3951.066500,87.695176,101.882065
564,-1,247.319951,59.155282,940144.427473,550149.615164,3951.575600,87.695133,102.142113
565,-1,246.960096,58.911557,940143.919928,550149.829074,3952.083000,87.695195,102.403244
566,-1,246.599996,58.669951,940143.413368,550150.046265,3952.588600,87.695314,102.665331
567,-1,246.240028,58.430328,940142.908447,550150.266737,3953.092500,87.695234,102.928174
568,-1,245.879980,58.192712,940142.404840,550150.490490,3953.594700,87.695084,103.191853
569,-1,245.519926,57.957224,940141.902544,550150.717196,3954.095100,87.695166,103.456539
570,-1,245.160049,57.723810,940141.401889,550150.946854,3954.593700,87.695343,103.722083
571,-1,244.799960,57.492321,940140.902546,550151.180121,3955.090500,87.695154,103.988064
572,-1,244.440018,57.262922,940140.404844,550151.416341,3955.585400,87.695058,104.254784
573,-1,244.080017,57.035548,940139.908453,550151.655514,3956.078599,87.695194,104.522436
574,-1,243.720043,56.810193,940139.413704,550151.897968,3956.569800,87.695123,104.790459
575,-1,243.359984,56.586881,940138.920266,550152.143374,3957.059200,87.695287,105.059298
576,-1,242.999923,56.365511,940138.428470,550152.392061,3957.546700,87.695245,105.328502
577,-1,242.639941,56.146201,940137.938313,550152.643701,3958.032200,87.695290,105.598228
578,-1,242.279925,55.928756,940137.449797,550152.898622,3958.515900,87.695130,105.868314
579,-1,241.920061,55.713470,940136.962921,550153.156167,3958.997500,87.695344,106.139044
580,-1,241.560032,55.499976,940136.477686,550153.417322,3959.477199,87.695062,106.409781
581,-1,241.199940,55.288613,940135.993763,550153.681101,3959.954900,87.695311,106.681284
582,-1,240.839943,55.079094,940135.511809,550153.948160,3960.430600,87.695200,106.952792
583,-1,240.479941,54.871539,940135.031495,550154.218173,3960.904299,87.695173,107.224640
584,-1,240.119922,54.665976,940134.552821,550154.491138,3961.375900,87.695230,107.496743
585,-1,239.760056,54.462293,940134.076116,550154.767056,3961.845500,87.695207,107.768995
586,-1,239.399961,54.260664,940133.600723,550155.045927,3962.312900,87.695435,108.041520
587,-1,239.040066,54.060744,940133.127627,550155.328079,3962.778300,87.695131,108.313772
588,-1,238.680024,53.862891,940132.655843,550155.612855,3963.241599,87.695362,108.586531
589,-1,238.319966,53.666850,940132.186028,550155.900912,3963.702699,87.695231,108.858982
590,-1,237.960102,53.472738,940131.718181,550156.191594,3964.161700,87.695294,109.131606
591,-1,237.600010,53.280459,940131.251975,550156.485557,3964.618500,87.695167,109.404010
592,-1,237.240084,53.090116,940130.787737,550156.782144,3965.073099,87.695231,109.676472
593,-1,236.880016,52.901662,940130.325139,550157.081684,3965.525500,87.695387,109.948883
594,-1,236.519972,52.715025,940129.864510,550157.384177,3965.975700,87.695457,110.221078
595,-1,236.160115,52.530171,940129.406178,550157.689623,3966.423599,87.695259,110.492824
596,-1,235.800073,52.347156,940128.949486,550157.998021,3966.869300,87.695155,110.764445
597,-1,235.439954,52.166053,940128.494434,550158.309044,3967.312800,87.695422,111.036135
598,-1,235.079977,51.986723,940128.041679,550158.623020,3967.753900,87.695418,111.307237
599,-1,234.719951,51.809167,940127.590893,550158.939948,3968.192700,87.695328,111.577934
600,-1,234.359983,51.633455,940127.142075,550159.259502,3968.629200,87.695421,111.848413
601,-1,234.000111,51.459422,940126.695553,550159.582007,3969.063400,87.695236,112.118289
602,-1,233.639971,51.287217,940126.250672,550159.907466,3969.495200,87.695160,112.387778
603,-1,233.280021,51.116783,940125.808088,550160.235549,3969.924600,87.695072,112.656762
604,-1,232.920078,50.948126,940125.367472,550160.566257,3970.351700,87.695164,112.925428
605,-1,232.559997,50.781226,940124.928825,550160.899918,3970.776300,87.695176,113.193426
606,-1,232.200066,50.616711,940124.492474,550161.236204,3971.196800,87.695170,113.459764
607,-1,231.839968,50.468057,940124.058091,550161.575442,3971.578400,87.695086,113.702209
608,-1,231.480123,50.321159,940123.626006,550161.916977,3971.957299,87.695240,113.943875
609,-1,231.120084,50.175976,940123.195888,550162.261464,3972.333300,87.695318,114.184372
610,-1,230.760001,50.032390,940122.768068,550162.608904,3972.706500,87.695119,114.423587
611,-1,230.399965,49.890654,940122.342216,550162.958641,3973.076800,87.695359,114.661986
612,-1,230.040021,49.750416,940121.918988,550163.311331,3973.444300,87.695114,114.898904
613,-1,229.680099,49.611996,940121.497729,550163.666317,3973.808900,87.695304,115.134960
614,-1,229.320074,49.475148,940121.078767,550164.024256,3974.170600,87.695219,115.369591
615,-1,228.960067,49.339902,940120.662101,550164.384819,3974.529500,87.695108,115.603035
616,-1,228.599905,49.206386,940120.247404,550164.748008,3974.885400,87.695189,115.835304
617,-1,228.240037,49.074489,940119.835331,550165.113492,3975.238400,87.695274,116.066304
618,-1,227.880003,48.944143,940119.425555,550165.481930,3975.588399,87.695088,116.295741
619,-1,227.519917,48.815527,940119.017747,550165.852664,3975.935500,87.695342,116.524200
620,-1,227.159939,48.688440,940118.612564,550166.226023,3976.279599,87.695350,116.751078
621,-1,226.800051,48.562869,940118.210006,550166.602007,3976.620700,87.695109,116.976356
622,-1,226.440073,48.438984,940117.809416,550166.980287,3976.958900,87.695308,117.200599
623,-1,226.080009,48.316544,940117.411451,550167.361519,3977.293999,87.695020,117.422963
624,-1,225.719979,48.195878,940117.015455,550167.744721,3977.626099,87.695412,117.644368
625,-1,225.359983,48.076555,940116.622411,550168.130875,3977.955100,87.695091,117.863691
626,-1,224.999999,47.958978,940116.231335,550168.518997,3978.281099,87.695448,118.082018
627,-1,224.640016,47.842680,940115.843213,550168.910073,3978.604100,87.695091,118.298298
628,-1,224.280020,47.728136,940115.457059,550169.303117,3978.924000,87.695412,118.513480
629,-1,223.919990,47.614881,940115.073857,550169.699113,3979.240800,87.695020,118.726517
630,-1,223.559926,47.503389,940114.692625,550170.097078,3979.554399,87.695308,118.938355
631,-1,223.199948,47.393199,940114.314345,550170.497668,3979.865000,87.695109,119.148254
632,-1,222.840060,47.284632,940113.938361,550170.900226,3980.172500,87.695350,119.356811
633,-1,222.479924,47.177416,940113.565002,550171.305737,3980.476800,87.695120,119.563276
634,-1,222.119996,47.071756,940113.194268,550171.713217,3980.777900,87.695088,119.768123
635,-1,221.759962,46.967610,940112.825830,550172.122993,3981.075900,87.695274,119.971420
636,-1,221.400094,46.864806,940112.460346,550172.535066,3981.370800,87.695189,120.172794
637,-1,221.039932,46.795482,940112.097157,550172.949763,3981.570200,87.695108,120.309158
638,-1,220.679925,46.754930,940111.736594,550173.366429,3981.687200,87.695219,120.389367
639,-1,220.319900,46.715082,940111.378655,550173.785391,3981.802300,87.695304,120.468316
640,-1,219.959978,46.675853,940111.023669,550174.206650,3981.915500,87.695114,120.545818
641,-1,219.600034,46.637473,940110.670979,550174.629878,3982.026800,87.695359,120.622390
642,-1,219.239998,46.599638,940110.321242,550175.055730,3982.136199,87.695119,120.697357
643,-1,218.879915,46.562614,940109.973802,550175.483550,3982.243800,87.695318,120.771458
644,-1,218.519876,46.526232,940109.629315,550175.913668,3982.349400,87.695240,120.844032
645,-1,218.160031,46.490523,940109.287780,550176.345753,3982.453100,87.695086,120.915292
646,-1,217.799933,46.455586,940108.948542,550176.780136,3982.554900,87.695170,120.985461
647,-1,217.440002,46.421349,940108.612256,550177.216487,3982.654700,87.695176,121.054241
648,-1,217.079921,46.387762,940108.278595,550177.655134,3982.752700,87.695164,121.121810
649,-1,216.719978,46.354870,940107.947887,550178.095750,3982.848700,87.695072,121.187981
650,-1,216.360028,46.322723,940107.619804,550178.538334,3982.942800,87.695160,121.253011
651,-1,215.999888,46.291254,940107.294345,550178.983215,3983.035000,87.695236,121.316757
652,-1,215.640016,46.260537,940106.971840,550179.429737,3983.125199,87.695421,121.379236
653,-1,215.280048,46.230442,940106.652286,550179.878555,3983.213399,87.695328,121.440166
654,-1,214.920022,46.201049,940106.335358,550180.329341,3983.299799,87.695418,121.500015
655,-1,214.560045,46.172371,940106.021382,550180.782096,3983.384100,87.695422,121.558379
656,-1,214.199926,46.144278,940105.710359,550181.237148,3983.466500,87.695155,121.615262
657,-1,213.839884,46.116976,940105.401961,550181.693840,3983.547000,87.695259,121.671125
658,-1,213.480027,46.090410,940105.096515,550182.152172,3983.625499,87.695457,121.725696
659,-1,213.119983,46.064456,940104.794022,550182.612801,3983.702000,87.695387,121.778713
660,-1,212.759915,46.039175,940104.494482,550183.075399,3983.776500,87.695231,121.830304
661,-1,212.399989,46.014587,940104.197895,550183.539637,3983.849100,87.695167,121.880666
662,-1,212.039897,45.990758,940103.903932,550184.005843,3983.919700,87.695294,121.929797
663,-1,211.680033,45.967562,940103.613250,550184.473690,3983.988300,87.695231,121.977424
664,-1,211.319975,45.945122,940103.325193,550184.943505,3984.054900,87.695362,122.023819
665,-1,210.959933,45.923255,940103.040417,550185.415289,3984.119500,87.695131,122.068581
666,-1,210.600038,45.902253,940102.758265,550185.888385,3984.182100,87.695435,122.112353
667,-1,210.239943,45.881766,940102.479394,550186.363778,3984.242700,87.695207,122.154368
668,-1,209.880077,45.862014,940102.203476,550186.840483,3984.301400,87.695230,122.195255
669,-1,209.520058,45.842956,940101.930511,550187.319157,3984.357999,87.695173,122.234637
670,-1,209.160056,45.824609,940101.660498,550187.799471,3984.412600,87.695200,122.272698
671,-1,208.800059,45.806973,940101.393439,550188.281425,3984.465200,87.695311,122.309439
672,-1,208.439967,45.789901,940101.129660,550188.765348,3984.515799,87.695062,122.344538
673,-1,208.079938,45.773717,940100.868505,550189.250583,3984.564300,87.695344,122.378563
674,-1,207.720074,45.758017,940100.610960,550189.737459,3984.610900,87.695130,122.410917
675,-1,207.360058,45.743152,940100.356039,550190.225975,3984.655400,87.695290,122.442084
676,-1,207.000076,45.728930,940100.104399,550190.716132,3984.697799,87.695245,122.471645
677,-1,206.640015,45.715380,940099.855712,550191.207928,3984.738300,87.695287,122.499949
678,-1,206.279956,45.702472,940099.610306,550191.701366,3984.776700,87.695123,122.526647
679,-1,205.919982,45.690315,940099.367852,550192.196115,3984.813100,87.695194,122.552122
680,-1,205.559981,45.678798,940099.128679,550192.692506,3984.847400,87.695058,122.575987
681,-1,205.200039,45.668029,940098.892459,550193.190208,3984.879700,87.695154,122.598625
682,-1,204.839950,45.657964,940098.659192,550193.689551,3984.910000,87.695343,122.619936
683,-1,204.480073,45.648484,940098.429534,550194.190206,3984.938200,87.695166,122.639522
684,-1,204.120019,45.639739,940098.202828,550194.692502,3984.964300,87.695084,122.657710
685,-1,203.759971,45.631740,940097.979075,550195.196109,3984.988400,87.695234,122.674668
686,-1,203.400003,45.624389,940097.758603,550195.701030,3985.010500,87.695314,122.690180
687,-1,203.039903,45.617708,940097.541412,550196.207590,3985.030400,87.695195,122.704013
688,-1,202.680048,45.611681,940097.327502,550196.715135,3985.048400,87.695133,122.716559
689,-1,202.319949,45.606424,940097.116544,550197.224321,3985.064199,87.695176,122.727643
690,-1,201.960070,45.601852,940096.908868,550197.734490,3985.077999,87.695271,122.737366
691,-1,201.599998,45.597884,940096.704472,550198.246300,3985.089800,87.695172,122.745551
692,-1,201.240039,45.594767,940096.503028,550198.759094,3985.099400,87.695428,122.752451
693,-1,200.879935,45.592154,940096.305194,550199.273529,3985.107000,87.695188,122.757598
694,-1,200.519918,45.590357,940096.110313,550199.788948,3985.112500,87.695302,122.761528
695,-1,200.160124,45.589141,940095.919040,550200.305351,3985.115999,87.695151,122.763869
696,-1,199.799989,45.588699,940095.730720,550200.823395,3985.117300,87.695124,122.764760
697,-1,199.439975,45.588938,940095.545681,550201.342423,3985.116599,87.695141,122.764282
698,-1,199.080068,45.589890,940095.363923,550201.862435,3985.113800,87.695197,122.762363
699,-1,198.720052,45.591486,940095.185446,550202.383759,3985.109000,87.695185,122.758995
700,-1,198.360114,45.593829,940095.010249,550202.906068,3985.102000,87.695212,122.754116
701,-1,198.000038,45.596818,940094.838334,550203.429689,3985.092999,87.695173,122.747791
702,-1,197.640013,45.600553,940094.669699,550203.954294,3985.081800,87.695174,122.739955
703,-1,197.280024,45.604968,940094.504345,550204.479884,3985.068600,87.695211,122.730746
704,-1,196.920059,45.610096,940094.342272,550205.006457,3985.053300,87.695285,122.720096
705,-1,196.559897,45.615908,940094.183479,550205.534343,3985.035900,87.695302,122.707937
706,-1,196.199996,45.622361,940094.028296,550206.062886,3985.016399,87.695135,122.694178
707,-1,195.840016,45.629631,940093.876065,550206.592412,3984.994800,87.695319,122.679204
708,-1,195.480061,45.637480,940093.727443,550207.122923,3984.971200,87.695224,122.662634
709,-1,195.120058,45.646078,940093.582103,550207.654418,3984.945400,87.695165,122.644554
710,-1,194.759993,45.655393,940093.440042,550208.186897,3984.917500,87.695146,122.625038
711,-1,194.400060,45.665420,940093.301263,550208.720033,3984.887600,87.695249,122.604214
712,-1,194.040038,45.676198,940093.165765,550209.254152,3984.855500,87.695391,122.581884
713,-1,193.679964,45.687558,940093.033875,550209.789256,3984.821400,87.695256,122.557964
714,-1,193.319980,45.699699,940092.905267,550210.325016,3984.785099,87.695241,122.532598
715,-1,192.960073,45.712552,940092.779939,550210.861432,3984.746799,87.695343,122.505925
716,-1,192.600068,45.726058,940092.658220,550211.398833,3984.706300,87.695168,122.477524
717,-1,192.240111,45.740278,940092.539782,550211.936890,3984.663799,87.695110,122.447817
718,-1,191.879980,45.755258,940092.424625,550212.475931,3984.619100,87.695101,122.416618
719,-1,191.520081,45.770977,940092.312748,550213.015300,3984.572400,87.695275,122.384164
720,-1,191.160023,45.787354,940092.204481,550213.555653,3984.523500,87.695178,122.349990
721,-1,190.799960,45.804451,940092.099494,550214.096662,3984.472599,87.695199,122.314517
722,-1,190.440088,45.822355,940091.997788,550214.638000,3984.419500,87.695397,122.277648
723,-1,190.080011,45.840855,940091.899691,550215.180321,3984.364400,87.695329,122.239207
724,-1,189.719924,45.860040,940091.805203,550215.723299,3984.307100,87.695057,122.199101
725,-1,189.359951,45.880107,940091.713668,550216.266605,3984.247700,87.695281,122.157902
726,-1,188.999939,45.900794,940091.625742,550216.810568,3984.186300,87.695300,122.115179
727,-1,188.640084,45.922187,940091.541424,550217.354858,3984.122700,87.695164,122.070831
728,-1,188.279915,45.944294,940091.460388,550217.900132,3984.057100,87.695099,122.025159
729,-1,187.920054,45.967230,940091.382632,550218.445407,3983.989300,87.695249,121.978132
730,-1,187.560095,45.990794,940091.308485,550218.991337,3983.919500,87.695195,121.929587
731,-1,187.199992,46.015160,940091.237619,550219.537924,3983.847500,87.695264,121.879625
732,-1,186.839972,46.040172,940091.170362,550220.084839,3983.773500,87.695176,121.828182
733,-1,186.479995,46.066005,940091.106386,550220.632082,3983.697300,87.695253,121.775355
734,-1,186.120070,46.092486,940091.046018,550221.179653,3983.619100,87.695168,121.721049
735,-1,185.759948,46.119779,940090.988932,550221.727881,3983.538700,87.695213,121.665339
736,-1,185.400062,46.147735,940090.935454,550222.276108,3983.456300,87.695130,121.608178
737,-1,185.039951,46.176475,940090.885258,550222.824991,3983.371799,87.695181,121.549688
738,-1,184.680047,46.205915,940090.838670,550223.373875,3983.285200,87.695100,121.489680
739,-1,184.320104,46.236152,940090.795363,550223.923086,3983.196500,87.695182,121.428370
740,-1,183.959912,46.267076,940090.755665,550224.472954,3983.105700,87.695079,121.365508
741,-1,183.600081,46.298819,940090.719247,550225.022493,3983.012800,87.695188,121.301384
742,-1,183.239970,46.331254,940090.686439,550225.572689,3982.917800,87.695116,121.235716
743,-1,182.879981,46.364469,940090.656912,550226.122885,3982.820800,87.695231,121.168842
744,-1,182.519897,46.398423,940090.630993,550226.673409,3982.721600,87.695189,121.100378
745,-1,182.159907,46.433163,940090.608355,550227.223933,3982.620400,87.695331,121.030712
746,-1,181.800007,46.468615,940090.589326,550227.774456,3982.517100,87.695328,120.959538
747,-1,181.439965,46.504781,940090.573906,550228.325308,3982.411700,87.695169,120.886853
748,-1,181.079977,46.541738,940090.561767,550228.876160,3982.304300,87.695192,120.812972
749,-1,180.720031,46.579524,940090.552909,550229.427012,3982.194800,87.695397,120.737830
750,-1,180.359902,46.617925,940090.547988,550229.978192,3982.083199,87.695124,120.660951
751,-1,180.000000,46.657268,940090.546019,550230.529044,3981.969500,87.695362,120.583056
752,-1,179.640097,46.697198,940090.547988,550231.079896,3981.853800,87.695124,120.503500
753,-1,179.279968,46.738076,940090.552909,550231.631076,3981.736000,87.695397,120.422936
754,-1,178.920022,46.779580,940090.561767,550232.181928,3981.616100,87.695192,120.340647
755,-1,178.560034,46.821896,940090.573906,550232.732780,3981.494200,87.695169,120.257185
756,-1,178.199992,46.865060,940090.589326,550233.283632,3981.370200,87.695328,120.172485
757,-1,177.840092,46.908932,940090.608355,550233.834156,3981.244200,87.695331,120.086374
758,-1,177.480102,46.953551,940090.630993,550234.384679,3981.116100,87.695189,119.998794
759,-1,177.120018,46.998995,940090.656912,550234.935203,3980.986000,87.695231,119.910058
760,-1,176.760029,47.045190,940090.686439,550235.485399,3980.853800,87.695116,119.819851
761,-1,176.399918,47.092252,940090.719247,550236.035595,3980.719500,87.695188,119.728429
762,-1,176.040087,47.139993,940090.755665,550236.585134,3980.583300,87.695079,119.635663
763,-1,175.679895,47.188616,940090.795363,550237.135002,3980.445000,87.695182,119.541708
764,-1,175.319952,47.237994,940090.838670,550237.684213,3980.304600,87.695100,119.446278
765,-1,174.960048,47.288175,940090.885258,550238.233097,3980.162300,87.695181,119.349769
766,-1,174.599937,47.339136,940090.935454,550238.781980,3980.017900,87.695130,119.251830
767,-1,174.240051,47.390932,940090.988932,550239.330208,3979.871499,87.695213,119.152731
768,-1,173.879929,47.443517,940091.046018,550239.878435,3979.723000,87.695168,119.052214
769,-1,173.520004,47.496908,940091.106386,550240.426006,3979.572600,87.695253,118.950610
770,-1,173.160027,47.551084,940091.170362,550240.973249,3979.420100,87.695176,118.847573
771,-1,172.800007,47.606121,940091.237619,550241.520164,3979.265600,87.695264,118.743416
772,-1,172.439904,47.661917,940091.308485,550242.066751,3979.109100,87.695195,118.637905
773,-1,172.079945,47.718533,940091.382632,550242.612681,3978.950700,87.695249,118.531320
774,-1,171.720084,47.775935,940091.460388,550243.157956,3978.790200,87.695099,118.423288
775,-1,171.359915,47.834231,940091.541424,550243.703230,3978.627700,87.695164,118.314193
776,-1,171.000060,47.893340,940091.625742,550244.247521,3978.463300,87.695300,118.203998
777,-1,170.640048,47.953266,940091.713668,550244.791483,3978.296800,87.695281,118.092409
778,-1,170.280075,48.013925,940091.805203,550245.334789,3978.128400,87.695057,117.979524
779,-1,169.919988,48.075584,940091.899691,550245.877767,3977.958000,87.695329,117.865806
780,-1,169.559911,48.138020,940091.997788,550246.420088,3977.785600,87.695397,117.750738
781,-1,169.200039,48.201182,940092.099494,550246.961426,3977.611300,87.695199,117.634344
782,-1,168.839976,48.265255,940092.204481,550247.502435,3977.435000,87.695178,117.516896
783,-1,168.479918,48.330222,940092.312748,550248.042789,3977.256700,87.695275,117.398352
784,-1,168.120019,48.395928,940092.424625,550248.582158,3977.076500,87.695101,117.278495
785,-1,167.759888,48.465048,940092.539782,550249.121198,3976.887500,87.695110,117.153096
786,-1,167.399931,48.539286,940092.658220,550249.659255,3976.685000,87.695168,117.018964
787,-1,167.039926,48.614430,940092.779939,550250.196656,3976.480600,87.695343,116.883861
788,-1,166.680019,48.690359,940092.905267,550250.733072,3976.274300,87.695241,116.747497
789,-1,166.320035,48.767205,940093.033875,550251.268832,3976.066100,87.695256,116.610175
790,-1,165.959961,48.844975,940093.165765,550251.803936,3975.856000,87.695391,116.471902
791,-1,165.599939,48.923508,940093.301263,550252.338056,3975.644100,87.695249,116.332454
792,-1,165.240006,49.002987,940093.440042,550252.871191,3975.430200,87.695146,116.191942
793,-1,164.879941,49.083369,940093.582103,550253.403670,3975.214500,87.695165,116.050567
794,-1,164.519938,49.164670,940093.727443,550253.935165,3974.996900,87.695224,115.908208
795,-1,164.159977,49.247502,940093.871472,550254.466988,3974.779899,87.700096,115.770122
796,-1,163.800003,49.329911,940094.028296,550254.995202,3974.556100,87.695135,115.620389
797,-1,163.440102,49.413925,940094.183479,550255.523745,3974.333000,87.695302,115.475244
798,-1,163.079940,49.498809,940094.342272,550256.051631,3974.107999,87.695285,115.328976
799,-1,162.719975,49.584610,940094.504345,550256.578205,3973.881100,87.695211,115.181685
800,-1,162.360079,49.671915,940094.665106,550257.105106,3973.654899,87.699949,115.038775
801,-1,161.999961,49.758924,940094.838334,550257.628399,3973.422000,87.695173,114.884542
802,-1,161.639885,49.847448,940095.010249,550258.152020,3973.189799,87.695212,114.734706
803,-1,161.279947,49.936911,940095.185446,550258.674329,3972.955700,87.695185,114.583872
804,-1,160.919931,50.027312,940095.363923,550259.195653,3972.719800,87.695197,114.432191
805,-1,160.560024,50.118585,940095.545681,550259.715665,3972.482200,87.695141,114.279653
806,-1,160.200010,50.210847,940095.730720,550260.234693,3972.242700,87.695124,114.126221
807,-1,159.839903,50.304705,940095.914447,550260.754377,3972.003800,87.700028,113.977255
808,-1,159.480081,50.398201,940096.110313,550261.269140,3971.758500,87.695302,113.817095
809,-1,159.120064,50.493206,940096.305194,550261.784559,3971.513800,87.695188,113.661180
810,-1,158.759960,50.589287,940096.503028,550262.298994,3971.267300,87.695428,113.504709
811,-1,158.400001,50.686139,940096.704472,550262.811788,3971.019100,87.695172,113.347098
812,-1,158.039929,50.784041,940096.908868,550263.323598,3970.769200,87.695271,113.189011
813,-1,157.680050,50.882862,940097.116544,550263.833767,3970.517500,87.695176,113.029969
814,-1,157.319951,50.982649,940097.327502,550264.342953,3970.264100,87.695133,112.870235
815,-1,156.960096,51.083424,940097.541412,550264.850498,3970.009000,87.695195,112.709858
816,-1,156.599996,51.185179,940097.758603,550265.357058,3969.752200,87.695314,112.548809
817,-1,156.240028,51.287797,940097.979075,550265.861979,3969.493800,87.695234,112.386960
818,-1,155.880032,51.392122,940098.198235,550266.367555,3969.235799,87.700081,112.229573
819,-1,155.519926,51.496032,940098.429534,550266.867882,3968.971800,87.695166,112.061184
820,-1,155.160049,51.601674,940098.659192,550267.368537,3968.708300,87.695343,111.897466
821,-1,154.799960,51.708193,940098.892459,550267.867880,3968.443100,87.695154,111.732789
822,-1,154.439959,51.816484,940099.124086,550268.367879,3968.178400,87.700193,111.572917
823,-1,154.080017,51.924249,940099.367852,550268.861973,3967.907900,87.695194,111.401966
824,-1,153.719931,52.034427,940099.606041,550269.359019,3967.639899,87.699965,111.240651
825,-1,153.359984,52.144295,940099.855712,550269.850160,3967.366100,87.695287,111.068729
826,-1,152.999923,52.255724,940100.104399,550270.341957,3967.092900,87.695245,110.901250
827,-1,152.640079,52.368877,940100.351774,550270.834082,3966.820000,87.699983,110.738159
828,-1,152.279925,52.481639,940100.610960,550271.320629,3966.541500,87.695130,110.564485
829,-1,151.920061,52.596187,940100.868505,550271.807505,3966.263400,87.695344,110.395508
830,-1,151.560032,52.711550,940101.129660,550272.292740,3965.983800,87.695062,110.225671
831,-1,151.199967,52.828794,940101.389174,550272.778960,3965.704600,87.700155,110.060806
832,-1,150.839990,52.946210,940101.656233,550273.260914,3965.421900,87.700043,109.890141
833,-1,150.480008,53.064685,940101.926246,550273.741228,3965.137600,87.700016,109.719044
834,-1,150.119922,53.183504,940102.203476,550274.217605,3964.849800,87.695230,109.542511
835,-1,149.759870,53.304667,940102.475457,550274.696935,3964.564400,87.699930,109.375492
836,-1,149.399979,53.426183,940102.754328,550275.171999,3964.275599,87.699992,109.203212
837,-1,149.040066,53.548025,940103.040417,550275.642799,3963.983300,87.695131,109.025385
838,-1,148.680024,53.671640,940103.325193,550276.114583,3963.691500,87.695362,108.852452
839,-1,148.319858,53.796838,940103.609313,550276.587023,3963.400100,87.699960,108.683786
840,-1,147.960102,53.921805,940103.903932,550277.052245,3963.103400,87.695294,108.505033
841,-1,147.600010,54.048380,940104.197895,550277.518451,3962.807200,87.695167,108.330766
842,-1,147.240033,54.176759,940104.490545,550277.985314,3962.511300,87.699962,108.161196
843,-1,146.880016,54.304795,940104.794022,550278.445287,3962.210400,87.695387,107.981643
844,-1,146.519972,54.434562,940105.096515,550278.905916,3961.909799,87.695457,107.806585
845,-1,146.160115,54.565232,940105.401961,550279.364248,3961.607900,87.695259,107.631108
846,-1,145.800073,54.697010,940105.710359,550279.820940,3961.304500,87.695155,107.455404
847,-1,145.440001,54.830614,940106.017445,550280.278616,3961.001500,87.700154,107.284671
848,-1,145.079977,54.963757,940106.335358,550280.728747,3960.693700,87.695418,107.103798
849,-1,144.719951,55.098641,940106.652286,550281.179533,3960.386199,87.695328,106.927487
850,-1,144.359983,55.234643,940106.971840,550281.628351,3960.077300,87.695421,106.751122
851,-1,144.000111,55.371585,940107.294345,550282.074873,3959.767100,87.695236,106.574393
852,-1,143.639971,55.509592,940107.619804,550282.519754,3959.455600,87.695160,106.397629
853,-1,143.280021,55.648676,940107.947887,550282.962338,3959.142700,87.695072,106.220684
854,-1,142.920089,55.789595,940108.274658,550283.405907,3958.830200,87.700085,106.048810
855,-1,142.559997,55.930025,940108.612256,550283.841601,3958.513100,87.695176,105.866784
856,-1,142.200066,56.072286,940108.948542,550284.277952,3958.196300,87.695170,105.689632
857,-1,141.840040,56.216306,940109.283843,550284.715287,3957.879900,87.700006,105.517381
858,-1,141.480082,56.360665,940109.625706,550285.147373,3957.560500,87.699902,105.340023
859,-1,141.120062,56.506065,940109.970193,550285.577490,3957.240000,87.699981,105.162882
860,-1,140.760134,56.652541,940110.317305,550286.005311,3956.918200,87.700036,104.985686
861,-1,140.399965,56.799375,940110.670979,550286.428210,3956.593599,87.695359,104.803686
862,-1,140.040021,56.947859,940111.023669,550286.851438,3956.269400,87.695114,104.626309
863,-1,139.679991,57.098337,940111.375046,550287.275978,3955.945400,87.700178,104.454204
864,-1,139.319985,57.248981,940111.732985,550287.694940,3955.618800,87.700094,104.277085
865,-1,138.959905,57.399999,940112.097157,550288.108653,3955.289500,87.695324,104.095287
866,-1,138.600017,57.586270,940112.456737,550288.525975,3954.891500,87.699849,103.885217
867,-1,138.240008,57.812975,940112.822222,550288.938376,3954.406000,87.700151,103.626042
868,-1,137.879994,58.041610,940113.190659,550289.348152,3953.918500,87.699965,103.367024
869,-1,137.519917,58.272363,940113.565002,550289.752679,3953.426200,87.695342,103.103361
870,-1,137.160127,58.505239,940113.934752,550290.160815,3952.937600,87.700004,102.851230
871,-1,136.800102,58.740144,940114.310736,550290.563701,3952.444300,87.699986,102.594367
872,-1,136.439997,58.977177,940114.689344,550290.964291,3951.948999,87.699946,102.338187
873,-1,136.079854,59.216324,940115.073857,550291.359303,3951.448999,87.695248,102.077360
874,-1,135.719941,59.457617,940115.453778,550291.758252,3950.952699,87.700052,101.828385
875,-1,135.360115,59.700935,940115.839604,550292.151296,3950.451800,87.699964,101.574681
876,-1,134.999999,59.946466,940116.231335,550292.539091,3949.946300,87.695448,101.316680
877,-1,134.640016,60.193974,940116.622411,550292.927213,3949.441700,87.695091,101.064606
878,-1,134.280020,60.443796,940117.015455,550293.313367,3948.935300,87.695412,100.814129
879,-1,133.920053,60.695634,940117.407842,550293.700178,3948.429800,87.700123,100.569847
880,-1,133.560002,60.949585,940117.806135,550294.081082,3947.919800,87.699946,100.321059
881,-1,133.199897,61.205707,940118.206725,550294.459690,3947.408100,87.699986,100.073622
882,-1,132.839872,61.463994,940118.609612,550294.835674,3946.894600,87.700004,99.827317
883,-1,132.479912,61.724358,940119.014794,550295.209033,3946.379500,87.699997,99.582271
884,-1,132.120005,61.986911,940119.422274,550295.579767,3945.862599,87.699965,99.338423
885,-1,131.759962,62.251543,940119.835331,550295.944596,3945.341700,87.695274,99.090685
886,-1,131.400094,62.518316,940120.247404,550296.310080,3944.821600,87.695189,98.849528
887,-1,131.039932,62.787216,940120.662101,550296.673269,3944.299900,87.695108,98.609796
888,-1,130.680014,63.058395,940121.075486,550297.037441,3943.778900,87.700094,98.377080
889,-1,130.320008,63.331656,940121.494448,550297.395380,3943.253900,87.700178,98.140403
890,-1,129.960106,63.606946,940121.915707,550297.750366,3942.727400,87.699987,97.905056
891,-1,129.600034,63.884413,940122.342216,550298.099447,3942.197100,87.695359,97.666323
892,-1,129.239998,64.163986,940122.768068,550298.449184,3941.667500,87.695119,97.434146
893,-1,128.879937,64.445761,940123.192936,550298.800233,3941.138700,87.699981,97.209248
894,-1,128.519876,64.729619,940123.626006,550299.141112,3940.603900,87.695240,96.975467
895,-1,128.160031,65.015560,940124.058091,550299.482646,3940.069900,87.695086,96.748573
896,-1,127.800012,65.303675,940124.489521,550299.825493,3939.536600,87.699831,96.528844
897,-1,127.440002,65.593875,940124.928825,550300.158170,3938.997600,87.695176,96.300650
898,-1,127.079910,65.886252,940125.364519,550300.495768,3938.461400,87.700085,96.084813
899,-1,126.719978,66.180550,940125.808088,550300.822539,3937.919700,87.695072,95.860191
900,-1,126.360057,66.477136,940126.247720,550301.154559,3937.380699,87.700081,95.648376
901,-1,126.000063,66.775676,940126.692601,550301.479690,3936.838300,87.699891,95.433018
902,-1,125.640035,67.076321,940127.139450,550301.802195,3936.294599,87.699883,95.219923
903,-1,125.279963,67.379016,940127.588268,550302.122077,3935.749700,87.700058,95.009169
904,-1,124.919955,67.683813,940128.039055,550302.439005,3935.203400,87.700149,94.800469
905,-1,124.559998,67.990600,940128.491810,550302.752981,3934.655900,87.700154,94.593934
906,-1,124.200076,68.299378,940128.946533,550303.064004,3934.107200,87.700071,94.389598
907,-1,123.839876,68.610223,940129.403553,550303.372402,3933.557200,87.699990,94.187543
908,-1,123.480027,68.923069,940129.864510,550303.673911,3933.004300,87.695457,93.983074
909,-1,123.120014,69.237947,940130.322515,550303.980341,3932.453700,87.700118,93.790833
910,-1,122.759965,69.554686,940130.785112,550304.279881,3931.900299,87.699962,93.595943
911,-1,122.400059,69.873446,940131.249350,550304.576468,3931.345700,87.699897,93.403599
912,-1,122.039986,70.194188,940131.715556,550304.870431,3930.789999,87.700024,93.213965
913,-1,121.680033,70.516785,940132.186028,550305.157176,3930.231600,87.695231,93.021726
914,-1,121.319920,70.841404,940132.653547,550305.449170,3929.675300,87.699920,92.842092
915,-1,120.959933,71.167837,940133.127627,550305.730009,3929.114800,87.695131,92.655125
916,-1,120.600038,71.496170,940133.600723,550306.012161,3928.554999,87.695435,92.476230
917,-1,120.240129,71.826399,940134.073491,550306.294969,3927.995500,87.699930,92.304459
918,-1,119.879990,72.158440,940134.550525,550306.571215,3927.433600,87.700072,92.130886
919,-1,119.519991,72.492221,940135.029198,550306.844180,3926.870800,87.700016,91.959958
920,-1,119.160009,72.827904,940135.509512,550307.114193,3926.306900,87.700043,91.791919
921,-1,118.800032,73.165302,940135.991467,550307.381253,3925.742199,87.700155,91.626891
922,-1,118.439967,73.504361,940136.477686,550307.640766,3925.175200,87.695062,91.459408
923,-1,118.079938,73.845229,940136.962921,550307.901921,3924.608800,87.695344,91.300468
924,-1,117.720106,74.187837,940137.447500,550308.163731,3924.042700,87.699974,91.149037
925,-1,117.360058,74.532011,940137.938313,550308.414387,3923.473300,87.695290,90.991020
926,-1,116.999957,74.877932,940138.426501,550308.670292,3922.905499,87.699939,90.845724
927,-1,116.639915,75.225428,940138.918298,550308.918979,3922.335700,87.699982,90.698786
928,-1,116.280068,75.574520,940139.411407,550309.164385,3921.765100,87.699965,90.554938
929,-1,115.919921,75.925131,940139.906485,550309.406839,3921.193799,87.699890,90.414236
930,-1,115.560040,76.277372,940140.402547,550309.646340,3920.621700,87.700193,90.277107
931,-1,115.200017,76.630947,940140.900577,550309.882232,3920.049000,87.699852,90.142635
932,-1,114.839946,76.986137,940141.399920,550310.115499,3919.475500,87.700040,90.011942
933,-1,114.480000,77.342711,940141.900575,550310.345485,3918.901400,87.700162,89.884522
934,-1,114.119967,77.700629,940142.402871,550310.572191,3918.326700,87.700081,89.760266
935,-1,113.760026,78.059955,940142.906479,550310.795616,3917.751300,87.699931,89.639310
936,-1,113.400000,78.372867,938959.195920,553047.576888,4530.798800,3069.500023,3133.805969
937,-1,113.040000,78.393860,938976.919966,553055.180547,4529.626600,3069.499838,3133.569752
938,-1,112.680001,78.483054,938994.691256,553062.672986,4524.648300,3069.499993,3132.572150
939,-1,112.319999,78.573605,939012.509462,553070.053549,4519.597400,3069.500011,3131.567628
940,-1,111.959999,78.605553,938964.781211,553239.995794,4553.165299,3244.899953,3310.141760
941,-1,111.600001,78.645062,938983.713915,553247.560740,4550.837199,3244.900017,3309.682664
942,-1,111.239998,78.698996,938970.922602,553336.749210,4565.185900,3332.599938,3398.492545
943,-1,110.879997,78.753279,938990.463246,553344.273801,4561.903100,3332.600082,3397.850902
944,-1,110.519997,78.805009,939010.050805,553351.675361,4558.775800,3332.600119,3397.242392
945,-1,110.160000,78.845975,939029.684296,553358.953561,4556.300000,3332.600087,3396.762556
946,-1,109.799999,78.876409,939049.363390,553366.108403,4554.461200,3332.600101,3396.407338
947,-1,109.439998,78.927116,939069.087104,553373.139229,4551.398300,3332.599883,3395.817542
948,-1,109.080000,78.960646,939060.246899,553462.752895,4566.447100,3420.114425,3484.593716
949,-1,108.720001,79.014021,939080.517856,553469.889363,4563.176400,3420.300018,3484.151103
950,-1,108.359997,79.057630,939100.893143,553476.722683,4560.475400,3420.300040,3483.637407
951,-1,108.000001,79.091867,939121.310425,553483.427722,4558.355500,3420.300112,3483.235696
952,-1,107.640003,79.116973,939141.769702,553490.004152,4556.801200,3420.299917,3482.941712
953,-1,107.280000,79.183315,939162.325107,553496.275137,4552.660000,3420.114533,3481.980119
954,-1,106.920001,79.232636,939157.286403,553586.674891,4566.322100,3508.000001,3570.869348
955,-1,106.559996,79.284612,939178.393972,553593.023631,4563.025299,3508.000098,3570.254998
956,-1,106.200000,79.329203,939199.540584,553599.239170,4560.197799,3507.999881,3569.730147
957,-1,105.840001,79.366621,939220.725909,553605.322163,4557.825800,3508.000068,3569.291879
958,-1,105.479998,79.429355,939242.000144,553611.088228,4553.814700,3507.809580,3568.366657
959,-1,105.120001,79.524085,939240.333481,553701.751760,4564.066300,3595.699984,3656.651144
960,-1,104.760001,79.652792,939262.162177,553707.576224,4555.716300,3595.699959,3655.142127
961,-1,104.399997,79.781322,939284.027291,553713.263548,4547.384700,3595.699996,3653.654895
962,-1,104.040001,79.909684,939305.927182,553718.813406,4539.070700,3595.700189,3652.189300
963,-1,103.679998,80.010140,939307.121077,553809.437241,4548.016600,3683.399851,3740.105567
964,-1,103.319997,80.043913,939309.419957,553900.180825,4561.172900,3771.099954,3828.758942
965,-1,102.959998,80.071612,939332.494058,553905.567298,4559.293800,3771.099932,3828.434484
966,-1,102.600001,80.130842,939355.601295,553910.808757,4555.276700,3771.100035,3827.744014
967,-1,102.240000,80.185170,939378.741341,553915.904875,4551.593299,3771.100016,3827.114386
968,-1,101.879999,80.211073,939383.858784,554006.677004,4564.968500,3858.799958,3915.811133
969,-1,101.520001,80.193405,939407.642201,554011.388608,4566.157700,3858.590693,3915.807287
970,-1,101.159998,80.234301,939431.372797,554016.361039,4563.357600,3858.799888,3915.537501
971,-1,100.800001,80.283269,939455.174259,554020.979140,4559.962499,3858.800072,3914.963237
972,-1,100.440000,80.335890,939479.004592,554025.447307,4556.315200,3858.799905,3914.349143
973,-1,100.080001,80.377669,939487.512777,554116.112152,4568.288700,3946.499980,4002.815728
974,-1,99.719999,80.393150,939511.940221,554120.375595,4567.191800,3946.500149,4002.632690
975,-1,99.359998,80.428884,939536.393912,554124.485167,4564.660200,3946.500026,4002.210858
976,-1,98.999998,80.459340,939560.872866,554128.441196,4562.503000,3946.500098,4001.852812
977,-1,98.640000,80.484817,939585.376098,554132.243025,4560.698699,3946.499871,4001.553926
978,-1,98.279997,80.546571,939609.902952,554135.891312,4556.326400,3946.500097,4000.833692
979,-1,97.919999,80.584192,939622.367822,554226.248415,4568.206999,4034.199884,4089.294687
980,-1,97.560001,80.594479,939647.513113,554229.445259,4567.426600,4033.981084,4088.951229
981,-1,97.200001,80.602475,939672.621986,554232.918021,4566.884400,4034.199858,4089.078495
982,-1,96.839998,80.653773,939697.779745,554236.016112,4563.174100,4034.200048,4088.474492
983,-1,96.479999,80.703382,939722.956203,554238.955738,4559.587000,4034.199940,4087.893372
984,-1,96.119999,80.749348,939748.150707,554241.737229,4556.264300,4034.199932,4087.357912
985,-1,95.759998,80.785381,939773.362271,554244.360583,4553.660200,4034.200133,4086.940300
986,-1,95.399999,80.792420,939773.829789,554508.757364,4595.800099,4297.299884,4353.392887
987,-1,95.039998,80.760535,939800.718515,554511.214052,4598.254600,4297.300042,4353.786466
988,-1,94.680000,80.727305,939827.622005,554513.501449,4600.813100,4297.299916,4354.197870
989,-1,94.319998,80.663639,939847.951360,554602.833620,4620.095900,4384.762114,4443.627014
990,-1,93.959999,80.624316,939875.429652,554604.822461,4623.186900,4384.762004,4444.129406
991,-1,93.599999,80.585904,939902.904990,554606.876262,4626.246400,4385.000011,4444.863647
992,-1,93.240000,80.547261,939930.407560,554608.519960,4629.285500,4385.000121,4445.361868
993,-1,92.880000,80.523385,939957.919972,554609.990758,4631.163600,4385.000162,4445.670742
994,-1,92.519999,80.504462,939985.441243,554611.288327,4632.652200,4384.999862,4445.915779
995,-1,92.159998,80.479025,940009.664619,554700.050945,4649.362599,4472.699872,4535.171338
996,-1,91.799999,80.454186,940037.750521,554701.022072,4651.356300,4472.700033,4535.501699
997,-1,91.440000,80.435307,940065.842001,554701.816361,4652.871799,4472.699843,4535.753083
998,-1,91.080001,80.410948,940092.284861,554790.119006,4669.643600,4560.400108,4625.021431
999,-1,90.720001,80.378708,940120.935066,554790.569137,4672.283200,4560.400164,4625.461924
1000,-1,90.359997,80.349537,940149.587896,554790.839149,4674.672000,4560.400122,4625.861735
1001,-1,90.000000,80.320888,940178.241382,554790.681669,4676.976200,4560.152625,4626.004587
