"OBJECTID","FEATURE_ID","HORIZ_ANG","ZENITH_ANG","VERTEX_X","VERTEX_Y","VERTEX_Z","DIST_2D","DIST_3D"
1,-1,90.000000,91.009560,935158.371829,651840.130286,1418.564499,105234.288546,105250.626682
2,-1,89.640000,90.976447,935819.573918,651838.052863,1479.400899,105234.288357,105249.572178
3,-1,89.280000,90.970291,936497.352418,653152.928514,1468.333199,106555.499947,106570.781133
4,-1,88.920000,90.911572,935328.631659,555637.337128,3129.271700,9033.100096,9034.243476
5,-1,88.559998,90.744589,935385.374655,555636.089099,3155.603400,9033.100113,9033.862939
6,-1,88.199999,90.598558,935442.108466,555634.484443,3178.629400,9033.099996,9033.592937
7,-1,87.840000,90.458347,935498.812421,555632.033661,3200.740500,9032.609833,9032.898860
8,-1,87.480000,90.318346,935555.518672,555629.716408,3222.812500,9032.609791,9032.749218
9,-1,87.120000,90.131927,935612.233782,555627.532686,3252.200600,9033.100143,9033.124089
10,-1,86.759999,89.875293,935668.909521,555624.502836,3292.660900,9033.100060,9033.121457
11,-1,86.400000,89.551758,935725.534080,555620.627844,3343.666100,9032.609895,9032.886317
12,-1,86.040000,89.338598,935776.141262,555529.884587,3376.267000,8945.399924,8945.995969
13,-1,85.679999,89.136451,935832.163788,555525.342929,3407.825800,8944.914593,8945.930643
14,-1,85.319999,88.954506,935888.232574,555521.417084,3436.247600,8945.399959,8946.889415
15,-1,84.960000,88.795870,935936.531362,555429.294565,3459.181100,8857.700154,8859.656620
16,-1,84.599999,88.643642,935991.909860,555423.752253,3482.715300,8857.219172,8859.701574
17,-1,84.239999,88.468269,936029.742461,555244.305106,3505.165599,8682.300162,8685.403673
18,-1,83.879999,88.250051,936112.051352,555500.259974,3546.298700,8945.399955,8949.573875
19,-1,83.519999,87.985404,936138.224856,555232.673239,3578.407100,8682.300022,8687.669835
20,-1,83.159999,87.748648,936181.908824,555138.807613,3610.867499,8594.133730,8600.772583
21,-1,82.799999,87.576607,936224.569171,555045.662130,3633.024000,8506.899846,8514.514800
22,-1,82.440000,87.409215,936277.576611,555038.796658,3657.925000,8506.900023,8515.604221
23,-1,82.079999,87.252393,936330.540088,555031.598182,3681.259500,8506.900143,8516.691016
24,-1,81.719999,87.106835,936383.390704,555023.610009,3702.900100,8506.438378,8517.294639
25,-1,81.359999,86.967144,936436.325966,555016.203200,3723.719400,8506.899944,8518.831765
26,-1,80.999999,86.758479,936585.101915,555613.860797,3789.534400,9120.305152,9134.920572
27,-1,80.639999,86.587320,936627.489625,555518.674636,3811.671200,9033.100095,9049.147141
28,-1,80.279999,86.470473,936683.461298,555509.267830,3830.160699,9033.099913,9050.266409
29,-1,79.919999,86.360000,936723.938251,555412.685674,3842.035900,8944.914662,8962.996160
30,-1,79.560000,86.249262,936779.329873,555403.152557,3859.428100,8945.400080,8964.601525
31,-1,79.200000,86.156871,936834.572544,555392.793982,3873.916400,8945.399854,8965.560722
32,-1,78.839999,86.069439,936889.749271,555382.088951,3887.629800,8945.400100,8966.490548
33,-1,78.480000,85.990133,936944.857429,555371.037136,3900.071300,8945.399998,8967.351869
34,-1,78.120000,85.880624,937090.165865,555788.746930,3948.836000,9383.899825,9408.205473
35,-1,77.760000,85.735606,937166.418337,555862.134579,3979.254100,9471.600070,9497.894648
36,-1,77.400000,85.618244,937224.425111,555848.833424,3998.726800,9471.086075,9498.849974
37,-1,77.040000,85.494280,937282.459444,555835.669409,4019.342000,9471.085840,9500.447009
38,-1,76.680000,85.374064,937360.613815,555907.477336,4046.436300,9558.781017,9590.020763
39,-1,76.320000,85.240267,937419.013961,555893.457023,4068.908400,9558.781328,9591.859604
40,-1,75.960000,85.096897,937477.450524,555879.572864,4093.042500,9559.299920,9594.409031
41,-1,75.600000,84.952062,937557.352923,555949.256452,4125.090600,9646.476495,9684.036718
42,-1,75.239999,84.852578,937593.801669,555849.698908,4134.120300,9559.299862,9598.007190
43,-1,74.880000,84.766843,937674.573161,555918.372983,4156.527000,9646.476419,9686.853321
44,-1,74.519999,84.676689,937733.175406,555902.884169,4171.883900,9647.000124,9688.787522
45,-1,74.159999,84.582374,937815.477079,555970.892563,4196.221600,9734.700059,9778.380405
46,-1,73.799999,84.460985,937874.266659,555954.012676,4217.035600,9734.700025,9780.367467
47,-1,73.439999,84.346286,937932.948957,555936.763695,4236.710300,9734.699932,9782.286047
48,-1,73.079999,84.235915,937991.521674,555919.146604,4255.650100,9734.700074,9784.170213
49,-1,72.720001,84.132586,936460.899079,550792.922932,3723.625300,4385.000131,4408.093614
50,-1,72.359999,83.907451,936487.181507,550784.656217,3741.044500,4385.000067,4409.908303
51,-1,71.999998,83.678089,936513.411441,550776.224475,3758.805900,4384.999944,4411.828632
52,-1,71.640001,83.520475,936511.889791,550684.171181,3761.033400,4297.066663,4324.691724
53,-1,71.280002,83.376178,936537.487837,550675.586553,3771.998200,4297.066884,4325.943020
54,-1,70.920000,83.240731,936534.439615,550584.179255,3771.929500,4209.599973,4239.063880
55,-1,70.559999,83.111993,936559.409053,550575.454863,3781.523500,4209.600177,4240.203981
56,-1,70.199999,82.982764,936584.245617,550566.358425,3791.131200,4209.371505,4241.139990
57,-1,69.840001,82.857114,936609.101867,550557.321369,3800.504800,4209.371557,4242.295395
58,-1,69.479999,82.749050,936633.901030,550548.128146,3808.570600,4209.371513,4243.305834
59,-1,69.120002,82.642928,936658.723159,550538.992994,3816.524699,4209.600088,4244.543792
60,-1,68.759999,82.538557,936683.323503,550529.275494,3824.292700,4209.371690,4245.319030
61,-1,68.400002,82.438694,936708.028834,550519.828990,3831.787300,4209.600103,4246.525200
62,-1,68.039999,82.342981,936732.590465,550510.014706,3838.944900,4209.599845,4247.472718
63,-1,67.680000,82.248603,936790.396452,550581.175981,3857.943499,4297.299931,4336.928128
64,-1,67.320002,82.148980,936849.157489,550651.761797,3877.648700,4385.000030,4426.491309
65,-1,66.959997,82.008739,936908.868984,550721.762642,3900.901300,4472.699985,4516.559000
66,-1,66.599998,81.851321,936969.426934,550790.942949,3925.959099,4560.152709,4606.663468
67,-1,66.239998,81.678004,936995.686724,550779.481030,3940.042300,4560.152513,4608.680546
68,-1,65.880000,81.510548,937021.975057,550768.080462,3953.698000,4560.400001,4610.921593
69,-1,65.520001,81.357343,937048.090162,550756.289147,3966.168900,4560.400099,4612.779226
70,-1,65.159999,81.230974,937037.289331,550664.747336,3962.934800,4472.700036,4525.600031
71,-1,64.800000,81.116680,937062.651485,550652.642045,3972.034199,4472.457235,4526.756292
72,-1,64.439999,81.011441,937050.306693,550561.699313,3966.618200,4385.000191,4439.519442
73,-1,64.079999,80.910335,937075.124557,550549.733786,3974.551900,4385.000056,4440.765763
74,-1,63.719998,80.801240,937177.526583,550694.883430,4011.522300,4560.399968,4619.812015
75,-1,63.359998,80.680949,937203.178763,550682.116067,4021.351200,4560.399959,4621.393438
76,-1,62.999998,80.563269,937228.750234,550669.187944,4030.973300,4560.400104,4622.961457
77,-1,62.639999,80.440347,937334.731977,550811.649929,4070.527400,4735.542843,4802.230312
78,-1,62.280000,80.231818,937402.028102,550875.755116,4103.404800,4823.500151,4894.458687
79,-1,61.920000,80.006009,937428.812170,550861.573386,4122.991500,4823.499889,4897.819589
80,-1,61.560001,79.793071,937455.506670,550847.224005,4141.486800,4823.499974,4901.063284
81,-1,61.200000,79.583268,937482.110619,550832.706974,4159.734000,4823.499940,4904.329603
82,-1,60.840001,79.446496,937508.622706,550818.023276,4171.642700,4823.500023,4906.496833
83,-1,60.479999,79.299961,937491.830088,550726.858104,4167.842000,4735.800177,4819.600141
84,-1,60.119997,79.170433,937561.237430,550787.930160,4195.661700,4823.238191,4910.695599
85,-1,59.760001,79.024113,937587.598269,550772.976450,4208.486900,4823.500056,4913.378525
86,-1,59.400000,78.887716,937613.733060,550757.631008,4220.407000,4823.500067,4915.662003
87,-1,59.039998,78.751954,937639.771065,550742.121525,4232.282800,4823.500039,4917.964632
88,-1,58.680001,78.622047,937665.710646,550726.448984,4243.656800,4823.499974,4920.195791
89,-1,58.319999,78.501680,937691.551802,550710.613714,4254.204900,4823.500153,4922.287759
90,-1,57.960000,78.373932,937763.818389,550768.957757,4283.453400,4911.200134,5014.070485
91,-1,57.600000,78.232738,937789.924308,550752.505034,4296.074800,4911.199948,5016.629045
92,-1,57.240000,78.077055,937815.926553,550735.888926,4310.006400,4911.200145,5019.488932
93,-1,56.879999,77.900309,937841.823811,550719.109432,4325.842300,4911.200021,5022.784342
94,-1,56.520000,77.706089,937867.615098,550702.167865,4343.268000,4911.200139,5026.465995
95,-1,56.160002,77.515325,937893.150808,550684.843096,4360.349700,4910.933529,5029.870525
96,-1,55.799998,77.362817,937918.875822,550667.799823,4374.130200,4911.200033,5033.127604
97,-1,55.440000,77.279213,937944.342963,550650.374989,4381.659100,4911.199890,5034.779971
98,-1,55.079998,77.194882,937969.547965,550632.571875,4389.198000,4910.933399,5036.185543
99,-1,54.719999,77.107201,937994.946864,550615.046976,4397.165299,4911.199910,5038.217162
100,-1,54.360000,77.027559,938020.081328,550597.145437,4404.351899,4911.200104,5039.825749
101,-1,54.000000,76.959815,938096.651385,550650.036735,4430.780400,4998.899870,5131.223574
102,-1,53.640000,76.878800,938121.842936,550631.276930,4438.167200,4998.628759,5132.631301
103,-1,53.279999,76.789303,938199.675457,550683.092443,4467.053199,5086.600147,5224.869769
104,-1,52.920000,76.717507,938225.233149,550663.902849,4473.780199,5086.599878,5226.410949
105,-1,52.559998,76.647651,938250.670106,550644.553150,4480.329400,5086.599895,5227.919545
106,-1,52.200002,76.581431,938275.984688,550625.044331,4486.541200,5086.599985,5229.357671
107,-1,51.839999,76.521694,938301.176567,550605.376391,4492.147800,5086.599950,5230.661565
108,-1,51.480001,76.490528,938326.244102,550585.550972,4495.073999,5086.600073,5231.344490
109,-1,51.120000,76.467023,938351.186637,550565.568072,4497.281400,5086.599947,5231.860469
110,-1,50.760000,76.476507,938376.003189,550545.429005,4496.390700,5086.599983,5231.652147
111,-1,50.399999,76.491352,938400.692772,550525.134426,4494.996600,5086.600068,5231.326404
112,-1,50.040000,76.499593,938425.254074,550504.684992,4494.222800,5086.599877,5231.145518
113,-1,49.679998,76.512233,938449.686768,550484.081687,4493.035999,5086.599956,5230.868662
114,-1,49.320000,76.567274,938473.989213,550463.325494,4487.869700,5086.599999,5229.666141
115,-1,48.959998,76.562203,938440.578519,550376.268910,4467.391300,4998.900059,5139.608193
116,-1,48.600000,76.589288,938464.203800,550355.572101,4464.893600,4998.900159,5139.028425
117,-1,48.240000,76.622158,938487.698503,550334.726998,4461.863200,4998.900016,5138.326292
118,-1,47.879999,76.655688,938511.061974,550313.734586,4458.772700,4998.899936,5137.612039
119,-1,47.520001,76.686694,938534.292898,550292.596177,4455.915700,4998.900014,5136.953465
120,-1,47.159998,76.704865,938438.127080,550142.698839,4412.794599,4823.500041,4956.337799
121,-1,46.800000,76.689128,938460.284844,550122.022043,4414.193499,4823.500128,4956.659771
122,-1,46.439999,76.667328,938421.877113,550037.654102,4395.347500,4735.800125,4866.977166
123,-1,46.080001,76.599900,938443.375101,550017.081308,4401.235400,4735.800026,4868.338218
124,-1,45.720000,76.583745,938464.743497,549996.373672,4402.646500,4735.799868,4868.665280
125,-1,45.360000,76.595757,938485.981643,549975.532507,4401.597299,4735.800137,4868.422209
126,-1,45.000000,76.625913,938445.074901,549892.544812,4378.112299,4648.100060,4777.667565
127,-1,44.639999,76.673575,938527.879525,549933.270780,4394.741200,4735.542855,4866.587044
128,-1,44.279999,76.745361,938548.903761,549912.213408,4388.537500,4735.799868,4865.411011
129,-1,43.919999,76.788609,938443.269130,549769.178261,4343.588699,4560.400007,4684.379189
130,-1,43.559997,76.854382,938463.080114,549748.476202,4338.066500,4560.400006,4683.120206
131,-1,43.199998,76.924291,938418.829875,549667.615472,4311.831100,4472.699973,4591.755123
132,-1,42.839999,76.971361,938438.003065,549647.069253,4307.959200,4472.700060,4590.880784
133,-1,42.480001,77.002191,938263.007024,549448.722865,4244.693199,4209.600074,4320.291710
134,-1,42.119999,77.034835,938280.807841,549429.159584,4242.167200,4209.599779,4319.723991
135,-1,41.760001,77.088197,938298.485627,549409.485411,4238.039800,4209.600040,4318.800101
136,-1,41.399999,77.145399,938315.868138,549389.549099,4233.565100,4209.371640,4317.579752
137,-1,41.039998,77.214033,938333.468497,549369.805044,4228.313400,4209.599980,4316.637081
138,-1,40.680000,77.351951,938350.772268,549349.801147,4217.664399,4209.600193,4314.293061
139,-1,40.319999,77.511202,938434.816063,549386.435260,4224.807000,4297.299983,4401.445638
140,-1,39.960001,77.644726,938452.222196,549365.794225,4214.306600,4297.300078,4399.186979
141,-1,39.600000,77.838011,938469.498408,549345.043938,4199.125400,4297.300072,4395.963622
142,-1,39.239999,78.030922,938486.643715,549324.185384,4183.995500,4297.299840,4392.800783
143,-1,38.879999,78.206538,938571.928978,549358.268321,4188.552000,4384.999942,4479.560242
144,-1,38.519998,78.395873,938589.155649,549336.766068,4173.440400,4385.000035,4476.496199
145,-1,38.160000,78.562519,937571.753157,548502.258879,3893.975900,3069.333380,3131.520152
146,-1,37.799996,78.695732,937583.752805,548487.159827,3886.584400,3069.500061,3130.226260
147,-1,37.440001,78.856215,937595.525419,548471.883939,3877.648300,3069.500140,3128.486963
148,-1,37.079996,78.973646,937327.335667,548245.026125,3802.759600,2718.699979,2769.832993
149,-1,36.720002,78.956610,937267.294448,548178.929801,3786.482600,2630.999935,2680.638924
150,-1,36.359998,78.935678,937277.136948,548165.648003,3787.480500,2631.000040,2680.830355
151,-1,36.000003,78.919473,937286.895459,548152.304854,3788.253100,2631.000001,2680.978695
152,-1,35.639997,78.925763,937296.570308,548138.900353,3787.953200,2631.000085,2680.921156
153,-1,35.279997,78.969343,937306.160512,548125.435485,3785.875700,2631.000072,2680.522871
154,-1,34.919996,79.034761,937243.756109,548061.708250,3765.766300,2543.300001,2590.597136
155,-1,34.559995,79.097414,937252.862390,548048.576715,3762.881400,2543.300006,2590.049943
156,-1,34.200005,79.146635,935521.046628,546852.315328,3357.071700,438.499988,446.486607
157,-1,33.839971,79.071503,935522.588292,546850.031540,3357.668000,438.500046,446.599329
158,-1,33.480014,78.996937,935524.115192,546847.738566,3358.260100,438.500036,446.711950
159,-1,33.120001,78.922927,935525.627984,546845.435749,3358.848100,438.500139,446.824651
160,-1,32.760002,78.849476,935527.126012,546843.123417,3359.431900,438.499991,446.937037
161,-1,32.400013,78.776608,935528.609605,546840.801900,3360.011400,438.500043,447.049518
162,-1,32.039986,78.704306,935530.078762,546838.470868,3360.586700,438.500120,447.161923
163,-1,31.680023,78.632562,935531.532828,546836.130977,3361.157800,438.500016,447.274034
164,-1,31.319993,78.561408,935532.972457,546833.781572,3361.724500,438.499941,447.386002
165,-1,30.960014,78.490823,935534.397323,546831.423638,3362.287000,438.500131,447.498082
166,-1,30.600020,78.420816,935535.807097,546829.056516,3362.845100,438.499964,447.609607
167,-1,30.240011,78.351849,935537.202108,546826.680537,3363.395200,438.499891,447.720277
168,-1,29.880011,78.283487,935538.582354,546824.296027,3363.940800,438.500079,447.830937
169,-1,29.519991,78.215605,935539.947509,546821.902659,3364.482800,438.500080,447.941317
170,-1,29.159971,78.148206,935541.297572,546819.500761,3365.021200,438.500059,448.051563
171,-1,28.799998,78.081287,935542.632215,546817.090661,3365.556000,438.499887,448.161538
172,-1,28.439977,78.014858,935543.952094,546814.672031,3366.087199,438.499979,448.271634
173,-1,28.080011,77.948937,935545.256554,546812.245526,3366.614600,438.500072,448.381541
174,-1,27.719990,77.883509,935546.545921,546809.810492,3367.138300,438.500145,448.491245
175,-1,27.360015,77.818568,935547.819541,546807.367583,3367.658300,438.499927,448.600467
176,-1,26.999995,77.754136,935549.078068,546804.916473,3368.174499,438.499846,448.709594
177,-1,26.640011,77.690226,935550.321176,546802.457816,3368.686800,438.499911,448.818600
178,-1,26.280010,77.626808,935551.548864,546799.991286,3369.195400,438.499974,448.927368
179,-1,25.919979,77.579633,935552.761132,546797.516881,3369.573900,438.500036,449.008686
180,-1,25.560000,77.539016,935553.957652,546795.035259,3369.899900,438.500092,449.078970
181,-1,25.200019,77.498817,935555.138424,546792.546091,3370.222599,438.499994,449.148616
182,-1,24.840003,77.459022,935556.303776,546790.049376,3370.542200,438.500043,449.217952
183,-1,24.479997,77.419636,935557.453380,546787.545444,3370.858600,438.500080,449.286797
184,-1,24.119984,77.380673,935558.587236,546785.034295,3371.171700,438.500106,449.355122
185,-1,23.760008,77.342115,935559.705015,546782.516255,3371.481600,438.499955,449.422781
186,-1,23.399981,77.303974,935560.807375,546779.990998,3371.788300,438.500095,449.490224
187,-1,23.040001,77.266242,935561.893659,546777.459179,3372.091799,438.500186,449.557113
188,-1,22.680015,77.228913,935562.963867,546774.920470,3372.392100,438.500096,449.623313
189,-1,22.319992,77.191996,935564.018327,546772.374871,3372.689199,438.500131,449.689117
190,-1,21.959990,77.155478,935565.056383,546769.822711,3372.983100,438.499812,449.754050
191,-1,21.600001,77.119390,935566.078690,546767.264317,3373.273700,438.499867,449.818795
192,-1,21.239988,77.083697,935567.084922,546764.699362,3373.561200,438.499870,449.882975
193,-1,20.880018,77.048416,935568.075077,546762.128501,3373.845500,438.500061,449.946795
194,-1,20.520010,77.013544,935569.048829,546759.551078,3374.126500,438.499896,450.009697
195,-1,20.160016,76.979072,935570.006504,546756.967750,3374.404400,438.499916,450.072248
196,-1,19.799981,76.945020,935570.948103,546754.378188,3374.679000,438.500010,450.134288
197,-1,19.439987,76.911362,935571.873298,546751.783049,3374.950500,438.500092,450.195774
198,-1,19.079978,76.878107,935572.782089,546749.182004,3375.218800,438.500051,450.256569
199,-1,18.719982,76.845256,935573.674476,546746.575382,3375.483900,438.499996,450.316773
200,-1,18.359983,76.812810,935574.550458,546743.963183,3375.745800,438.499925,450.376380
201,-1,18.000008,76.780759,935575.410037,546741.345734,3376.004600,438.499942,450.435508
202,-1,17.640002,76.760663,935576.253211,546738.722707,3376.166900,438.499944,450.472652
203,-1,17.279992,76.743160,935577.079981,546736.094432,3376.308300,438.500034,450.505144
204,-1,16.920018,76.726003,935577.890018,546733.461235,3376.446900,438.499996,450.536911
205,-1,16.560012,76.709209,935578.683652,546730.822789,3376.582599,438.500047,450.568137
206,-1,16.200012,76.692760,935579.460553,546728.179421,3376.715500,438.499968,450.598632
207,-1,15.839993,76.676678,935580.221051,546725.531133,3376.845500,438.500076,450.628677
208,-1,15.479993,76.660944,935580.964815,546722.878251,3376.972700,438.500145,450.658074
209,-1,15.120009,76.645547,935581.691520,546720.220776,3377.097100,438.499857,450.686511
210,-1,14.760005,76.630519,935582.401820,546717.558708,3377.218599,438.499846,450.714578
211,-1,14.400020,76.615853,935583.095389,546714.892375,3377.337199,438.499878,450.742048
212,-1,14.039996,76.601546,935583.772225,546712.221448,3377.452900,438.499873,450.768840
213,-1,13.680004,76.587590,935584.432328,546709.546585,3377.565800,438.499993,450.795131
214,-1,13.319998,76.573987,935585.075372,546706.867456,3377.675800,438.499839,450.820509
215,-1,12.959985,76.560744,935585.702011,546704.184391,3377.783000,438.500127,450.845692
216,-1,12.600022,76.547861,935586.311261,546701.497716,3377.887200,438.499970,450.869769
217,-1,12.239993,76.535326,935586.903780,546698.806777,3377.988600,438.499864,450.893266
218,-1,11.880007,76.523171,935587.479566,546696.112556,3378.087000,438.500023,450.916343
219,-1,11.519997,76.511148,935588.014998,546693.409806,3378.178600,438.476247,450.914578
220,-1,11.160015,76.499916,935588.579958,546690.713289,3378.275200,438.499959,450.960177
221,-1,10.800013,76.488828,935589.104891,546688.008570,3378.365000,438.500124,450.981310
222,-1,10.440015,76.478099,935589.612436,546685.300570,3378.451800,438.499905,451.001385
223,-1,10.079993,76.467725,935590.103249,546682.589290,3378.535800,438.499949,451.021075
224,-1,9.719980,76.457723,935590.577001,546679.875056,3378.616800,438.499991,451.040077
225,-1,9.360006,76.448081,935591.033693,546677.158198,3378.694900,438.500086,451.058464
226,-1,9.000014,76.438797,935591.473325,546674.438387,3378.770099,438.500177,451.076179
227,-1,8.639996,76.429876,935591.895568,546671.715624,3378.842300,438.499944,451.092887
228,-1,8.280010,76.421313,935592.301079,546668.990563,3378.911700,438.500134,451.109361
229,-1,7.919998,76.409395,935505.825858,546654.178585,3357.806600,350.800161,360.905683
230,-1,7.560005,76.396702,935506.122445,546651.994534,3357.888800,350.799903,360.924757
231,-1,7.199981,76.388957,935506.405581,546649.808515,3357.939000,350.799900,360.936565
232,-1,6.840028,76.381906,935506.674938,546647.621184,3357.984700,350.799911,360.947332
233,-1,6.480017,76.375530,935506.930843,546645.431884,3358.026100,350.800179,360.957343
234,-1,6.120000,76.369819,935507.172640,546643.240943,3358.063100,350.800094,360.965978
235,-1,5.760009,76.364787,935507.400658,546641.048690,3358.095700,350.800018,360.973588
236,-1,5.399978,76.360418,935507.614897,546638.854797,3358.124000,350.799917,360.980162
237,-1,5.040009,76.351788,935944.619928,546675.182808,3464.654899,789.299852,812.235100
238,-1,4.680000,76.308694,935945.040203,546670.241217,3465.283700,789.299957,812.383803
239,-1,4.320010,76.265984,935945.429310,546665.297329,3465.907100,789.299971,812.531596
240,-1,3.960000,76.223685,935945.787249,546660.350817,3466.524699,789.299868,812.678345
241,-1,3.600002,76.181837,935946.114348,546655.402336,3467.136000,789.300024,812.824283
242,-1,3.240004,76.128253,936033.970143,546655.408570,3489.576700,877.000158,903.346415
243,-1,2.879996,76.083314,936034.264106,546649.905956,3490.306600,876.999963,903.521496
244,-1,2.519995,76.049459,936034.523620,546644.401702,3490.856700,876.999903,903.653901
245,-1,2.160006,76.015959,936034.748685,546638.896135,3491.401199,876.999992,903.785412
246,-1,1.799997,75.982817,936034.938973,546633.388929,3491.940000,876.999889,903.915665
247,-1,1.439993,75.950050,936035.094813,546627.880738,3492.472899,876.999947,904.044944
248,-1,1.080004,75.917659,936035.215875,546622.371890,3492.999800,876.999845,904.172904
249,-1,0.719993,75.885666,936035.302489,546616.862059,3493.520399,876.999903,904.299772
250,-1,0.359989,75.854078,936035.354655,546611.351899,3494.034600,877.000136,904.425526
251,-1,0.000000,75.822730,936035.324143,546605.841740,3494.532900,876.952314,904.501070
252,-1,359.640010,75.792144,936035.354655,546600.331580,3495.043100,877.000136,904.672524
253,-1,359.280006,75.761821,936035.302489,546594.821420,3495.537000,876.999903,904.793649
254,-1,358.919995,75.731938,936035.215875,546589.311589,3496.023900,876.999845,904.913470
255,-1,358.560006,75.702514,936035.094813,546583.802742,3496.503500,876.999947,905.031890
256,-1,358.200002,75.673542,936034.938973,546578.294551,3496.975800,876.999889,905.148587
257,-1,357.839993,75.645053,936034.748685,546572.787344,3497.440400,876.999992,905.263762
258,-1,357.480004,75.617040,936034.523620,546567.281777,3497.897300,876.999903,905.377063
259,-1,357.120003,75.620921,936034.264106,546561.777523,3497.834000,876.999963,905.361399
260,-1,356.759995,75.639887,936033.970143,546556.274910,3497.524699,877.000158,905.284827
261,-1,356.400009,75.659103,936033.641404,546550.774593,3497.211300,877.000125,905.207118
262,-1,356.040009,75.678547,936033.277887,546545.276244,3496.894200,876.999880,905.128390
263,-1,355.680004,75.698191,936032.880250,546539.780192,3496.573999,877.000061,905.049413
264,-1,355.319999,75.717999,936032.447836,546534.286765,3496.251099,876.999989,904.969632
265,-1,354.960003,75.737954,936031.980974,546528.796290,3495.925900,876.999965,904.889438
266,-1,354.600001,75.758023,936031.479662,546523.308768,3495.598900,876.999989,904.808958
267,-1,354.240000,75.778175,936030.943902,546517.824527,3495.270600,877.000030,904.728286
268,-1,353.880009,75.798393,936030.373694,546512.343895,3494.941300,877.000056,904.647467
269,-1,353.519991,75.818639,936029.769036,546506.866544,3494.611600,877.000103,904.566682
270,-1,353.159995,75.838893,936029.129930,546501.393458,3494.281800,877.000065,904.485903
271,-1,352.800008,75.859113,936028.456375,546495.924637,3493.952600,876.999935,904.405295
272,-1,352.439997,75.879297,936027.748699,546490.459753,3493.624100,877.000082,904.325239
273,-1,352.080009,75.899390,936027.006574,546484.999790,3493.297100,877.000056,904.245492
274,-1,351.720008,75.919387,936026.230001,546479.544420,3492.971699,876.999897,904.166118
275,-1,351.360003,75.932461,936025.419307,546474.093972,3492.759000,876.999888,904.114385
276,-1,351.000003,75.942495,936024.574493,546468.648773,3492.595800,876.999980,904.074820
277,-1,350.639993,75.952661,936023.695557,546463.208823,3492.430500,877.000173,904.034871
278,-1,350.279998,75.962939,936022.782173,546457.774779,3492.263300,877.000039,903.994172
279,-1,349.920006,75.973335,936021.834669,546452.346640,3492.094200,876.999898,903.953035
280,-1,349.560008,75.983841,936020.853371,546446.924407,3491.923400,877.000074,903.911823
281,-1,349.200003,75.994429,936019.837625,546441.508407,3491.751200,876.999865,903.869930
282,-1,348.840005,76.005112,936018.788087,546436.098969,3491.577500,876.999854,903.827897
283,-1,348.480002,76.015496,936017.658168,546430.705607,3491.396900,876.952494,903.738282
284,-1,348.119992,76.026695,936016.587304,546425.300106,3491.226700,877.000047,903.743313
285,-1,347.760011,76.037579,936015.436059,546419.911665,3491.049799,877.000050,903.700616
286,-1,347.399997,76.048510,936014.250694,546414.530114,3490.872099,876.999869,903.657580
287,-1,347.040009,76.059490,936013.031865,546409.156437,3490.693700,876.999934,903.614648
288,-1,346.680006,76.070500,936011.779243,546403.790306,3490.514800,876.999997,903.571626
289,-1,346.319995,76.081530,936010.492828,546398.432049,3490.335600,876.999986,903.528494
290,-1,345.960008,76.092580,936009.172949,546393.082323,3490.156099,877.000065,903.485410
291,-1,345.600005,76.114988,936007.819277,546387.740798,3489.792100,876.999993,903.397920
292,-1,345.239999,76.151147,936006.432140,546382.407803,3489.204900,877.000009,903.257203
293,-1,344.879995,76.186776,936005.011540,546377.083667,3488.626500,877.000031,903.118953
294,-1,344.520001,76.221847,936003.557474,546371.768717,3488.057300,876.999974,902.983165
295,-1,344.160001,76.256342,936002.069944,546366.462953,3487.497600,876.999836,902.849895
296,-1,343.800008,76.290227,936000.549278,546361.166704,3486.948000,876.999845,902.719489
297,-1,343.440008,76.323488,935998.995475,546355.879969,3486.408700,877.000001,902.591976
298,-1,343.080001,76.356089,935997.408208,546350.603077,3485.880200,876.999898,902.467063
299,-1,342.720007,76.388011,935995.788133,546345.336355,3485.362899,877.000069,902.345345
300,-1,342.359997,76.419221,935994.134593,546340.079804,3484.857200,876.999888,902.226289
301,-1,341.999991,76.449706,935992.448244,546334.833751,3484.363400,876.999884,902.110461
302,-1,341.639996,76.479435,935990.729088,546329.598526,3483.882000,876.999954,901.997859
303,-1,341.279997,76.528306,935988.977123,546324.374127,3483.090900,877.000097,901.813372
304,-1,340.920006,76.581651,935987.147074,546319.176631,3482.216300,876.952274,901.563504
305,-1,340.560005,76.634585,935985.374440,546313.959121,3481.371499,876.999875,901.414146
306,-1,340.199998,76.687183,935983.524378,546308.768515,3480.521200,877.000131,901.218219
307,-1,339.840011,76.739378,935981.641508,546303.590048,3479.677700,877.000028,901.024262
308,-1,339.479997,76.805270,935979.726157,546298.423063,3478.613400,877.000100,900.780797
309,-1,339.120001,76.874821,935977.778326,546293.268546,3477.490600,877.000005,900.525077
310,-1,338.759998,76.943882,935975.798343,546288.126168,3476.376399,877.000166,900.272876
311,-1,338.399995,76.990507,935892.244377,546315.280969,3455.361999,789.299992,810.092820
312,-1,338.039991,77.022023,935890.404157,546310.675663,3454.904700,789.299906,809.989915
313,-1,337.680008,77.053903,935888.535395,546306.082169,3454.442300,789.300090,809.886375
314,-1,337.319991,77.089361,935886.637432,546301.500157,3453.928100,789.300062,809.771304
315,-1,336.960010,77.137653,935884.710927,546296.930612,3453.228000,789.300051,809.615157
316,-1,336.599997,77.185785,935882.755550,546292.372878,3452.530499,789.300008,809.460131
317,-1,336.239995,77.217933,935800.505059,546323.162515,3432.168699,701.600049,719.428456
318,-1,335.880011,77.249509,935798.716348,546319.133652,3431.762200,701.600051,719.338632
319,-1,335.520003,77.281726,935796.902048,546315.115943,3431.347500,701.599835,719.247009
320,-1,335.160006,77.314608,935795.062812,546311.109718,3430.924400,701.599867,719.154009
321,-1,334.800004,77.348141,935793.198643,546307.114975,3430.493100,701.600145,719.059692
322,-1,334.439985,77.382327,935791.308883,546303.132043,3430.053400,701.599939,718.963313
323,-1,334.079993,77.420424,935789.394517,546299.161251,3429.563599,701.599996,718.856533
324,-1,333.720003,77.459458,935787.455216,546295.202597,3429.061900,701.600018,718.747453
325,-1,333.360000,77.498659,935785.490981,546291.256083,3428.558200,701.600005,718.638240
326,-1,333.000007,77.538045,935783.502140,546287.322035,3428.052300,701.600105,718.529000
327,-1,332.640012,77.577572,935781.454572,546283.418172,3427.536300,701.561873,718.380491
328,-1,332.279989,77.617282,935779.449983,546279.491671,3427.034900,701.599915,718.309955
329,-1,331.919999,77.657132,935777.353858,546275.613726,3426.515199,701.562038,718.161688
330,-1,331.560005,77.697139,935775.300057,546271.713143,3426.010200,701.599855,718.090857
331,-1,331.199999,77.737286,935773.188512,546267.843400,3425.495300,701.599908,717.981370
332,-1,330.840000,77.777569,935771.052690,546263.987108,3424.978800,701.599904,717.871842
333,-1,330.480008,77.817985,935768.892917,546260.144268,3424.460800,701.600129,717.762575
334,-1,330.120005,77.858522,935766.708538,546256.315208,3423.941300,701.599849,717.652858
335,-1,329.759994,77.899190,935764.500538,546252.499599,3423.420400,701.600085,717.543711
336,-1,329.400016,77.939959,935762.268587,546248.698425,3422.898300,701.600058,717.434416
337,-1,329.040011,77.980816,935759.979877,546244.930716,3422.367100,701.561837,717.286234
338,-1,328.679988,78.021839,935757.732835,546241.137745,3421.850200,701.600042,717.216147
339,-1,328.320003,78.062900,935755.397209,546237.399235,3421.316800,701.561960,717.068377
340,-1,327.959999,78.104112,935753.102595,546233.635135,3420.797700,701.599914,716.998326
341,-1,327.600006,78.145388,935750.752206,546229.905812,3420.269900,701.599838,716.889640
342,-1,327.239988,78.186752,935748.378523,546226.190924,3419.741200,701.600057,716.781431
343,-1,326.880001,78.228194,935745.981546,546222.491456,3419.211600,701.600042,716.673183
344,-1,326.520006,78.269712,935743.561275,546218.807081,3418.681200,701.599968,716.565089
345,-1,326.160005,78.311307,935741.118038,546215.137797,3418.149999,701.600111,716.457422
346,-1,325.799990,78.355481,935738.651508,546211.483933,3417.586000,701.600018,716.343281
347,-1,325.439999,78.400204,935736.162340,546207.845816,3417.015199,701.600049,716.228320
348,-1,325.080004,78.445158,935733.650206,546204.223448,3416.441600,701.599930,716.113088
349,-1,324.720001,78.490288,935731.084266,546200.638810,3415.858200,701.561793,715.959087
350,-1,324.359989,78.535766,935728.558024,546197.025956,3415.286100,701.600058,715.882655
351,-1,323.999999,78.585225,935725.978305,546193.451488,3414.655700,701.600193,715.757758
352,-1,323.640007,78.638778,935723.375948,546189.893425,3413.973300,701.600068,715.622894
353,-1,323.280013,78.692822,935720.751281,546186.351765,3413.284900,701.599948,715.487484
354,-1,322.920003,78.747335,935718.104305,546182.826510,3412.590800,701.599836,715.351606
355,-1,322.559992,78.802364,935715.405163,546179.340952,3411.882900,701.561870,715.176563
356,-1,322.200010,78.857806,935712.744736,546175.826195,3411.185100,701.600091,715.078883
357,-1,321.840013,78.913776,935710.001959,546172.375087,3410.465800,701.561928,714.902780
358,-1,321.479998,78.970157,935707.297240,546168.893795,3409.756500,701.600038,714.804136
359,-1,321.120003,79.027034,935704.541012,546165.453513,3409.033700,701.600005,714.666170
360,-1,320.760004,79.084381,935701.763130,546162.030619,3408.305200,701.599898,714.527756
361,-1,320.400003,79.142194,935698.963923,546158.625114,3407.571100,701.599973,714.389182
362,-1,320.039994,79.200505,935696.114191,546155.261604,3406.823699,701.562048,714.211516
363,-1,319.680000,79.259217,935693.301533,546151.867254,3406.086000,701.600044,714.110989
364,-1,319.320008,79.318413,935690.438678,546148.515226,3405.335200,701.600079,713.971481
365,-1,318.959998,79.359106,935290.667496,546490.676616,3305.954800,175.399969,178.468955
366,-1,318.599975,79.398441,935289.934230,546489.853783,3305.828400,175.390625,178.436474
367,-1,318.240017,79.438062,935289.209822,546489.023404,3305.704600,175.399840,178.422798
368,-1,317.879994,79.494238,935288.473274,546488.203523,3305.526700,175.399931,178.390364
369,-1,317.519935,79.572768,935287.731478,546487.388236,3305.278100,175.399975,178.345246
370,-1,317.159976,79.652126,935286.984760,546486.577871,3305.027000,175.399990,178.299987
371,-1,316.799951,79.732312,935286.232793,546485.772098,3304.773400,175.399957,178.254576
372,-1,316.439997,79.813328,935285.475905,546484.971246,3304.517300,175.399892,178.209041
373,-1,316.080023,79.895188,935284.714096,546484.174988,3304.258700,175.400019,178.163613
374,-1,315.720017,79.977866,935283.947037,546483.383651,3303.997600,175.399875,178.117847
375,-1,315.360002,80.058289,935657.558166,546112.889313,3395.968500,701.561896,712.257219
376,-1,315.000000,80.134251,935654.450889,546109.762679,3395.009999,701.561735,712.092204
377,-1,314.639998,80.210054,935651.351158,546106.628171,3394.060600,701.600175,711.968029
378,-1,314.280000,80.285425,935648.178264,546103.567810,3393.103900,701.562145,711.768495
379,-1,313.919995,80.360715,935645.038834,546100.473000,3392.161600,701.599841,711.647261
380,-1,313.560003,80.435664,935641.854129,546097.425106,3391.217600,701.600034,711.489992
381,-1,313.199992,80.515244,935638.650068,546094.397224,3390.215700,701.600084,711.324257
382,-1,312.839973,80.588219,935337.267468,546412.922178,3316.611500,263.099994,266.690026
383,-1,312.480029,80.634167,935336.042405,546411.812600,3316.392400,263.085804,266.640284
384,-1,312.120001,80.680369,935334.819638,546410.700070,3316.174499,263.085729,266.604835
385,-1,311.759985,80.726825,935333.599497,546409.584586,3315.957800,263.099992,266.583905
386,-1,311.399989,80.773328,935332.362950,546408.487476,3315.738600,263.100011,266.548689
387,-1,311.040001,80.820010,935331.119515,546407.398239,3315.518600,263.099954,266.513446
388,-1,310.680006,80.866830,935329.869189,546406.316876,3315.298000,263.099820,266.478210
389,-1,310.320000,80.913723,935328.603115,546405.253886,3315.074900,263.085875,266.429118
390,-1,309.960005,80.960945,935327.348525,546404.177445,3314.854800,263.100003,266.408400
391,-1,309.600017,81.008212,935326.078186,546403.119704,3314.632300,263.100068,266.373599
392,-1,309.239966,81.055637,935324.800958,546402.069837,3314.409100,263.100062,266.338800
393,-1,308.879993,81.103206,935323.517496,546401.028173,3314.185300,263.100149,266.304182
394,-1,308.519973,81.150925,935322.227144,546399.994710,3313.960800,263.099912,266.269320
395,-1,308.159959,81.198773,935320.930559,546398.969122,3313.735799,263.100020,266.234907
396,-1,307.799990,81.246694,935319.618881,546397.963218,3313.508300,263.085711,266.186051
397,-1,307.440002,81.294838,935318.309501,546396.954362,3313.282000,263.085528,266.151526
398,-1,307.080010,81.343219,935317.002745,546395.941897,3313.056900,263.100193,266.132047
399,-1,306.719992,81.391540,935315.672039,546394.960928,3312.827699,263.085676,266.083292
400,-1,306.359986,81.440112,935314.343958,546393.976678,3312.599600,263.085745,266.049314
401,-1,306.000021,81.488891,935313.018173,546392.989475,3312.372700,263.099939,266.029674
402,-1,305.639994,81.537738,935311.677624,546392.021957,3312.143400,263.099917,265.995812
403,-1,305.280004,81.586704,935310.331170,546391.062970,3311.913600,263.099907,265.962083
404,-1,304.920004,81.635731,935308.970609,546390.123995,3311.681500,263.085799,265.914264
405,-1,304.559980,81.688664,935307.620218,546389.170257,3311.435300,263.100005,265.892619
406,-1,304.200017,81.741764,935306.256047,546388.236860,3311.186300,263.100030,265.856764
407,-1,303.839983,81.794949,935304.877769,546387.323804,3310.934899,263.085687,265.806575
408,-1,303.480018,81.848648,935303.509990,546386.395656,3310.685300,263.100112,265.785347
409,-1,303.119993,81.902425,935302.128103,546385.488178,3310.433300,263.099902,265.749525
410,-1,302.760014,81.956324,935300.733092,546384.601368,3310.178799,263.085596,265.699631
411,-1,302.400021,82.010739,935299.347925,546383.699139,3309.926000,263.099970,265.678610
412,-1,302.039995,82.065104,935297.941759,546382.829718,3309.669500,263.085779,265.629025
413,-1,301.680033,82.119820,935296.537891,546381.957345,3309.413400,263.085695,265.593709
414,-1,301.319981,82.174907,935295.135663,546381.081362,3309.157600,263.099930,265.572862
415,-1,300.960007,82.230107,935293.720967,546380.226377,3308.899399,263.100135,265.538035
416,-1,300.600020,82.285503,935292.300695,546379.380578,3308.640300,263.099978,265.502974
417,-1,300.240031,82.341109,935290.875173,546378.543638,3308.380300,263.099911,265.468131
418,-1,299.879980,82.396842,935289.437183,546377.727695,3308.117900,263.085812,265.419312
419,-1,299.519991,82.489313,935288.008380,546376.896331,3307.687699,263.100048,265.376849
420,-1,299.159959,82.612630,935286.560221,546376.098761,3307.109900,263.085727,265.287740
421,-1,298.800004,82.736081,935285.121247,546375.285442,3306.535500,263.100021,265.228677
422,-1,298.439996,82.860403,935283.663245,546374.506244,3305.953700,263.085633,265.141465
423,-1,298.080018,82.984836,935282.214101,546373.710970,3305.375300,263.099985,265.084444
424,-1,297.720009,83.109960,935280.753146,546372.937350,3304.792200,263.100059,265.013934
425,-1,297.359995,83.235749,935279.280708,546372.185711,3304.204600,263.085721,264.929847
426,-1,297.000012,83.361801,935277.810238,546371.430791,3303.617800,263.085587,264.861239
427,-1,296.640015,83.466086,935315.656291,546292.299060,3313.176800,350.781148,353.074481
428,-1,296.279996,83.518915,935313.691400,546291.300046,3312.851299,350.800009,353.056330
429,-1,295.919994,83.571813,935311.712073,546290.330232,3312.523300,350.800145,353.019593
430,-1,295.559990,83.624795,935309.726513,546289.373212,3312.194800,350.799898,352.982721
431,-1,295.200016,83.677824,935307.727173,546288.445721,3311.864000,350.780916,352.927275
432,-1,294.839995,83.730978,935305.729802,546287.513636,3311.534600,350.780777,352.891015
433,-1,294.480002,83.784195,935303.726853,546286.594019,3311.204900,350.780829,352.855218
434,-1,294.119975,83.837520,935301.717999,546285.686868,3310.874600,350.780937,352.819715
435,-1,293.760020,83.890921,935299.703895,546284.792513,3310.543900,350.781069,352.784499
436,-1,293.400024,83.944393,935297.683886,546283.910953,3310.212799,350.780958,352.749306
437,-1,293.040024,83.997975,935295.665845,546283.024472,3309.883100,350.799993,352.733608
438,-1,292.680007,84.051618,935293.627464,546282.185563,3309.549100,350.781139,352.680087
439,-1,292.319990,84.105373,935291.598268,546281.324672,3309.218400,350.799959,352.664690
440,-1,291.959982,84.159193,935289.556606,546280.493965,3308.885400,350.799971,352.630659
441,-1,291.600009,84.259801,935287.510022,546279.676053,3308.263100,350.800125,352.568027
442,-1,291.239990,84.336882,935317.220920,546197.150628,3316.480700,438.476292,440.626860
443,-1,290.880015,84.379909,935314.650059,546196.160800,3316.148200,438.476176,440.594058
444,-1,290.519988,84.422837,935312.072637,546195.187049,3315.816500,438.476012,440.561534
445,-1,290.160014,84.465673,935309.489637,546194.229374,3315.485600,438.476147,440.529633
446,-1,289.800000,84.508424,935306.900403,546193.287775,3315.155400,438.476352,440.498114
447,-1,289.440001,84.551086,935304.305264,546192.362908,3314.825900,438.476124,440.466477
448,-1,289.079978,84.593648,935301.712093,546191.431479,3314.499500,438.500051,440.459423
449,-1,288.719997,84.636200,935299.097925,546190.561730,3314.168699,438.476134,440.404566
450,-1,288.360019,84.678650,935296.486054,546189.685748,3313.841000,438.476166,440.374086
451,-1,288.000008,84.721001,935293.875823,546188.803532,3313.516300,438.499942,440.367766
452,-1,287.640002,84.763330,935291.252796,546187.960358,3313.189600,438.499944,440.337830
453,-1,287.279992,84.811187,935288.624521,546187.133588,3312.820300,438.500034,440.304368
454,-1,286.919977,84.941883,935285.984106,546186.346188,3311.809899,438.476238,440.190436
455,-1,286.559986,85.010366,935308.340689,546101.494979,3318.938100,526.171372,528.172909
456,-1,286.200011,85.050604,935305.169107,546100.562566,3318.565800,526.171534,528.140820
457,-1,285.839992,85.090888,935301.991292,546099.650167,3318.193100,526.171510,528.108771
458,-1,285.480008,85.131430,935298.815773,546098.730221,3317.820500,526.200146,528.105549
459,-1,285.120005,85.171612,935295.619258,546097.885406,3317.446400,526.171543,528.045429
460,-1,284.760010,85.212052,935292.425038,546097.033046,3317.072400,526.171597,528.014134
461,-1,284.399991,85.252526,935289.225241,546096.201027,3316.698099,526.171333,527.982761
462,-1,284.039986,85.368891,935286.020523,546095.388692,3315.622300,526.171552,527.895030
463,-1,283.680008,85.497032,935282.810884,546094.597027,3314.437999,526.171297,527.800475
464,-1,283.320015,85.625049,935279.596324,546093.825047,3313.255300,526.171522,527.709163
465,-1,282.960012,85.752945,935276.376842,546093.073408,3312.074100,526.171592,527.620441
466,-1,282.599983,85.880721,935273.152439,546092.342110,3310.894400,526.171509,527.534305
467,-1,282.240003,86.008363,935269.930004,546091.603267,3309.718299,526.199993,527.479541
468,-1,281.880001,86.135949,935266.690838,546090.940538,3308.539099,526.171316,527.370156
469,-1,281.520011,86.263412,935263.453639,546090.269936,3307.363400,526.171522,527.292437
470,-1,281.160017,86.390791,935260.212176,546089.620003,3306.188800,526.171395,527.217065
471,-1,280.799988,86.518088,935256.966448,546088.990083,3305.015300,526.171582,527.144679
472,-1,280.439995,86.645299,935253.717110,546088.380832,3303.842900,526.171562,527.074755
473,-1,280.079989,86.772443,935250.463836,546087.792251,3302.671400,526.171275,527.007213
474,-1,279.720012,86.899536,935247.207281,546087.223682,3301.500700,526.171480,526.942802
475,-1,279.359986,87.026493,935243.951382,546086.647568,3300.333000,526.200007,526.909423
476,-1,278.999980,87.153559,935240.683016,546086.148225,3299.161600,526.171531,526.821516
477,-1,278.640003,87.280510,935237.416290,546085.641336,3297.993000,526.171536,526.764782
478,-1,278.279993,87.396779,935246.775195,545998.373794,3300.910099,613.866809,614.500962
479,-1,277.919994,87.510126,935242.956633,545997.830488,3299.693300,613.866655,614.446745
480,-1,277.559987,87.623462,935239.139056,545997.277996,3298.478200,613.899971,614.428444
481,-1,277.199996,87.736541,935235.309667,545996.815727,3297.263300,613.866528,614.345849
482,-1,276.839999,87.849627,935231.481591,545996.344271,3296.049900,613.866599,614.299193
483,-1,276.479995,87.962628,935227.650561,545995.896765,3294.837600,613.866772,614.255073
484,-1,276.120003,88.075559,935223.816908,545995.473538,3293.626200,613.866760,614.213188
485,-1,275.760009,88.188413,935219.980629,545995.074588,3292.415800,613.866563,614.173534
486,-1,275.399992,88.301206,935216.141726,545994.699261,3291.206200,613.866834,614.136756
487,-1,275.040009,88.413938,935212.300855,545994.348540,3289.997399,613.866657,614.101933
488,-1,274.680009,88.526616,935208.457686,545994.021769,3288.789300,613.866654,614.069679
489,-1,274.320010,88.639241,935204.612550,545993.719276,3287.581900,613.866528,614.039694
490,-1,273.959997,88.751307,935200.765445,545993.440733,3286.380600,613.866606,614.012419
491,-1,273.599987,88.857813,935196.916699,545993.186469,3285.239000,613.866587,613.988583
492,-1,273.239996,88.964299,935193.066641,545992.956154,3284.097700,613.866818,613.967124
493,-1,272.880012,89.070764,935189.215271,545992.750446,3282.956700,613.866640,613.947382
494,-1,272.519987,89.177216,935185.362260,545992.568688,3281.815900,613.866695,613.929995
495,-1,272.160001,89.283665,935181.508593,545992.411208,3280.675200,613.866701,613.914681
496,-1,271.800009,89.390091,935177.653942,545992.278006,3279.534799,613.866642,613.901424
497,-1,271.439995,89.496512,935173.798307,545992.169082,3278.394499,613.866521,613.890223
498,-1,271.080008,89.602918,935169.942344,545992.084109,3277.254400,613.866684,613.881426
499,-1,270.720001,89.709326,935166.085724,545992.023413,3276.114300,613.866794,613.874694
500,-1,270.359994,89.815727,935162.228776,545991.987324,3274.974300,613.866532,613.869706
501,-1,270.000000,89.922129,935158.371829,545991.975185,3273.834300,613.866554,613.867121
502,-1,269.640005,90.028532,935154.514881,545991.987324,3272.694300,613.866532,613.866608
503,-1,269.279998,90.134935,935150.657933,545992.023413,3271.554300,613.866794,613.868497
504,-1,268.920000,90.138211,927340.067583,131881.042582,2272.401800,414798.487120,414799.693966
505,-1,268.559999,90.172174,924357.598155,116947.202043,1981.461899,429794.373367,429796.313907
506,-1,268.199999,90.199900,921501.193434,112027.383799,1756.034499,434793.002045,434795.648336
507,-1,267.840000,90.192301,918199.136062,96961.275151,1762.781600,449964.278515,449966.812887
508,-1,267.479999,90.207355,914730.371346,82445.765468,1591.554800,464609.383899,464612.426508
509,-1,267.119999,90.240977,911488.332227,76102.028484,1291.615100,471098.831523,471102.998238
510,-1,266.760000,90.248468,909568.445318,94559.046360,1309.504200,452770.526372,452774.783824
511,-1,266.399999,90.245550,905748.530714,79149.804213,1265.667700,468380.279019,468384.580401
512,-1,266.040000,90.236146,902799.905378,79168.845841,1341.819200,468555.669569,468559.649292
513,-1,265.680000,90.246961,899506.856846,74659.296789,1232.966400,473291.212480,473295.609052
514,-1,265.319999,90.249683,898588.613275,99889.833599,1319.777400,448210.373786,448214.629668
515,-1,264.959999,90.248792,894896.578993,90082.464106,1282.955800,458295.326496,458299.647135
516,-1,264.600000,90.247941,892169.270143,91828.648934,1296.212400,456804.507377,456808.784558
517,-1,264.239999,90.234031,889295.085603,91933.227793,1406.401300,456979.897694,456983.709871
518,-1,263.880000,90.248000,884494.565020,74093.715243,1216.029000,475220.507771,475224.959504
519,-1,263.520000,90.164879,920936.429144,421392.871366,2910.357699,126018.060624,126018.582411
520,-1,263.159999,90.107997,920139.534412,421397.630542,3035.301100,126105.755731,126105.979752
521,-1,262.800000,90.095426,919023.395897,418884.355385,3058.588399,128736.612993,128736.791544
522,-1,262.439999,90.103718,918198.146563,418814.388990,3039.638400,128912.003463,128912.214683
523,-1,262.080000,90.213408,885676.223746,190919.248652,1935.414099,359112.009658,359114.500705
524,-1,261.719999,90.221791,876799.484610,145590.306502,1704.311500,405239.705877,405242.742073
525,-1,261.360000,90.191632,872792.328582,136167.793523,1884.482500,415149.268064,415151.590090
526,-1,261.000000,90.073314,869954.065558,134922.054216,2739.648000,416815.477718,416815.818953
527,-1,260.639999,90.041526,866840.971390,132138.345217,2968.549100,420060.201490,420060.311820
528,-1,260.280000,90.071161,864326.996431,133094.392517,2751.939600,419534.030060,419534.353637
529,-1,259.920000,90.163837,861530.709701,132425.157635,2070.074299,420674.068270,420675.788161
530,-1,259.559999,90.176619,867860.482146,181364.773011,2128.152300,371389.343199,371391.107753
531,-1,259.199999,90.196882,879813.882124,256479.866547,2258.075000,295357.569773,295359.313540
532,-1,258.839999,90.207939,878076.938091,257263.515570,2202.668600,294919.093635,294921.035872
533,-1,258.479999,90.224059,861898.921235,187166.405764,1838.479900,366829.190817,366831.995719
534,-1,258.119999,90.215430,882407.006203,295848.896076,2309.518200,256245.492397,256247.303734
535,-1,257.760000,90.150253,880813.913589,296099.588488,2600.784300,256333.187589,256334.069006
536,-1,257.399999,90.143439,878131.472103,291482.158418,2618.535500,261419.511673,261420.330899
537,-1,257.040000,90.154933,877512.993025,296118.571062,2577.952800,257034.749536,257035.689272
538,-1,256.679999,90.125274,876021.099355,296827.053897,2711.772600,256683.968825,256684.582373
539,-1,256.319999,90.158161,870076.765115,279224.774469,2513.360100,275187.664453,275188.712922
540,-1,255.959999,90.187193,867908.735659,277682.233262,2367.328500,277204.655013,277206.134495
541,-1,255.600000,90.223312,865696.963508,276071.517652,2184.373900,279309.340616,279311.462103
542,-1,255.240000,90.230115,811583.774162,77569.143660,1324.923599,485042.374781,485046.286796
543,-1,254.880000,90.209736,858780.220779,263928.188920,2201.119100,292814.407707,292816.369572
544,-1,254.519999,90.216961,857707.804945,266949.083141,2174.158200,290183.550430,290185.630922
545,-1,254.160000,90.237014,856502.751581,269381.637003,2080.938800,288166.559976,288169.025570
546,-1,253.800000,90.238207,805560.952218,100528.597413,1341.740699,464521.688488,464525.703097
547,-1,253.440000,90.230186,848026.385004,253580.355285,2044.820000,305705.608126,305708.075238
548,-1,253.079999,90.261448,804432.195289,116874.685456,1223.338900,449175.021471,449179.697920
549,-1,252.719999,90.250623,802516.186982,120216.651541,1319.711700,446544.164354,446548.436403
550,-1,252.360000,90.278608,819691.079470,183486.577166,1420.149500,381035.819719,381040.324590
551,-1,251.999999,90.237200,783104.089324,78630.880054,1235.903300,492057.994135,492062.210859
552,-1,251.640000,90.263716,825744.387573,216927.000771,1674.182000,347360.847150,347364.526617
553,-1,251.280000,90.250884,824041.015652,218700.700307,1756.971800,346220.809053,346224.128222
554,-1,250.919999,90.267547,778839.814388,94674.651116,1039.976700,478202.146021,478207.359680
555,-1,250.559999,90.276106,776528.711726,97154.267876,976.147100,476623.631719,476629.165962
556,-1,250.200000,90.274972,773915.814065,98737.408082,988.528000,476009.764922,476015.246723
557,-1,249.840000,90.276841,797913.258524,172779.408620,1348.849500,398224.086696,398228.735251
558,-1,249.479999,90.262105,775678.258375,120510.382581,1191.712600,454962.907172,454967.667708
559,-1,249.120000,90.256673,791257.472623,169371.571275,1464.277800,403748.886815,403752.938169
560,-1,248.760000,90.251736,771035.454012,124346.299121,1282.526100,453033.611870,453037.984578
561,-1,248.400000,90.246814,771517.004886,133294.928206,1358.083499,444527.173771,444531.298252
562,-1,248.039999,90.238092,767250.826411,130183.310085,1407.168800,448999.631044,449003.507785
563,-1,247.680000,90.270110,762239.751131,125405.526662,1126.493700,455313.688357,455318.748016
564,-1,247.319999,90.297020,770518.585623,152635.538146,1059.480900,426988.125496,426993.862932
565,-1,246.959999,90.270716,758161.840324,130436.183595,1136.173800,452244.354884,452249.403041
566,-1,246.599999,90.280050,766521.293749,156908.547645,1197.519799,424620.354113,424625.426400
567,-1,246.239999,90.245239,752416.215988,131489.253667,1331.648500,453559.783505,453563.938226
568,-1,245.880000,90.246418,749524.893359,132005.333344,1319.297600,454261.345362,454265.546617
569,-1,245.520000,90.296926,759896.502537,161672.749403,1081.088000,422954.144563,422959.824193
570,-1,245.159999,90.310898,822392.604250,303005.141278,1816.400500,268435.131089,268439.083005
571,-1,244.799999,90.329496,820640.218976,303242.379321,1726.239600,268961.302371,268965.749940
572,-1,244.440000,90.327779,743326.598669,145503.669536,729.402199,444614.869004,444622.144781
573,-1,244.079999,90.341081,797543.001391,263449.762056,1398.821800,314825.913232,314831.491732
574,-1,243.719999,90.310769,794562.945999,261882.443012,1550.636900,317544.465464,317549.136484
575,-1,243.360000,90.276721,840512.547013,357931.609509,2253.525599,211082.443758,211084.905644
576,-1,243.000000,90.211989,842394.533735,364546.558549,2516.992499,204329.910325,204331.308910
577,-1,242.640000,90.148243,837786.405156,358434.861783,2724.815600,211871.700780,211872.409949
578,-1,242.279999,90.214212,836034.940155,357963.550062,2476.277600,213099.434340,213100.923702
579,-1,241.920000,90.259584,835924.871149,360601.771819,2317.854800,210819.357944,210821.521639
580,-1,241.560000,90.269497,829078.259514,350741.729532,2225.279500,222745.910579,222748.374624
581,-1,241.200000,90.230422,828060.948557,351796.351766,2378.956500,222307.434547,222309.232307
582,-1,240.839999,90.307969,824873.488724,348950.381736,2056.384600,226341.415367,226344.685078
583,-1,240.479999,90.361975,823374.508783,349189.353043,1839.709500,226867.587034,226872.114567
584,-1,240.119999,90.413597,822442.138272,350427.869923,1639.726200,226253.720263,226259.615301
585,-1,239.760000,90.430010,774661.461852,271286.836276,881.196299,318684.503673,318693.479077
586,-1,239.400000,90.433099,823735.660619,358200.326163,1618.398200,218887.320036,218893.573638
587,-1,239.039999,90.445589,784568.178259,295584.882825,996.415299,292726.712505,292735.565061
588,-1,238.679999,90.486146,784270.344209,298633.667409,810.032600,290271.245770,290281.694788
589,-1,238.320000,90.479918,784235.103138,302049.342665,865.827099,287377.302987,287387.384471
590,-1,237.960000,90.467960,781817.555807,301590.033544,912.197400,289043.512509,289053.153438
591,-1,237.599999,90.452220,781314.880960,304187.290488,1006.838000,287114.217121,287123.160270
592,-1,237.239999,90.483067,816998.513661,362976.216874,1431.928100,218361.148583,218368.909775
593,-1,236.879999,90.504354,816853.314476,365264.648648,1367.005399,216519.548556,216527.937510
594,-1,236.519999,90.476797,815813.010454,366157.845353,1472.611999,216344.157955,216351.649123
595,-1,236.160000,90.462257,814583.914815,366765.592497,1526.100600,216519.548613,216526.595570
596,-1,235.800000,90.417371,890894.122759,481472.976927,2699.333100,78750.325868,78752.415316
597,-1,235.439999,90.369899,890585.250673,481896.821224,2765.716000,78574.935352,78576.572862
598,-1,235.079999,90.327279,890129.354931,482106.251907,2823.666500,78662.630589,78663.913911
599,-1,234.719999,90.277247,889775.633854,482462.037941,2892.782200,78574.935391,78575.855308
600,-1,234.360000,90.219214,889373.505065,482748.450098,2972.369800,78574.935519,78575.510627
601,-1,233.999999,90.149692,888818.545545,482824.542793,3067.025400,78838.021254,78838.290321
602,-1,233.640000,90.085675,888366.722630,483046.339922,3154.981000,78925.716379,78925.804617
603,-1,233.279999,90.049238,887915.859358,483271.299774,3205.097500,79013.411459,79013.440636
604,-1,232.920000,90.047675,886937.237300,482799.790874,3206.450100,79978.059130,79978.086818
605,-1,232.559999,90.043382,886483.973771,483034.401297,3212.376800,80065.754640,80065.777591
606,-1,232.200000,90.031102,886085.506064,483341.484345,3229.536500,80065.754670,80065.766467
607,-1,231.840000,90.050043,885580.609108,483513.157558,3202.916100,80241.145017,80241.175623
608,-1,231.480000,90.155074,885294.398394,483963.131067,3056.296900,80065.754521,80066.047781
609,-1,231.120000,90.310873,884956.835093,484345.937716,2839.053700,79978.059113,79979.236361
610,-1,230.759999,90.445401,884511.164396,484594.669830,2650.578299,80065.754616,80068.173895
611,-1,230.400000,90.507396,888091.371803,489711.612024,2619.080400,73839.392375,73842.287865
612,-1,230.040000,90.557791,785960.067207,368545.919973,1011.372000,232304.691819,232315.700723
613,-1,229.680000,90.565068,784787.492453,369420.006479,981.000000,232392.387097,232403.689396
614,-1,229.320000,90.590097,799282.597649,388524.097208,1126.052300,208451.586616,208462.642570
615,-1,228.960000,90.591221,785624.551474,374829.208588,922.876199,227744.539181,227756.664466
616,-1,228.600000,90.659503,792957.321586,385310.411378,797.800600,215028.729581,215042.975141
617,-1,228.240000,90.654007,792589.153031,386926.635180,829.440100,214064.081891,214078.028160
618,-1,227.880000,90.637271,790706.440589,386849.861712,877.344200,215379.510617,215392.833586
619,-1,227.520000,90.628691,789942.416198,388019.333126,913.451600,215028.729438,215041.674920
620,-1,227.159999,90.623365,789187.375385,389192.088326,937.259500,214677.948486,214690.654780
621,-1,226.800000,90.642383,790782.558875,392861.216487,908.274399,210907.053367,210920.309803
622,-1,226.439999,90.623014,791269.777060,395296.552495,1002.465900,208802.367601,208814.712223
623,-1,226.079999,90.793783,801940.467333,408268.637772,612.108099,192052.576342,192071.008810
624,-1,225.719999,90.775586,840135.954590,449164.729208,1430.523200,136103.013152,136115.483726
625,-1,225.359999,90.726966,892826.078869,503738.214877,2508.552000,60246.630280,60251.479988
626,-1,225.000000,90.654513,892557.571204,504005.041115,2584.747500,60246.630011,60250.561153
627,-1,224.639999,90.604732,891479.567126,503472.501169,2625.065400,61386.668332,61390.087703
628,-1,224.279999,90.535085,891146.632096,503686.567014,2698.873700,61474.363577,61477.044481
629,-1,223.919999,90.540885,890814.665241,503903.116122,2691.822700,61562.058844,61564.802088
630,-1,223.559999,90.567376,890737.878977,504363.873074,2665.961200,61298.973090,61301.978744
631,-1,223.199999,90.494867,890729.051895,504883.933386,2746.573000,60948.191986,60950.465394
632,-1,222.840000,90.378017,890467.784045,505163.912485,2870.879300,60948.192236,60949.518766
633,-1,222.480000,90.361816,890143.604247,505386.304428,2887.560100,61035.887448,61037.104457
634,-1,222.120000,90.375970,890080.646367,505846.400293,2874.207500,60772.801480,60774.109909
635,-1,221.760000,90.396632,890283.347078,506539.277188,2856.540100,60158.934842,60160.376330
636,-1,221.399999,90.377573,890032.488655,506822.024326,2876.552400,60158.934998,60160.241280
637,-1,221.040000,90.438846,889849.556278,507163.921280,2812.886799,60071.239841,60073.001924
638,-1,220.680000,90.553494,889935.155189,507735.195400,2696.912000,59632.763395,59635.546006
639,-1,220.319999,90.628131,889691.817749,508020.106575,2619.221699,59632.763629,59636.347340
640,-1,219.960000,90.706725,889450.275581,508306.541042,2537.411300,59632.763616,59637.300301
641,-1,219.600000,90.871411,889007.826991,508426.790473,2361.973499,59895.849141,59902.777178
642,-1,219.239999,90.889024,819354.376075,452023.707742,952.795800,149520.384911,149538.385880
643,-1,218.880000,91.181599,837399.399696,467780.621438,682.830799,125579.584280,125606.293491
644,-1,218.519999,91.159660,836974.670887,468451.026593,732.711599,125491.889225,125517.597676
645,-1,218.159999,91.123609,837864.626128,470153.138674,846.101400,123737.984299,123761.781642
646,-1,217.800000,91.158416,837386.183515,470765.958315,770.901199,123737.984166,123763.278980
647,-1,217.439999,91.162389,841089.350978,474580.527785,869.080600,118476.269919,118500.655536
648,-1,217.080000,91.156454,840568.699788,475120.124475,879.588000,118563.965139,118588.120191
649,-1,216.719999,91.218187,840894.641393,476292.623771,772.298400,117599.317586,117625.902781
650,-1,216.359999,91.257700,849847.396125,483801.050355,947.227700,105935.850382,105961.377931
651,-1,215.999999,91.266813,850731.513452,485266.138632,965.275599,104357.336075,104382.849092
652,-1,215.640000,91.319807,841795.444710,479665.913612,626.255999,114880.764873,114911.250066
653,-1,215.280000,91.320159,841806.228809,480557.750083,637.673999,114354.593339,114384.955134
654,-1,214.920000,91.327305,841824.517158,481446.796205,635.596799,113828.421945,113858.972146
655,-1,214.559999,91.300489,861999.624118,496212.346726,1256.286300,88835.278500,88858.166987
656,-1,214.200000,91.307170,861684.438724,496673.008207,1245.921900,88835.278524,88858.402844
657,-1,213.840000,91.271644,861226.475073,497037.970403,1297.138500,89010.669173,89032.596588
658,-1,213.479999,91.287614,861282.216104,497745.357440,1282.171800,88572.192649,88594.563646
659,-1,213.120000,91.335927,861270.465799,498402.160916,1215.627600,88221.411813,88245.398087
660,-1,212.759999,91.380266,860674.066073,498677.545864,1138.865400,88572.192867,88597.899974
661,-1,212.400000,91.411749,860300.352582,499099.498104,1088.006500,88659.887949,88686.808081
662,-1,212.040000,91.416423,842757.082550,488777.372423,577.705199,109005.183930,109038.501172
663,-1,211.679999,91.360962,842694.074474,489543.305931,691.617199,108654.402939,108685.062521
664,-1,211.319999,91.284671,842786.863987,490398.911831,848.169299,108128.231423,108155.417038
665,-1,210.959999,91.248192,842886.737147,491251.088276,928.511100,107602.059914,107627.598347
666,-1,210.599999,91.191407,842691.722445,491921.217841,1038.849900,107426.669589,107449.898863
667,-1,210.239999,91.171260,842728.766334,492724.105343,1085.605000,106988.193222,107010.551750
668,-1,209.879999,91.136138,842316.006005,493262.228939,1149.476299,107075.888595,107096.943333
669,-1,209.519999,91.077609,841524.807128,493587.364772,1249.000000,107602.060104,107621.094189
670,-1,209.160000,91.039580,841423.275507,494304.912877,1325.216200,107338.974479,107356.645365
671,-1,208.800000,91.001315,841634.447000,495190.628953,1407.656000,106725.107735,106741.407754
672,-1,208.439999,91.058610,841698.803171,495988.087332,1309.000000,106286.631496,106304.775673
673,-1,208.080000,91.107351,841924.218730,496865.255854,1230.415400,105672.764647,105692.503708
674,-1,207.720000,91.155872,842312.206800,497819.165035,1156.815100,104883.507685,104904.854144
675,-1,207.360000,91.107643,843720.983510,499290.159140,1282.439100,102954.212164,102973.453545
676,-1,206.999999,91.063326,842800.400705,499547.105149,1349.079300,103655.774173,103673.627265
677,-1,206.639999,91.121238,843133.631994,500442.900929,1258.000000,102954.212375,102973.929083
678,-1,206.279999,91.098734,843946.236340,501565.606033,1322.000000,101726.478819,101745.186097
679,-1,205.920000,91.218246,895563.844719,527362.689609,2336.823800,44023.010812,44032.963866
680,-1,205.560000,91.169373,895918.396175,527838.867463,2385.131200,43496.839112,43505.899873
681,-1,205.200000,91.117021,895959.953178,528160.465901,2428.311100,43321.448665,43329.682826
682,-1,204.839999,91.068162,896322.324173,528628.156566,2475.077200,42795.277329,42802.715363
683,-1,204.480000,91.022989,896449.570309,528981.540046,2513.526900,42532.191634,42538.971833
684,-1,204.120000,91.085543,897220.024149,529619.303206,2485.354300,41567.544021,41575.005733
685,-1,203.760000,91.066378,897194.306353,529893.343669,2500.895399,41479.848833,41487.034176
686,-1,203.399999,91.042308,897090.048687,530132.207364,2518.327500,41479.848798,41486.713378
687,-1,203.039999,91.007971,897148.693911,530440.364556,2546.279800,41304.458209,41310.850756
688,-1,202.679999,90.947659,897452.444288,530848.573385,2597.024399,40865.981912,40871.572280
689,-1,202.319999,90.915424,897516.433005,531152.405783,2622.823800,40690.591557,40695.785658
690,-1,201.959999,90.904596,897582.744880,531454.809378,2633.285300,40515.201124,40520.251197
691,-1,201.599999,90.867932,897651.364494,531755.767109,2661.874400,40339.810556,40344.439396
692,-1,201.239999,90.857539,897640.537744,532023.491967,2670.506200,40252.115463,40256.624275
693,-1,200.880000,90.882523,897549.655380,532259.509540,2652.949900,40252.115478,40256.890871
694,-1,200.520000,90.891506,897460.257592,532496.093712,2646.638000,40252.115551,40256.988656
695,-1,200.160000,90.934043,897536.993331,532793.682028,2619.606199,40076.724865,40082.050838
696,-1,199.799999,90.973819,897615.973488,533089.746725,2594.757700,39901.334533,39907.098494
697,-1,199.439999,91.001913,897862.574373,533442.644641,2581.321200,39550.553291,39556.601032
698,-1,199.079999,91.019278,898112.114228,533791.905425,2575.571500,39199.772525,39205.976235
699,-1,198.720000,91.021055,898364.557949,534137.506112,2580.607200,38848.991404,38855.161058
700,-1,198.359999,91.066598,898286.943603,534368.933143,2549.717000,38848.991639,38855.724027
701,-1,197.999999,91.145688,898294.188339,534627.942467,2497.824400,38761.296357,38769.046835
702,-1,197.639999,91.186880,898470.372370,534939.526162,2475.396200,38498.210652,38506.472121
703,-1,197.280000,91.207201,898983.955004,535352.616215,2474.672500,37884.343960,37892.754506
704,-1,196.919999,91.245615,898997.862457,535605.650157,2451.168100,37796.648698,37805.582399
705,-1,196.559999,91.318722,899013.518265,535858.063695,2404.935600,37708.953472,37718.943620
706,-1,196.199999,91.368457,899030.915212,536109.845343,2374.279899,37621.258111,37631.991174
707,-1,195.840000,91.411412,898628.219495,536241.300133,2337.415200,37972.039084,37983.563170
708,-1,195.479999,91.444915,898648.332644,536494.435125,2317.409900,37884.343797,37896.393725
709,-1,195.119999,91.485260,898670.181354,536746.907061,2292.989900,37796.648490,37809.351448
710,-1,194.760000,91.563816,898608.956411,536976.361983,2241.131899,37796.648631,37810.731275
711,-1,194.399999,91.652707,898634.114497,537228.006493,2184.976299,37708.953413,37724.646627
712,-1,194.040000,91.738748,899086.366217,537585.327300,2144.271700,37182.781897,37199.909908
713,-1,193.680000,91.802432,899115.608612,537832.890782,2105.663400,37095.086585,37113.449361
714,-1,193.320000,91.801540,860147.932939,528846.476340,848.459799,77084.116404,77122.236721
715,-1,192.959999,91.842321,860294.213158,529377.130790,802.000000,76821.030547,76860.760960
716,-1,192.600000,91.845430,882867.002986,534917.335917,1546.596100,53581.791905,53609.597034
717,-1,192.240000,91.886358,860769.241408,530467.973097,766.000000,76119.468791,76160.741711
718,-1,191.880000,91.908564,861184.214659,531044.008362,754.000000,75593.297235,75635.255985
719,-1,191.519999,91.895241,861947.183934,531684.241990,800.615999,74716.344745,74757.239480
720,-1,191.160000,91.938535,862112.985439,532195.452910,753.000000,74453.259021,74495.893705
721,-1,190.799999,91.943467,861937.742680,532638.259767,743.607199,74540.954375,74583.856879
722,-1,190.440000,92.007103,862368.888471,533193.936477,679.158800,74014.782917,74060.219432
723,-1,190.079999,91.930250,861422.640363,533498.061197,749.000000,74891.735228,74934.255060
724,-1,189.720000,91.838685,861255.301459,533946.806034,866.000000,74979.430479,75018.055453
725,-1,189.360000,91.801398,861523.332091,534468.449676,925.876399,74628.649748,74665.549970
726,-1,189.000000,91.786550,861015.446952,534862.755974,931.559099,75067.125777,75103.633188
727,-1,188.640000,91.809095,861029.826845,535342.012561,904.761499,74979.430707,75016.821998
728,-1,188.279999,91.834947,861047.298922,535820.624465,873.706500,74891.735451,74930.158469
729,-1,187.919999,91.868586,861067.855640,536298.571344,832.551800,74804.040078,74843.838754
730,-1,187.560000,91.904658,861178.422020,536787.371219,791.238299,74628.649572,74669.903429
731,-1,187.200000,91.928910,861118.191497,537252.391615,759.613899,74628.649543,74670.961172
732,-1,186.839999,91.958792,861322.096929,537749.114374,729.645699,74365.564010,74409.043547
733,-1,186.479999,91.950910,861442.176414,538233.007107,745.861300,74190.173380,74233.201845
734,-1,186.120000,91.974274,861478.219320,538705.690873,718.596000,74102.478078,74146.491738
735,-1,185.760000,92.021916,861517.288140,539177.591176,660.000000,74014.783072,74060.893069
736,-1,185.400000,92.013347,861384.763143,539632.182459,668.000000,74102.478111,74148.252085
737,-1,185.039999,92.062290,861429.759116,540103.554547,607.778399,74014.782789,74062.753645
738,-1,184.679999,92.110136,872403.119715,541468.474062,953.016600,62965.182557,63007.908531
739,-1,184.320000,92.166974,861528.764495,541043.756079,479.000000,73839.392420,73892.234429
740,-1,183.960000,92.156738,861145.326942,541482.266357,479.000000,74190.173460,74242.765803
741,-1,183.599999,92.120337,862602.472977,542041.011630,581.395099,72699.354412,72749.164043
742,-1,183.239999,92.135359,860824.122532,542397.852780,496.912500,74453.259093,74504.996150
743,-1,182.879999,92.106027,860886.734939,542869.394816,538.305099,74365.563817,74415.829217
744,-1,182.520000,92.048899,860514.282600,543320.704609,600.001000,74716.344816,74764.143186
745,-1,182.159999,91.994917,860407.481961,543786.463848,667.429600,74804.040183,74849.404973
746,-1,181.800000,91.986476,860478.894876,544258.944531,681.503800,74716.344962,74761.273778
747,-1,181.439999,92.014704,860465.623249,544728.212949,644.649399,74716.344800,74762.560196
748,-1,181.080000,92.014435,860455.300106,545197.555186,645.000000,74716.344903,74762.547975
749,-1,180.719999,92.012097,860535.614578,545668.055229,651.133100,74628.649613,74674.691356
750,-1,180.359999,91.999062,860618.888690,546137.490314,671.193799,74540.954512,74586.347913
751,-1,180.000000,91.974308,861582.065241,546605.841740,736.690600,73576.306587,73620.009212
752,-1,179.639999,91.948017,861671.211060,547067.581302,773.473899,73488.611370,73531.106559
753,-1,179.280000,91.921722,861149.432905,547535.914355,789.584300,74014.782818,74056.434084
754,-1,178.919999,91.903042,861419.776524,547995.946243,822.483500,73751.697119,73792.397028
755,-1,178.559999,91.898838,861692.968891,548452.617574,836.623500,73488.611429,73528.987074
756,-1,178.200000,91.920164,862056.630565,548903.156371,821.000000,73137.830363,73178.921379
757,-1,177.840000,91.963220,862423.039609,549349.198786,778.000000,72787.049403,72829.798749
758,-1,177.480000,92.067252,863142.595585,549775.304889,671.000000,72085.487614,72132.433264
759,-1,177.119999,92.062867,863426.684584,550214.509391,686.000000,71822.402056,71868.978051
760,-1,176.759999,92.045227,863538.329373,550660.182384,711.273000,71734.706797,71780.433298
761,-1,176.399999,92.003626,863390.172846,551121.114205,757.287500,71910.097140,71954.088696
762,-1,176.040000,91.959923,863419.959531,551571.954839,812.202699,71910.097192,71952.189692
763,-1,175.679999,91.913953,863540.024580,552015.993977,872.894400,71822.401866,71862.493115
764,-1,175.320000,91.883264,863488.027965,552473.030465,908.523000,71910.097295,71948.959996
765,-1,174.959999,91.873994,863701.019665,552907.821590,925.908800,71734.706581,71773.093603
766,-1,174.599999,91.854773,863742.026473,553356.674038,950.000000,71734.706528,71772.309770
767,-1,174.239999,91.840119,863960.357401,553787.657428,974.000000,71559.316200,71596.236884
768,-1,173.879999,91.845579,864094.082527,554225.513836,970.000000,71471.621058,71508.715733
769,-1,173.519999,91.863763,864317.630964,554652.076631,953.000000,71296.230349,71333.967099
770,-1,173.159999,91.879831,864630.797989,555065.687681,941.619600,71033.144834,71071.393679
771,-1,172.800000,91.883271,864946.355757,555475.681940,946.000000,70770.059107,70808.305974
772,-1,172.440000,91.895897,865351.204029,555870.508906,942.000000,70419.278141,70457.847646
773,-1,172.080000,91.954388,865758.228149,556260.600317,882.000000,70068.497243,70109.280319
774,-1,171.720000,91.983123,866254.166133,556633.315451,862.000000,69630.020763,69671.749744
775,-1,171.359999,92.009358,866578.630379,557026.530544,839.309500,69366.935152,69409.614188
776,-1,171.000000,92.042716,866732.074298,557443.502479,802.000000,69279.239920,69323.292802
777,-1,170.640000,92.096058,866974.574798,557844.695902,743.836599,69103.849534,69150.117049
778,-1,170.279999,92.119695,867305.845132,558228.465148,725.027900,68840.763751,68887.901084
779,-1,169.919999,92.108281,870402.167352,558117.358743,851.751499,65771.430286,65815.981997
780,-1,169.560000,92.058145,870303.286972,558555.785687,903.077600,65946.820940,65989.390997
781,-1,169.199999,92.036540,870121.224672,559012.341205,918.621599,66209.906654,66251.753462
782,-1,168.840000,92.055491,870114.423505,559437.707152,893.546199,66297.601642,66340.287788
783,-1,168.480000,92.059566,869852.617270,559916.188807,876.210200,66648.382707,66691.465112
784,-1,168.119999,92.051998,870109.170891,560290.145408,891.309699,66472.992331,66515.645965
785,-1,167.759999,92.041083,870367.839008,560661.404836,910.239100,66297.601744,66339.691257
786,-1,167.399999,92.078018,870543.014183,561049.085491,870.628400,66209.906613,66253.476309
787,-1,167.040000,92.092331,870464.116047,561494.122659,847.658899,66385.296865,66429.586174
788,-1,166.680000,92.108732,870473.601920,561920.516163,825.401700,66472.992341,66518.038517
789,-1,166.320000,92.120494,870400.688352,562368.117302,805.243000,66648.382577,66694.053143
790,-1,165.960000,92.129957,870501.003112,562774.688011,794.219700,66648.382719,66694.462070
791,-1,165.600000,92.127349,870518.930570,563202.429281,794.000000,66736.077831,66782.104828
792,-1,165.239999,92.146211,870624.485149,563608.240806,772.000000,66736.077979,66782.925250
793,-1,164.879999,92.179325,870901.906182,563967.631819,740.049499,66560.687588,66608.865554
794,-1,164.520000,92.187362,870843.233399,564417.833675,724.000000,66736.077858,66784.739940
795,-1,164.159999,92.207405,871040.783529,564797.646891,704.000000,66648.382606,66697.876016
796,-1,163.799999,92.261880,871240.563969,565175.681568,644.000000,66560.687442,66612.587052
797,-1,163.439999,92.326478,871526.618187,565526.930210,575.961800,66385.297019,66440.060772
798,-1,163.080000,92.375246,871730.657149,565900.841535,523.000000,66297.601816,66354.611796
799,-1,162.720000,92.365116,873695.358272,565725.905205,614.425799,64368.306350,64423.185881
800,-1,162.359999,92.260512,873900.277153,566085.134146,735.596000,64280.611352,64330.672427
801,-1,162.000000,92.216323,874107.280676,566442.543536,788.641300,64192.916034,64240.972184
802,-1,161.639999,92.211502,874149.891484,566853.367846,790.664399,64280.611286,64328.523824
803,-1,161.280000,92.182183,874112.201926,567292.583503,816.922699,64456.001617,64502.778701
804,-1,160.920000,92.100012,874160.506948,567704.403545,906.276199,64543.697060,64587.074649
805,-1,160.559999,92.072757,874376.972394,568058.059006,940.193499,64456.001604,64498.202525
806,-1,160.200000,92.082599,874595.469989,568409.827987,932.296199,64368.306607,64410.851491
807,-1,159.840000,92.103953,874815.985624,568759.699335,911.494999,64280.611223,64323.974419
808,-1,159.480000,92.139897,875038.503552,569107.661893,874.390799,64192.916056,64237.713206
809,-1,159.120000,92.176632,875181.072492,569484.959367,833.176099,64192.915957,64239.265249
810,-1,158.760000,92.151423,874999.056452,569988.433098,848.282099,64543.696866,64589.225588
811,-1,158.400000,92.139409,874250.253488,570721.071724,825.798299,65508.344484,65554.038725
812,-1,158.039999,92.135101,874484.307810,571070.495894,834.000000,65420.649243,65466.098619
813,-1,157.680000,92.160734,874720.345067,571417.931879,808.000000,65332.954134,65379.439588
814,-1,157.319999,92.181173,874958.350169,571763.369180,788.000000,65245.258791,65292.564812
815,-1,156.959999,92.231007,875279.006679,572072.474861,738.000000,65069.868397,65119.229097
816,-1,156.600000,92.213460,877371.784318,571612.331097,839.306800,62965.182490,63012.197776
817,-1,156.240000,92.183123,877610.306479,571939.586020,876.038400,62877.487423,62923.158293
818,-1,155.880000,92.172469,877770.618166,572300.668631,887.746700,62877.487222,62922.713170
819,-1,155.519999,92.162496,877853.383092,572697.075974,895.395600,62965.182743,63010.056662
820,-1,155.160000,92.164788,878018.449363,573056.616266,892.873900,62965.182540,63010.151663
821,-1,154.800000,92.148927,878185.771207,573415.112596,910.328999,62965.182644,63009.494837
822,-1,154.440000,92.142454,878276.229360,573810.387068,914.171799,63052.877954,63096.984784
823,-1,154.079999,92.133956,878448.282493,574167.248887,923.536200,63052.877780,63096.635223
824,-1,153.719999,92.123190,878465.311659,574600.678138,928.897700,63228.268491,63271.705777
825,-1,153.360000,92.124151,878407.169386,575074.299238,918.077999,63491.354143,63535.011675
826,-1,152.999999,92.138124,878509.024170,575470.126203,899.298800,63579.049283,63623.344498
827,-1,152.639999,92.153039,878769.386182,575785.189549,886.021999,63491.354063,63536.207825
828,-1,152.279999,92.157326,878953.837256,576138.913579,881.264999,63491.354047,63536.386701
829,-1,151.920000,92.191967,879140.507159,576491.471601,842.822100,63491.354012,63537.845407
830,-1,151.560000,92.252304,878249.822588,577427.543548,727.573099,64719.087439,64769.124411
831,-1,151.200000,92.273726,921556.289125,554083.649947,2656.698900,15522.057513,15534.287769
832,-1,150.839999,92.304442,921603.541655,554168.966377,2648.364300,15522.057702,15534.620854
833,-1,150.479999,92.331981,878917.184442,578451.495896,641.000000,64631.392119,64684.961708
834,-1,150.119999,92.283365,879270.461295,578716.861835,702.923100,64456.001701,64507.220143
835,-1,149.760000,92.259390,879549.084425,579023.214241,733.396500,64368.306528,64418.386127
836,-1,149.400000,92.157497,878999.035329,579818.380629,815.000000,65245.258951,65291.542941
837,-1,149.040000,92.131447,878607.215246,580531.493376,818.594599,65946.820619,65992.478781
838,-1,148.679999,92.073300,878147.246678,581296.412450,857.038600,66736.077852,66779.794523
839,-1,148.319999,91.998426,877918.568658,581930.268794,926.000000,67262.249544,67303.184343
840,-1,147.960000,91.999408,877695.623237,582568.357085,906.477299,67788.420734,67829.716314
841,-1,147.599999,91.940835,877552.497539,583163.641327,961.000000,68226.896919,68266.058970
842,-1,147.239999,91.930087,877562.092008,583667.226934,964.947499,68489.982637,68528.861277
843,-1,146.880000,91.898677,877428.854742,584267.961953,988.000000,68928.458868,68966.322702
844,-1,146.519999,91.871987,877374.052030,584823.448375,1008.678600,69279.239830,69316.233473
845,-1,146.160000,91.849805,877469.640750,585283.431707,1029.864000,69454.630221,69490.843413
846,-1,145.800000,91.822653,877641.265078,585694.426948,1060.020800,69542.325691,69577.527546
847,-1,145.439999,91.799494,877671.340149,586204.284196,1079.893600,69805.411368,69839.853750
848,-1,145.079999,91.775166,877849.371617,586614.901485,1106.843200,69893.106719,69926.665887
849,-1,144.720000,91.763365,878030.296452,587024.842594,1118.552700,69980.801840,70013.957675
850,-1,144.359999,91.767563,878285.382556,587382.988860,1113.421500,69980.801910,70014.115828
851,-1,144.000000,91.759492,877407.562790,588564.260447,1080.186600,71383.925677,71417.597801
852,-1,143.639999,91.748099,878449.171927,588354.391116,1123.834000,70419.278102,70452.066279
853,-1,143.279999,91.737141,878923.484299,588552.578712,1145.294100,70156.192300,70188.449552
854,-1,142.920000,91.749932,878978.263389,589063.704658,1121.579400,70419.277956,70452.134946
855,-1,142.559999,91.793669,879037.253756,589575.792217,1059.534700,70682.363696,70717.013273
856,-1,142.200000,91.794178,877506.734179,591325.035766,987.482999,72962.439912,72998.227553
857,-1,141.840000,91.777602,877788.849101,591686.386749,1008.612200,72962.440175,72997.569332
858,-1,141.480000,91.764322,878004.617370,592100.573257,1022.839200,73050.135143,73084.782739
859,-1,141.119999,91.744428,877950.258227,592734.008341,1034.873200,73488.611470,73522.685121
860,-1,140.760000,91.734934,878444.978038,592926.124427,1055.030000,73225.525764,73259.108747
861,-1,140.399999,91.703271,923536.272698,556220.478350,2824.467800,15083.581317,15090.248722
862,-1,140.040000,91.668310,923529.694299,556349.634260,2831.125300,15171.276603,15177.710203
863,-1,139.679999,91.558871,922320.756756,557500.637535,2814.782000,16837.486041,16843.719895
864,-1,139.319999,91.465230,922322.958851,557638.245856,2840.076400,16925.181443,16930.717342
865,-1,138.959999,91.365779,922524.819012,557603.515938,2873.653700,16749.790881,16754.550785
866,-1,138.599999,91.243061,922791.511720,557508.695590,2915.256400,16486.705281,16490.586148
867,-1,138.240000,91.165351,922860.259942,557586.182968,2937.626900,16486.705233,16490.115966
868,-1,137.879999,91.111935,921043.124469,559368.899219,2903.642300,19029.867163,19033.451325
869,-1,137.520000,91.045353,921123.595108,559457.335394,2925.764100,19029.867228,19033.034952
870,-1,137.159999,91.010881,921268.169294,559486.334679,2938.746400,18943.199962,18946.148692
871,-1,136.799999,90.967423,922372.262230,558612.798041,2976.813800,17539.999950,17542.500521
872,-1,136.440000,90.933004,922003.805290,559115.265868,2977.371700,18152.914720,18155.321779
873,-1,136.079999,90.931546,922082.663400,559197.671215,2977.834000,18152.914929,18155.314467
874,-1,135.720000,90.922146,921973.685272,559463.256313,2976.578100,18416.000356,18418.385789
875,-1,135.360000,90.901328,921867.535549,559730.700989,2979.132400,18679.086147,18681.397631
876,-1,135.000000,90.890113,921888.253356,559875.960212,2981.426900,18766.781518,18769.046417
877,-1,134.640000,90.902737,921787.036367,560146.271024,2973.145399,19029.866978,19032.229244
878,-1,134.279999,90.918421,921872.376747,560230.017903,2967.934899,19029.867089,19032.312160
879,-1,133.920000,90.945240,921836.581215,560439.562104,2956.131500,19205.257724,19207.871561
880,-1,133.559999,90.980765,921802.174788,560650.851379,2941.199800,19381.700007,19384.539884
881,-1,133.200000,90.983635,921771.342172,560861.580288,2937.235200,19556.038571,19558.920793
882,-1,132.840000,91.022786,921681.559872,561139.109261,2919.152200,19820.199932,19823.358283
883,-1,132.480000,91.057228,921596.196525,561416.735018,2902.398500,20082.210004,20085.629294
884,-1,132.119999,91.129412,921571.153924,561632.565951,2873.609500,20258.700128,20262.636641
885,-1,131.760000,91.208534,921374.539160,562043.896821,2836.395000,20696.076626,20700.681430
886,-1,131.400000,91.310608,921355.822990,562261.760231,2795.493700,20871.467084,20876.928665
887,-1,131.039999,91.414038,921224.146088,562612.751655,2749.136400,21222.248043,21228.712751
888,-1,130.679999,91.215079,920124.577749,564096.585958,2783.808500,23063.848285,23069.035654
889,-1,130.319999,91.219456,919950.227376,564525.985689,2772.685000,23503.600083,23508.924517
890,-1,129.959999,91.332895,919782.329090,564956.298149,2715.954800,23940.800753,23947.280431
891,-1,129.599999,91.398050,874619.700583,619784.524450,955.119699,94973.945476,95002.225702
892,-1,129.239999,91.415862,874858.794265,620435.134041,916.907699,95324.726362,95353.839078
893,-1,128.879999,91.453995,875103.682555,621085.617320,844.519899,95675.507180,95706.322622
894,-1,128.519999,91.492524,875354.372999,621735.927372,771.000000,96026.288291,96058.878023
895,-1,128.160000,91.437308,875665.056432,622317.062692,857.000000,96289.374050,96319.679250
896,-1,127.799999,91.350051,875873.190202,623035.837501,993.394700,96727.850242,96754.708479
897,-1,127.440000,91.319788,875874.767627,624033.488721,1026.329199,97517.107444,97542.984237
898,-1,127.080000,91.338265,876094.851176,624758.503019,984.497199,97960.900041,97987.627698
899,-1,126.719999,91.378968,876275.639857,625545.565093,902.327900,98481.754897,98510.284406
900,-1,126.360000,91.378987,887170.935980,611789.641818,1324.504600,80942.706848,80966.156055
901,-1,126.000000,91.314600,915622.449614,573494.731859,2510.284199,33236.496034,33245.246337
902,-1,125.639999,91.231276,915842.881260,573545.678936,2560.528400,33148.800944,33156.456684
903,-1,125.280000,91.161238,916012.529215,573666.509075,2601.066700,33148.800974,33155.610390
904,-1,124.920000,91.046306,916232.105547,573715.836404,2669.154800,33062.900145,33068.413857
905,-1,124.559999,90.940826,916403.833222,573832.740042,2730.070600,33061.105690,33065.563382
906,-1,124.199999,90.862202,916623.560145,573878.988965,2776.742900,32975.199828,32978.933803
907,-1,123.840000,90.827391,916844.124993,573922.064338,2798.048500,32887.499969,32890.929344
908,-1,123.479999,90.784730,917017.102993,574035.107419,2822.564600,32885.714994,32888.799654
909,-1,123.120000,90.804038,917188.827715,574150.045181,2811.455700,32887.500039,32890.738544
910,-1,122.760000,90.835962,917410.666182,574187.158952,2794.433200,32798.019984,32801.511261
911,-1,122.400000,90.865515,917536.368031,574373.676296,2776.160300,32887.499962,32891.252689
912,-1,122.039999,90.892619,917664.659441,574558.191347,2759.232699,32975.200100,32979.202211
913,-1,121.680000,90.782210,929217.236073,556232.874979,3118.547900,11312.685934,11313.740252
914,-1,121.320000,90.661729,929231.934206,556345.458743,3141.319900,11401.000055,11401.760474
915,-1,120.959999,90.569620,929248.451234,556457.173415,3158.784700,11488.076306,11488.644060
916,-1,120.600000,90.455988,928953.340932,557097.975939,3175.986699,12189.638570,12190.024613
917,-1,120.240000,90.358781,929063.552325,557060.993730,3197.217699,12101.943146,12102.180417
918,-1,119.879999,90.238390,929216.418489,556947.567447,3223.374300,11927.200010,11927.303249
919,-1,119.520000,90.111291,929238.301976,557061.012430,3249.662100,12014.899967,12014.922633
920,-1,119.159999,89.999583,929304.428156,557097.433289,3273.087400,12014.247781,12014.247782
921,-1,118.800000,89.867894,929412.399397,557057.726676,3300.500300,11927.199918,11927.231622
922,-1,118.440000,89.723487,929478.491784,557093.054033,3330.558600,11926.552687,11926.691577
923,-1,118.080000,89.599651,929503.218113,557205.907154,3356.949700,12014.247805,12014.541101
924,-1,117.719999,89.481493,929488.348392,557396.491418,3383.314900,12189.638479,12190.137638
925,-1,117.359999,89.351545,929677.168552,557198.248048,3407.986500,11926.552761,11927.316635
926,-1,117.000000,89.229442,929663.906440,557389.337233,3435.774800,12102.599925,12103.694502
927,-1,116.639999,89.095414,929732.063784,557423.059935,3464.081200,12101.943169,12103.451594
928,-1,116.279999,88.981371,929799.846128,557457.529682,3488.187699,12102.600087,12104.512985
929,-1,115.919999,88.893306,929868.134706,557490.983683,3506.796100,12102.599883,12104.857891
930,-1,115.559999,88.816481,929936.631944,557524.008223,3523.030400,12102.600001,12105.182443
931,-1,115.199999,88.761362,930042.953910,557476.658253,3532.768200,12014.247880,12017.055864
932,-1,114.840000,88.687443,930111.083695,557509.176232,3548.290700,12014.899939,12018.053316
933,-1,114.480000,88.669789,930179.690513,557540.673873,3551.994600,12014.899975,12018.138766
934,-1,114.119999,88.679680,930284.332692,557491.696936,3547.898200,11927.200043,11930.367550
935,-1,113.759999,88.695977,930388.420082,557441.251499,3542.492800,11838.857390,11841.924281
936,-1,113.400000,88.715696,930456.594487,557471.008001,3538.416300,11838.857549,11841.832370
937,-1,113.040000,88.764613,930559.026697,557420.222342,3526.426500,11751.800009,11754.532251
938,-1,112.680000,88.818196,930627.311665,557448.318742,3515.418100,11751.162230,11753.662420
939,-1,112.320000,88.887765,930728.830819,557395.449097,3499.441500,11663.466915,11665.664843
940,-1,111.959999,88.944792,930796.474384,557423.654750,3487.840300,11664.099949,11666.078346
941,-1,111.599999,89.012940,930864.530351,557450.847609,3473.962400,11664.099919,11665.830995
942,-1,111.240000,89.084898,930964.754888,557395.284071,3457.898500,11575.771632,11577.248219
943,-1,110.879999,89.175811,931001.148188,557503.947896,3440.797400,11664.099888,11665.306775
944,-1,110.519999,89.278928,931100.666689,557447.129440,3418.689700,11575.771680,11576.688451
945,-1,110.159999,89.384996,931168.864060,557472.410558,3397.257199,11575.771685,11576.438570
946,-1,109.800000,89.520111,931237.218910,557497.262870,3369.956600,11575.771872,11576.177911
947,-1,109.440000,89.640661,931276.331364,557604.977550,3346.154000,11664.099911,11664.329309
948,-1,109.080000,89.745567,931345.723942,557628.553618,3324.794100,11663.466940,11663.581940
949,-1,108.720000,89.843512,931415.056481,557652.291431,3304.855600,11663.466919,11663.510422
950,-1,108.359999,89.945626,931429.291360,557842.055816,3284.235000,11838.857542,11838.862873
951,-1,108.000000,90.057410,931472.664305,557949.282963,3261.048899,11927.199954,11927.205941
952,-1,107.639999,90.164695,931570.780579,557888.028165,3238.969400,11838.857272,11838.906182
953,-1,107.280000,90.247079,931641.738770,557910.347018,3221.946300,11838.857531,11838.967612
954,-1,106.920000,90.323751,931712.649061,557932.834177,3206.099900,11839.500119,11839.689130
955,-1,106.560000,90.415901,931783.886124,557954.260316,3187.057300,11839.499902,11839.811827
956,-1,106.199999,90.513044,931855.256716,557975.238948,3166.982500,11839.500088,11839.974748
957,-1,105.839999,90.579620,904687.098454,654002.802470,2143.619400,111636.041112,111641.753729
958,-1,105.479999,90.604927,905339.084354,654276.651988,2093.379200,111723.736444,111729.963708
959,-1,105.120000,90.608434,905924.685874,654800.522988,2082.814700,112074.517375,112080.836836
960,-1,104.760000,90.645256,906201.334927,656514.457224,1992.932600,113659.199996,113666.408038
961,-1,104.399999,90.629736,906806.776629,657028.014924,2019.937000,114003.812572,114010.698831
962,-1,104.039999,90.628303,907543.684276,657033.821343,2024.712400,113828.421968,113835.266370
963,-1,103.680000,90.600395,908238.064121,657205.148756,2080.161300,113828.422107,113834.671975
964,-1,103.319999,90.645720,908711.262321,658310.806978,1979.232800,114793.069738,114800.360163
965,-1,102.959999,90.679838,909413.642806,658474.772857,1910.868000,114793.069572,114801.150801
966,-1,102.599999,90.742330,910097.909482,658719.905897,1784.508000,114880.764947,114890.407620
967,-1,102.239999,90.757432,910505.360767,660246.379550,1735.672700,116283.888773,116294.050421
968,-1,101.879999,90.719918,911326.892917,659890.281509,1818.354200,115763.999935,115773.138833
969,-1,101.519999,90.715267,911917.805121,660633.126152,1820.167400,116371.583865,116380.652403
970,-1,101.160000,90.701820,912701.388199,660438.929362,1851.703899,116027.100072,116035.804965
971,-1,100.799999,90.748354,913466.361407,660319.342987,1760.892400,115763.999939,115773.875081
972,-1,100.439999,90.853092,914149.484385,660625.888633,1546.618200,115939.399883,115952.252412
973,-1,100.080000,90.843722,912304.173443,675168.493078,1350.000000,130578.212972,130592.372028
974,-1,99.719999,90.887499,913111.205949,675316.536746,1250.099900,130585.299832,130600.967289
975,-1,99.360000,90.888136,913820.505712,676058.248189,1239.130699,131199.199943,131214.963667
976,-1,98.999999,90.885472,914566.816227,676615.807113,1238.565000,131630.555945,131646.276757
977,-1,98.639999,90.791163,915303.972233,677269.912104,1447.911400,132163.900016,132176.500997
978,-1,98.279999,90.769500,916062.196438,677826.010073,1492.000000,132602.400023,132614.359904
979,-1,97.920000,90.750666,916838.711618,678290.857897,1531.000000,132953.200151,132964.611812
980,-1,97.559999,90.767361,917644.343537,678570.076498,1490.000000,133121.374851,133133.314881
981,-1,97.199999,90.824379,918450.950519,678858.699937,1354.872399,133304.000045,133317.799417
982,-1,96.839999,90.848735,919272.661474,679040.952525,1297.000000,133384.460722,133399.096467
983,-1,96.480000,90.821446,920193.344344,678361.086103,1371.755699,132602.399920,132616.029176
984,-1,96.120000,90.909369,920993.427390,678714.113284,1164.048599,132865.499891,132882.236349
985,-1,95.760000,90.948948,922686.331156,670249.300161,1214.602900,124270.900088,124287.946348
986,-1,95.399999,90.984187,924033.528593,664294.391467,1242.214500,118213.184010,118230.626166
987,-1,95.039999,91.002391,923501.387925,678782.910062,951.346300,132690.100098,132710.409312
988,-1,94.680000,90.988057,924367.882911,678416.505283,992.113800,132251.599895,132271.267162
989,-1,94.319999,90.931469,925229.851003,678037.314112,1130.014400,131805.946208,131823.366074
990,-1,93.959999,90.883260,926074.018606,677834.644570,1245.000000,131542.860565,131558.492503
991,-1,93.600000,90.918427,926942.778680,677188.954917,1175.489300,130841.298594,130858.110061
992,-1,93.240000,90.957596,927787.795362,676807.288029,1093.228500,130409.899982,130428.115899
993,-1,92.879999,90.933291,928619.234644,676588.260580,1152.851000,130146.799894,130164.067831
994,-1,92.520000,90.968015,929451.795643,676269.283200,1080.000000,129788.955859,129807.481725
995,-1,92.159999,90.981496,931347.419149,647646.610786,1540.736200,101112.612318,101127.449823
996,-1,91.799999,91.015019,931100.664065,675724.198332,984.244800,129182.100158,129202.373823
997,-1,91.440000,91.005715,932568.778255,649620.798111,1464.016900,103047.499877,103063.376865
998,-1,91.079999,90.982021,932718.531892,676028.046149,1054.155600,129445.200039,129464.215456
999,-1,90.720000,90.988861,933533.962348,675865.435254,1041.726000,129269.800114,129289.055241
1000,-1,90.360000,90.989658,934504.883634,650610.344032,1476.336400,104006.555292,104022.072388
1001,-1,90.000000,91.009560,935158.371829,651840.130286,1418.564499,105234.288546,105250.626682
