"OBJECTID","FEATURE_ID","HORIZ_ANG","ZENITH_ANG","VERTEX_X","VERTEX_Y","VERTEX_Z","DIST_2D","DIST_3D"
1,-1,90.000000,91.018357,935157.058511,651873.303120,1418.489600,105848.155101,105864.876232
2,-1,89.639999,90.986608,935822.668728,651958.907280,1475.649800,105935.850343,105951.557995
3,-1,89.280000,90.979609,936503.753324,653186.086256,1467.501600,107169.399880,107185.065755
4,-1,88.920000,90.980937,937183.536413,653520.413015,1459.110799,107514.364664,107530.123603
5,-1,88.560000,90.824132,935399.488472,555669.101500,3161.229600,9647.000105,9647.998147
6,-1,88.200000,90.679670,935460.061514,555666.864628,3185.563500,9646.476558,9647.155316
7,-1,87.840000,90.545485,935520.635868,555664.770472,3208.157800,9646.476534,9646.913730
8,-1,87.480000,90.385463,935581.195786,555662.295740,3235.101299,9646.476486,9646.694794
9,-1,87.119999,90.193035,935641.765547,555659.963395,3267.498100,9646.999960,9647.054711
10,-1,86.760000,89.878176,935702.263129,555656.205201,3320.510500,9646.476585,9646.498389
11,-1,86.399999,89.614541,935757.259410,555565.067259,3364.307900,9558.781315,9558.997632
12,-1,86.039999,89.406448,935811.132006,555473.621904,3398.118600,9471.086046,9471.594277
13,-1,85.679999,89.223791,935870.485234,555469.325653,3428.316400,9471.085939,9471.955129
14,-1,85.319999,89.057418,935929.852241,555465.169165,3455.832700,9471.600149,9472.881991
15,-1,84.959999,88.907381,935989.104747,555459.615043,3480.633500,9471.085943,9472.808317
16,-1,84.599998,88.734288,936031.860895,555279.588828,3505.383000,9295.695449,9297.964081
17,-1,84.239999,88.520040,936116.446356,555536.183131,3546.973199,9559.299866,9562.489722
18,-1,83.879999,88.247279,936148.083432,555267.865426,3584.451000,9295.695533,9300.046657
19,-1,83.519999,88.029229,936186.343198,555087.186325,3613.829700,9120.305106,9125.702948
20,-1,83.159999,87.854192,936243.261063,555080.540341,3641.728099,9120.305153,9126.705001
21,-1,82.799999,87.693419,936289.144830,554986.532983,3663.826100,9032.609806,9039.934144
22,-1,82.439998,87.536371,936345.428182,554979.242972,3688.627600,9032.609749,9040.966226
23,-1,82.080000,87.395684,936413.747927,555058.458365,3714.839000,9120.305043,9129.734688
24,-1,81.719999,87.242183,936546.255208,555571.070856,3764.672500,9646.476573,9657.661767
25,-1,81.359999,87.005432,936606.206203,555562.153879,3804.633300,9646.476549,9659.666898
26,-1,81.000000,86.888131,936666.099784,555552.860263,3824.438599,9646.476359,9660.721609
27,-1,80.640000,86.775140,936711.671544,555456.662949,3838.579199,9558.781070,9573.941878
28,-1,80.280000,86.663782,936770.988026,555447.220382,3857.248600,9559.299979,9575.528293
29,-1,79.919999,86.568255,936830.065664,555436.383134,3873.211200,9558.781267,9575.952714
30,-1,79.559999,86.475257,936873.367086,555339.947631,3883.413400,9471.600019,9489.550997
31,-1,79.200000,86.397055,936931.762967,555328.474885,3896.358800,9471.085823,9489.842490
32,-1,78.839999,86.285679,937092.022489,555833.362327,3949.002800,9997.257298,10018.301159
33,-1,78.479999,86.140650,937153.610620,555821.011301,3974.419200,9997.257512,10019.979991
34,-1,78.119999,86.028629,937233.285986,555894.625655,4000.182800,10085.499954,10109.775729
35,-1,77.759999,85.889191,937295.140193,555880.850749,4024.810600,10084.952631,10110.965333
36,-1,77.400001,85.762586,937357.022615,555867.222495,4047.213900,10084.952753,10112.596138
37,-1,77.040000,85.637787,937418.818423,555853.205463,4069.304600,10084.952702,10114.252349
38,-1,76.679999,85.494151,937500.729021,555924.136423,4101.649600,10172.647781,10204.185658
39,-1,76.320000,85.349561,937562.879487,555909.215521,4127.485600,10172.647883,10206.247957
40,-1,75.960000,85.259291,937625.068995,555894.439960,4143.666600,10173.200045,10208.122868
41,-1,75.600000,85.173505,937686.893018,555878.203444,4158.958499,10172.647828,10208.847807
42,-1,75.240000,85.071370,937771.235369,555947.453634,4184.834500,10260.900026,10298.980602
43,-1,74.879999,84.978768,937833.381899,555930.294875,4201.495000,10260.343128,10299.870598
44,-1,74.520000,84.862417,937895.564517,555913.283755,4222.495400,10260.343243,10301.730011
45,-1,74.159999,84.744916,937957.791099,555896.417647,4243.762400,10260.899915,10304.210525
46,-1,73.799999,84.579467,936527.165351,550741.086422,3765.995599,4910.933492,4932.992972
47,-1,73.439997,84.432521,936531.849069,550648.577749,3770.184299,4823.499926,4846.362018
48,-1,73.079997,84.300376,936535.272946,550555.698997,3772.638600,4735.542967,4759.070754
49,-1,72.720001,84.168423,936563.711538,550546.949999,3783.655799,4735.542828,4760.177393
50,-1,72.360000,84.035968,936592.095011,550538.022524,3794.720100,4735.542846,4761.314317
51,-1,72.000000,83.917127,936620.421726,550528.916899,3804.651800,4735.542843,4762.356502
52,-1,71.639999,83.810295,936648.690698,550519.633453,3813.583600,4735.542830,4763.311244
53,-1,71.280002,83.706528,936676.900616,550510.172842,3822.262700,4735.543018,4764.255032
54,-1,70.919999,83.609896,936705.050822,550500.534738,3830.348000,4735.542891,4765.148001
55,-1,70.560000,83.506586,936762.413568,550573.662872,3849.006700,4823.499997,4854.643198
56,-1,70.200001,83.399029,936820.577822,550645.750983,3868.298700,4910.933540,4943.706267
57,-1,69.840000,83.284244,936879.800472,550717.530039,3888.597500,4998.628700,5033.163607
58,-1,69.479999,83.134902,936939.989656,550788.744135,3912.369300,5086.323959,5123.054516
59,-1,69.120002,82.969881,936969.983035,550777.705771,3927.270300,5086.600093,5125.131075
60,-1,68.760000,82.800105,936999.708369,550765.963669,3942.542600,5086.323969,5126.748727
61,-1,68.399999,82.631550,937029.459294,550754.292432,3957.750300,5086.323974,5128.676927
62,-1,68.040001,82.494976,937059.136072,550742.434516,3970.080900,5086.323912,5130.272834
63,-1,67.679998,82.369544,937055.433323,550649.265411,3969.664000,4998.628670,5043.286473
64,-1,67.319999,82.264457,937084.554328,550637.496734,3979.035699,4998.899958,5044.808249
65,-1,66.959999,82.158660,937113.390228,550625.045315,3988.401600,4998.628704,5045.808724
66,-1,66.599999,82.037999,937177.081374,550693.145245,4011.396599,5086.323865,5135.832511
67,-1,66.240001,81.914779,937206.371013,550680.361150,4022.552500,5086.323920,5137.389720
68,-1,65.880001,81.793457,937235.579945,550667.393000,4033.543300,5086.323801,5138.946933
69,-1,65.519999,81.654566,937337.384531,550813.865804,4071.862800,5261.714509,5318.027054
70,-1,65.159998,81.450263,937404.391287,550879.917509,4104.266300,5349.700122,5409.818452
71,-1,64.799998,81.219127,937434.726528,550865.438535,4126.303799,5349.409675,5412.851544
72,-1,64.440000,80.998427,937465.093593,550851.032068,4147.413700,5349.409574,5416.114176
73,-1,64.080001,80.817140,937495.369779,550836.435313,4164.773100,5349.409781,5418.857584
74,-1,63.719998,80.654860,937486.852408,550743.273097,4165.942800,5261.999986,5332.776086
75,-1,63.360000,80.525947,937516.322821,550728.286251,4178.059599,5261.714293,5334.475229
76,-1,63.000000,80.387058,937585.639612,550791.506925,4206.027800,5349.409629,5425.593954
77,-1,62.639999,80.229949,937615.539486,550776.153609,4221.124100,5349.409576,5428.135262
78,-1,62.279999,80.087502,937645.342248,550760.612958,4234.823900,5349.409700,5430.476946
79,-1,61.920000,79.956839,937675.183396,550745.141532,4247.452200,5349.700150,5432.951073
80,-1,61.559999,79.831981,937704.651841,550728.971289,4259.428400,5349.409792,5434.766598
81,-1,61.199999,79.706307,937734.296139,550713.125848,4271.596900,5349.699983,5437.213481
82,-1,60.839997,79.553061,937763.559204,550696.586511,4286.331100,5349.409634,5439.580175
83,-1,60.479998,79.382338,937792.859014,550680.117384,4302.821600,5349.409694,5442.594531
84,-1,60.120001,79.210344,937865.743054,550739.502436,4336.165900,5437.104883,5534.957027
85,-1,59.760000,79.011656,937895.310580,550722.390265,4355.718200,5437.104846,5538.650560
86,-1,59.399999,78.820904,937924.770167,550705.092727,4374.514400,5437.104954,5542.264111
87,-1,59.040000,78.694974,937954.120174,550687.610479,4386.936700,5437.104940,5544.685881
88,-1,58.680000,78.607891,937983.359945,550669.944176,4395.533400,5437.105032,5546.377607
89,-1,58.319998,78.518492,938012.488168,550652.094146,4404.364100,5437.104834,5548.128427
90,-1,57.960000,78.433164,938041.503530,550634.062030,4412.798000,5437.105058,5549.813583
91,-1,57.599999,78.346233,938117.394454,550689.890986,4439.482600,5524.800072,5641.084686
92,-1,57.239999,78.255126,938146.645380,550671.198766,4448.644400,5524.800194,5642.942596
93,-1,56.879999,78.169798,938175.778195,550652.323148,4457.230600,5524.800286,5644.696702
94,-1,56.519999,78.086768,938253.168461,550706.409326,4484.092000,5612.495366,5736.042024
95,-1,56.159999,77.997574,938282.520436,550686.863761,4493.221100,5612.495514,5737.933643
96,-1,55.800000,77.933793,938311.748724,550667.133814,4499.752700,5612.495207,5739.295165
97,-1,55.440000,77.869042,938341.025568,550647.471780,4506.452399,5612.799940,5740.997349
98,-1,55.079998,77.829396,938369.831285,550627.125364,4510.450600,5612.495378,5741.541172
99,-1,54.719999,77.826811,938398.682605,550606.848173,4510.715600,5612.495262,5741.596932
100,-1,54.359998,77.838135,938427.406301,550586.390209,4509.554800,5612.495432,5741.352436
101,-1,53.999999,77.860689,938404.454575,550494.805090,4488.379900,5524.800044,5651.164686
102,-1,53.639999,77.858562,938432.473876,550474.313005,4488.594400,5524.799986,5651.209740
103,-1,53.280001,77.878526,938460.363912,550453.645396,4486.580400,5524.800049,5650.786550
104,-1,52.920000,77.920280,938488.123699,550432.802918,4482.369200,5524.800176,5649.903885
105,-1,52.559998,77.940203,938462.618829,550342.391353,4461.687500,5437.400023,5560.111228
106,-1,52.200001,77.969521,938489.498368,550321.303797,4458.715600,5437.104916,5559.202434
107,-1,51.840000,77.995991,938516.426136,550300.280873,4456.089900,5437.105089,5558.655918
108,-1,51.480001,78.034520,938543.404757,550279.319957,4452.331500,5437.400093,5558.164054
109,-1,51.120000,78.045712,938459.791079,550121.194289,4414.024999,5261.714307,5378.353759
110,-1,50.760001,78.021663,938429.988645,550032.441842,4397.727199,5174.019273,5289.185234
111,-1,50.399999,77.968847,938455.102440,550011.798182,4402.712300,5174.019064,5290.221894
112,-1,50.040001,77.956764,938480.085986,549990.997699,4403.853099,5174.019257,5290.459993
113,-1,49.679997,77.975463,938504.938626,549970.040064,4402.087799,5174.019183,5290.091873
114,-1,49.320000,78.008509,938529.658721,549948.927245,4398.968599,5174.019287,5289.443030
115,-1,48.959999,78.079568,938554.245942,549927.659243,4392.264000,5174.019355,5288.054173
116,-1,48.600000,78.160509,938578.698649,549906.237042,4384.631200,5174.019060,5286.482580
117,-1,48.239999,78.256471,938603.016842,549884.661954,4375.587900,5174.019388,5284.634893
118,-1,47.880001,78.326374,938450.750743,549667.792637,4314.648100,4910.933549,5014.656428
119,-1,47.520001,78.425792,938473.572875,549647.025946,4305.766200,4910.933439,5012.866734
120,-1,47.159999,78.508932,938317.378306,549433.207148,4244.860700,4647.847698,4742.915767
121,-1,46.800000,78.559883,938338.729313,549413.283303,4240.557600,4647.847867,4742.060564
122,-1,46.439997,78.618185,938359.954664,549393.225272,4235.635400,4647.847690,4741.086558
123,-1,46.080000,78.715078,938381.053375,549373.034696,4227.459700,4647.847683,4739.479885
124,-1,45.719998,78.880843,938402.201299,549352.892348,4213.535000,4648.100045,4737.022295
125,-1,45.360000,79.013933,938484.487552,549394.655716,4219.301200,4735.542855,4823.948676
126,-1,44.999999,79.130490,938505.774911,549373.864419,4209.357999,4735.800148,4822.316354
127,-1,44.639999,79.309792,938526.566208,549352.577060,4193.951900,4735.542855,4819.182102
128,-1,44.279999,79.496615,938547.590444,549331.519687,4178.018000,4735.799868,4816.504542
129,-1,43.919999,79.618571,938631.280565,549370.803073,4183.613900,4823.238188,4903.508962
130,-1,43.559999,79.791461,938652.233279,549348.908104,4168.579600,4823.238306,4900.822204
131,-1,43.200000,79.960919,938673.047870,549326.881901,4153.859600,4823.238310,4898.234785
132,-1,42.840000,80.126924,938693.723682,549304.725121,4139.454400,4823.238175,4895.744089
133,-1,42.479999,80.295400,938714.260058,549282.439077,4124.849700,4823.238318,4893.261173
134,-1,42.119998,80.486604,938799.703129,549318.840251,4122.988800,4910.933549,4979.415516
135,-1,41.759999,80.657295,938820.524609,549296.065362,4107.998900,4911.199865,4977.222753
136,-1,41.400001,80.812766,938906.585133,549330.800529,4108.458199,4998.628651,5063.585000
137,-1,41.039998,80.928864,938993.425510,549364.755841,4112.069200,5086.324031,5150.742523
138,-1,40.680000,81.068710,939014.332949,549340.585614,4099.343100,5086.324068,5148.751491
139,-1,40.319998,81.055818,935959.409597,546706.072838,3465.624000,1052.343040,1065.296758
140,-1,39.959998,80.961058,935963.672055,546701.018058,3467.408000,1052.342966,1065.575505
141,-1,39.600001,80.864279,935967.902690,546695.936704,3469.231000,1052.342977,1065.863440
142,-1,39.240006,80.765494,935972.101172,546690.828774,3471.092800,1052.342818,1066.160472
143,-1,38.879999,80.664719,935976.267831,546685.694598,3472.993200,1052.342953,1066.467223
144,-1,38.520001,80.562020,935980.446628,546680.569937,3474.940500,1052.400057,1066.841159
145,-1,38.159993,80.457270,935984.503707,546675.348162,3476.908700,1052.342994,1067.109397
146,-1,37.800004,80.350632,935988.572596,546670.136559,3478.923299,1052.343047,1067.445285
147,-1,37.439994,80.258756,935992.608677,546664.899036,3480.660000,1052.342835,1067.737551
148,-1,37.079993,80.179281,935996.611950,546659.636580,3482.163100,1052.342962,1067.993026
149,-1,36.720007,80.098797,936000.581758,546654.349189,3483.686000,1052.342900,1068.253774
150,-1,36.359997,80.033249,936004.518430,546649.036535,3484.926800,1052.342717,1068.467648
151,-1,36.000002,79.971605,936008.421638,546643.699604,3486.094200,1052.342736,1068.670336
152,-1,35.639995,79.909636,936012.291381,546638.338066,3487.268200,1052.342764,1068.875424
153,-1,35.280000,79.847343,936016.127331,546632.952578,3488.448800,1052.342918,1069.083050
154,-1,34.920000,79.784735,936019.929161,546627.542812,3489.635800,1052.342740,1069.292747
155,-1,34.560005,79.722046,936023.744114,546622.141904,3490.835200,1052.399939,1069.562389
156,-1,34.200000,79.658605,936027.430786,546616.652414,3492.028600,1052.342789,1069.719743
157,-1,33.839998,79.595094,936031.130254,546611.172110,3493.234200,1052.342931,1069.936961
158,-1,33.479996,79.531296,936034.794945,546605.668512,3494.445700,1052.342762,1070.156259
159,-1,33.120002,79.467222,936038.425187,546600.142276,3495.663000,1052.342915,1070.378261
160,-1,32.759995,79.402878,936042.020652,546594.593074,3496.885899,1052.342939,1070.602502
161,-1,32.400001,79.335490,935971.537525,546542.032156,3481.653300,964.647746,981.602361
162,-1,32.040004,79.266867,935974.769146,546536.904542,3482.849900,964.647822,981.824580
163,-1,31.680006,79.199958,935977.968287,546531.756586,3484.017100,964.647655,982.042459
164,-1,31.319999,79.134748,935981.135275,546526.588617,3485.155199,964.647700,982.256399
165,-1,30.960006,79.071226,935984.269455,546521.400964,3486.264300,964.647568,982.465938
166,-1,30.600003,79.009391,935987.371155,546516.193625,3487.344400,964.647538,982.671256
167,-1,30.240003,78.949785,935990.440046,546510.966929,3488.386000,964.647498,982.870328
168,-1,29.880007,78.925673,935993.476130,546505.721205,3488.807500,964.647614,982.951316
169,-1,29.520012,78.903296,935996.479076,546500.456452,3489.198699,964.647599,983.026520
170,-1,29.159994,78.882640,935999.449215,546495.172670,3489.559899,964.647743,983.096244
171,-1,28.800001,78.863859,936002.431492,546489.895777,3489.898600,964.699930,983.212812
172,-1,28.439999,78.846408,936005.288770,546484.549987,3490.193499,964.647469,983.218342
173,-1,28.079998,78.831003,936008.204775,546479.236022,3490.473300,964.699889,983.323931
174,-1,27.719994,78.811852,936010.994795,546473.854799,3490.798000,964.647579,983.335562
175,-1,27.360006,78.791969,936013.797283,546468.480794,3491.145900,964.647745,983.403288
176,-1,26.999989,78.772801,936016.565978,546463.088744,3491.481300,964.647689,983.468481
177,-1,26.639993,78.754580,936019.347469,546457.703256,3491.810600,964.700098,983.584051
178,-1,26.279989,78.736824,936022.048251,546452.276758,3492.121400,964.700062,983.644672
179,-1,25.919991,78.719529,936024.667668,546446.810562,3492.413700,964.647577,983.650334
180,-1,25.559992,78.703158,936027.299881,546441.350927,3492.700300,964.647553,983.706413
181,-1,25.199997,78.687479,936029.897645,546435.874888,3492.974800,964.647455,983.760126
182,-1,24.839998,78.672726,936032.508860,546430.404755,3493.243700,964.700126,983.864554
183,-1,24.480005,78.658148,936034.990154,546424.874582,3493.488500,964.647756,983.861318
184,-1,24.119995,78.623641,935957.445690,546383.513772,3476.448099,876.952478,894.527574
185,-1,23.759991,78.590403,935959.681578,546378.477693,3476.977499,876.952476,894.632148
186,-1,23.400000,78.558972,935961.885642,546373.427834,3477.478200,876.952415,894.731273
187,-1,23.040010,78.529318,935964.057881,546368.364196,3477.950700,876.952295,894.824999
188,-1,22.679996,78.501109,935966.242588,546363.305151,3478.410000,877.000066,894.963264
189,-1,22.320001,78.475307,935968.307217,546358.196238,3478.811600,876.952437,894.996740
190,-1,21.960010,78.450901,935970.383656,546353.092573,3479.200700,876.952348,895.074473
191,-1,21.600002,78.428201,935972.428271,546347.975786,3479.562699,876.952457,895.147125
192,-1,21.239998,78.407188,935974.440406,546342.846203,3479.897800,876.952278,895.214229
193,-1,20.879998,78.387559,935976.465009,546337.721213,3480.220700,877.000005,895.325924
194,-1,20.520001,78.370153,935978.368220,546332.549963,3480.488600,876.952446,895.333305
195,-1,20.159987,78.354084,935980.283571,546327.383307,3480.745000,876.952489,895.385069
196,-1,19.800008,78.339612,935982.166113,546322.205168,3480.975900,876.952395,895.431616
197,-1,19.439994,78.326478,935984.061122,546317.030637,3481.195300,876.999875,895.522483
198,-1,19.079993,78.315405,935985.833756,546311.813128,3481.362200,876.952274,895.509653
199,-1,18.719997,78.305624,935987.618530,546306.600212,3481.518300,876.952268,895.541274
200,-1,18.359999,78.301088,935989.370495,546301.376141,3481.590700,876.952229,895.555914
201,-1,18.000004,78.322936,935991.089651,546296.141244,3481.242000,876.952262,895.485306
202,-1,17.640000,78.360105,935992.776000,546290.895519,3480.648900,876.952367,895.365556
203,-1,17.279997,78.398016,935994.429212,546285.639296,3480.044100,876.952333,895.243695
204,-1,16.920004,78.436658,935996.049287,546280.372902,3479.427800,876.952258,895.119879
205,-1,16.559991,78.476424,935997.682158,546275.109790,3478.803499,877.000001,895.041727
206,-1,16.199999,78.516073,935999.190357,546269.809931,3478.161800,876.952391,894.867098
207,-1,15.839998,78.557227,936000.756627,546264.526805,3477.515600,876.999836,894.785170
208,-1,15.479994,78.598204,936002.198225,546259.208247,3476.853200,876.952294,894.607388
209,-1,15.120000,78.640251,936003.652290,546253.893625,3476.183600,876.952438,894.475399
210,-1,14.760000,78.683377,936005.118823,546248.581955,3475.506500,877.000009,894.388924
211,-1,14.399991,78.725384,935921.519581,546221.428138,3457.345500,789.256999,804.788306
212,-1,14.039997,78.731812,935922.779421,546216.631560,3457.262000,789.299979,804.814136
213,-1,13.679993,78.744021,935923.925744,546211.806438,3457.078599,789.257067,804.736232
214,-1,13.320004,78.760581,935925.083550,546206.984598,3456.841500,789.257246,804.690162
215,-1,12.960007,78.763335,935840.749401,546182.487928,3439.379600,701.561885,715.273201
216,-1,12.600004,78.758942,935841.724465,546178.189052,3439.435500,701.561847,715.284058
217,-1,12.240010,78.755369,935842.672625,546173.884270,3439.481000,701.561961,715.293041
218,-1,11.879990,78.752657,935843.630957,546169.581129,3439.523100,701.600061,715.338620
219,-1,11.520003,78.750609,935844.487582,546165.256991,3439.541600,701.562008,715.304907
220,-1,11.159987,78.749399,935845.354379,546160.934821,3439.557000,701.562012,715.307914
221,-1,10.799984,78.745689,935760.052056,546140.175020,3422.153700,613.866781,625.902510
222,-1,10.440001,78.733194,935760.795493,546136.390251,3422.299499,613.899973,625.963532
223,-1,10.079992,78.721313,935761.449691,546132.588749,3422.425200,613.866604,625.955380
224,-1,9.719990,78.709877,935762.145884,546128.794793,3422.559299,613.900140,626.014507
225,-1,9.359986,78.716153,935762.752182,546124.985418,3422.482699,613.866702,625.966724
226,-1,9.000009,78.737938,935763.367338,546121.178011,3422.240000,613.866559,625.919140
227,-1,8.640015,78.760440,935763.958872,546117.366667,3421.989400,613.866701,625.870386
228,-1,8.280009,78.772261,935851.307451,546126.180625,3439.266000,701.561955,715.251142
229,-1,7.919994,78.807515,935765.069762,546109.732824,3421.465200,613.866655,625.768380
230,-1,7.560000,78.832063,935765.589118,546105.910981,3421.191900,613.866561,625.715296
231,-1,7.199996,78.857272,935766.084524,546102.085857,3420.911300,613.866528,625.660976
232,-1,6.839999,78.883125,935766.555980,546098.257781,3420.623600,613.866599,625.605510
233,-1,6.479995,78.909614,935767.003485,546094.426752,3420.328899,613.866772,625.548925
234,-1,6.120003,78.936716,935767.426713,546090.593098,3420.027400,613.866760,625.490988
235,-1,5.760003,78.964385,935767.858799,546086.760101,3419.726100,613.899861,625.465729
236,-1,5.399992,78.992717,935768.200990,546082.917917,3419.404599,613.866834,625.371848
237,-1,5.040009,79.021594,935768.551711,546079.077045,3419.083499,613.866657,625.310445
238,-1,4.680001,79.051014,935768.911618,546075.236502,3418.762900,613.899894,625.282101
239,-1,4.320010,79.081017,935769.180974,546071.388740,3418.423000,613.866528,625.184869
240,-1,3.959997,79.111536,935769.459517,546067.541635,3418.083900,613.866606,625.120803
241,-1,3.599987,79.142581,935769.713782,546063.692890,3417.739000,613.866587,625.055725
242,-1,3.239996,79.174133,935769.944096,546059.842832,3417.388600,613.866818,624.990043
243,-1,2.880008,79.206197,935770.183269,546055.993102,3417.038900,613.900144,624.957192
244,-1,2.519987,79.238706,935770.331563,546052.138451,3416.671600,613.866695,624.855648
245,-1,2.160001,79.271698,935770.489043,546048.284784,3416.305400,613.866701,624.787382
246,-1,1.800009,79.305137,935770.622245,546044.430133,3415.934299,613.866642,624.718350
247,-1,1.440009,79.339061,935770.764633,546040.575482,3415.564199,613.900000,624.682555
248,-1,1.080008,79.373321,935770.816142,546036.718534,3415.177900,613.866684,624.578461
249,-1,0.719993,79.408093,935770.909974,546032.862243,3414.798500,613.899932,624.541290
250,-1,0.359994,79.443137,935770.912926,546029.004967,3414.403700,613.866532,624.436006
251,-1,0.000000,79.478628,935770.925065,546025.148019,3414.010299,613.866554,624.364072
252,-1,359.640005,79.514486,935770.912926,546021.291071,3413.612899,613.866532,624.291606
253,-1,359.280006,79.550765,935770.909974,546017.433796,3413.217099,613.899932,624.252544
254,-1,358.919991,79.587234,935770.816142,546013.577504,3412.807000,613.866684,624.145596
255,-1,358.559990,79.624193,935770.764633,546009.720557,3412.403800,613.900000,624.105619
256,-1,358.199990,79.661277,935770.622245,546005.865905,3411.987100,613.866642,623.997889
257,-1,357.839998,79.698742,935770.489043,546002.011254,3411.572400,613.866701,623.923655
258,-1,357.480012,79.736496,935770.331563,545998.157588,3411.154599,613.866695,623.849071
259,-1,357.119991,79.774622,935770.183269,545994.302936,3410.738800,613.900144,623.808039
260,-1,356.760003,79.812772,935769.944096,545990.453207,3410.310800,613.866818,623.699401
261,-1,356.400012,79.851264,935769.713782,545986.603149,3409.885100,613.866587,623.624023
262,-1,356.040004,79.890128,935769.492982,545982.752107,3409.461400,613.900150,623.582546
263,-1,355.679989,79.928922,935769.180974,545978.907298,3409.026600,613.866528,623.473266
264,-1,355.319998,79.968187,935768.911618,545975.059537,3408.598600,613.899894,623.431420
265,-1,354.959990,80.007346,935768.551711,545971.218993,3408.160099,613.866657,623.322452
266,-1,354.600015,80.046728,935680.894734,545975.631058,3392.335800,526.171376,534.211772
267,-1,354.240008,80.082090,935680.601755,545972.337757,3392.006100,526.200011,534.183091
268,-1,353.880007,80.118202,935680.231349,545969.052331,3391.659400,526.171592,534.095488
269,-1,353.520004,80.154666,935679.868489,545965.766248,3391.314400,526.171519,534.036316
270,-1,353.159996,80.191624,935679.484960,545962.482462,3390.964800,526.171422,533.976554
271,-1,352.800007,80.229060,935679.081089,545959.201301,3390.610799,526.171589,533.916527
272,-1,352.439994,80.266845,935678.684436,545955.918827,3390.258400,526.199854,533.884693
273,-1,352.080015,80.305377,935678.211012,545952.646852,3389.889300,526.171406,533.794375
274,-1,351.719988,80.353228,935677.745134,545949.373564,3389.437100,526.171385,533.718391
275,-1,351.359996,80.405531,935677.258914,545946.103558,3388.943000,526.171536,533.635965
276,-1,351.000019,80.458166,935676.752025,545942.836832,3388.445900,526.171531,533.553331
277,-1,350.640007,80.511132,935676.224467,545939.573059,3387.945800,526.171420,533.470550
278,-1,350.280013,80.564304,935675.704783,545936.307974,3387.448699,526.200066,533.417083
279,-1,349.920010,80.617985,935675.108000,545933.056012,3386.937400,526.171275,533.305093
280,-1,349.559992,80.671767,935674.547305,545929.797488,3386.434800,526.199939,533.251676
281,-1,349.200011,80.726026,935673.910168,545926.553400,3385.918500,526.171582,533.140246
282,-1,348.839982,80.780463,935673.280248,545923.307672,3385.405300,526.171395,533.057598
283,-1,348.479999,80.835080,935672.658202,545920.060631,3384.895200,526.199962,533.004310
284,-1,348.120002,80.890043,935671.987927,545916.823105,3384.377400,526.200143,532.922261
285,-1,347.759996,80.945239,935671.296984,545913.589843,3383.857500,526.199993,532.840045
286,-1,347.400016,81.000752,935670.558140,545910.367409,3383.330300,526.171509,532.729196
287,-1,347.039987,81.056414,935669.826842,545907.143006,3382.806400,526.171592,532.647580
288,-1,346.679984,81.112293,935669.075204,545903.923524,3382.280600,526.171522,532.566022
289,-1,346.319991,81.168367,935668.303223,545900.708964,3381.753100,526.171297,532.484557
290,-1,345.960013,81.224592,935667.539117,545897.492435,3381.228800,526.199959,532.432639
291,-1,345.600008,81.281117,935666.699224,545894.294606,3380.693000,526.171333,532.322864
292,-1,345.239994,81.337713,935665.894764,545891.087592,3380.165500,526.200085,532.271582
293,-1,344.879994,81.394577,935665.014844,545887.900590,3379.626900,526.171543,532.162509
294,-1,344.519991,81.451496,935664.170030,545884.704074,3379.096600,526.200146,532.111704
295,-1,344.159992,81.508605,935663.277315,545881.520682,3378.560300,526.199856,532.031963
296,-1,343.799988,81.565906,935662.337684,545878.350741,3378.018200,526.171534,531.924170
297,-1,343.440012,81.623250,935661.432830,545875.170957,3377.484300,526.200126,531.874411
298,-1,343.080009,81.680790,935660.453174,545872.013155,3376.940300,526.171524,531.767131
299,-1,342.720013,81.738373,935659.508294,545868.844854,3376.404400,526.200022,531.718060
300,-1,342.359997,81.796101,935658.488939,545865.699519,3375.859000,526.171357,531.611592
301,-1,342.000006,81.853904,935657.477130,545862.552216,3375.317200,526.171254,531.534448
302,-1,341.639998,81.911789,935656.445636,545859.411146,3374.774800,526.171275,531.457883
303,-1,341.279993,81.969746,935655.394457,545856.276638,3374.231900,526.171320,531.381814
304,-1,340.920000,82.027753,935654.350824,545853.139505,3373.692700,526.200126,531.335286
305,-1,340.560012,82.085834,935653.260275,545850.018448,3373.148900,526.200110,531.260123
306,-1,340.200000,82.143959,935652.123138,545846.913796,3372.600900,526.171476,531.156581
307,-1,339.840012,82.202119,935650.993547,545843.806846,3372.056700,526.171493,531.082487
308,-1,339.479989,82.260294,935649.844271,545840.706787,3371.512500,526.171429,531.008861
309,-1,339.120006,82.318505,935648.702541,545837.604103,3370.971999,526.200125,530.964779
310,-1,338.759988,82.376705,935647.487648,545834.528978,3370.424000,526.171414,530.863350
311,-1,338.400014,82.434917,935646.280302,545831.451556,3369.879900,526.171341,530.791371
312,-1,338.039996,82.493115,935645.053598,545828.381352,3369.336100,526.171384,530.720096
313,-1,337.679997,82.551309,935643.807866,545825.319022,3368.792500,526.171608,530.649573
314,-1,337.320006,82.609483,935642.569023,545822.253740,3368.252900,526.200100,530.608145
315,-1,336.959998,82.667587,935641.258330,545819.218313,3367.706700,526.171558,530.509854
316,-1,336.600015,82.725672,935639.954855,545816.180261,3367.164500,526.171457,530.440828
317,-1,336.239995,82.784869,935638.632351,545813.150084,3366.612100,526.171538,530.371247
318,-1,335.879991,82.844487,935637.290818,545810.128436,3366.055900,526.171540,530.301680
319,-1,335.519988,82.904055,935635.930257,545807.115319,3365.500300,526.171461,530.232681
320,-1,335.160005,82.963579,935634.576913,545804.098921,3364.948800,526.200083,530.193242
321,-1,334.799990,83.023026,935633.152703,545801.115003,3364.391099,526.171523,530.096864
322,-1,334.439999,83.082416,935631.735711,545798.128132,3363.837600,526.171524,530.029916
323,-1,334.080002,83.116397,935709.173549,545756.817191,3374.107800,613.866799,618.323874
324,-1,333.720013,83.141246,935707.506557,545753.338851,3373.841700,613.900052,618.325053
325,-1,333.359998,83.166555,935705.757873,545749.900538,3373.562600,613.866569,618.258539
326,-1,332.999992,83.192120,935704.017719,545746.458288,3373.284799,613.866713,618.225689
327,-1,332.639995,83.218008,935702.255911,545743.027192,3373.003500,613.866733,618.192427
328,-1,332.279995,83.244201,935700.472450,545739.607252,3372.718900,613.866630,618.158780
329,-1,331.919991,83.270661,935698.697192,545736.182718,3372.435400,613.900159,618.158792
330,-1,331.560000,83.297493,935696.870752,545732.785415,3372.143900,613.899949,618.124493
331,-1,331.200018,83.324643,935695.023314,545729.399595,3371.849000,613.900040,618.090235
332,-1,330.839999,83.352186,935693.125352,545726.041334,3371.546000,613.866815,618.022085
333,-1,330.479998,83.379967,935691.235264,545722.679136,3371.244300,613.866621,617.987038
334,-1,330.119990,83.408067,935689.324179,545719.328749,3370.939199,613.866571,617.951889
335,-1,329.760004,83.436476,935687.392424,545715.990501,3370.630800,613.866785,617.916774
336,-1,329.399979,83.465126,935685.467887,545712.647332,3370.323600,613.899949,617.914684
337,-1,329.040008,83.494155,935683.494138,545709.333690,3370.008500,613.899959,617.878911
338,-1,328.680002,83.523566,935681.470848,545706.049576,3369.685500,613.866529,617.809181
339,-1,328.320008,83.553214,935679.455760,545702.760869,3369.363800,613.866728,617.773176
340,-1,327.960002,83.583166,935677.419675,545699.484957,3369.038799,613.866574,617.736616
341,-1,327.600000,83.613428,935675.363249,545696.221840,3368.710500,613.866624,617.700061
342,-1,327.240016,83.643988,935673.286481,545692.971846,3368.379000,613.866701,617.663350
343,-1,326.879991,83.674856,935671.189044,545689.734648,3368.044200,613.866707,617.626382
344,-1,326.519998,83.722245,935669.071595,545686.510901,3367.530300,613.866838,617.570106
345,-1,326.160005,83.779353,935666.933804,545683.300606,3366.911100,613.866816,617.502682
346,-1,325.799997,83.836325,935664.775671,545680.103762,3366.293500,613.866642,617.435893
347,-1,325.439999,83.893252,935662.625085,545676.901668,3365.680100,613.899895,617.403399
348,-1,325.080000,83.949865,935660.399696,545673.751084,3365.063100,613.866560,617.304917
349,-1,324.720001,84.006505,935658.209084,545670.576222,3364.452999,613.899874,617.274043
350,-1,324.360004,84.062826,935655.944324,545667.453853,3363.839500,613.866574,617.177165
351,-1,324.000001,84.119075,935653.687111,545664.326234,3363.230400,613.866701,617.114584
352,-1,323.640007,84.175159,935651.410213,545661.213051,3362.623200,613.866651,617.052615
353,-1,323.280013,84.231168,935649.140532,545658.094291,3362.020300,613.899954,617.024855
354,-1,322.920004,84.286826,935646.798017,545655.029665,3361.414600,613.866744,616.931222
355,-1,322.559992,84.342491,935644.489295,545651.939448,3360.815600,613.900160,616.905133
356,-1,322.199993,84.397805,935642.108394,545648.904677,3360.213900,613.866794,616.812901
357,-1,321.839997,84.453114,935639.760958,545645.843988,3359.618900,613.899992,616.788143
358,-1,321.480010,84.516492,935637.368246,545642.818731,3358.933500,613.899931,616.722209
359,-1,321.120002,84.580905,935634.930587,545639.829236,3358.233900,613.866667,616.622633
360,-1,320.760011,84.641523,935564.601987,545692.289761,3349.355800,526.199871,528.509508
361,-1,320.399998,84.685647,935562.480600,545689.753677,3348.944399,526.171488,528.442986
362,-1,320.039990,84.741378,935560.365119,545687.212999,3348.428199,526.171357,528.395295
363,-1,319.680003,84.808071,935558.233890,545684.685774,3347.810600,526.171288,528.338980
364,-1,319.319996,84.875116,935556.086912,545682.171671,3347.189900,526.171493,528.283377
365,-1,318.960010,84.942508,935553.924187,545679.671348,3346.566100,526.171545,528.228072
366,-1,318.599979,85.012031,935551.745386,545677.184476,3345.922700,526.171413,528.171610
367,-1,318.240013,85.107156,935549.551492,545674.711712,3345.042600,526.171403,528.095807
368,-1,317.879999,85.178601,935612.388965,545613.436572,3351.778700,613.866547,616.046403
369,-1,317.519985,85.246968,935609.793170,545610.583560,3351.041100,613.866730,615.985029
370,-1,317.160006,85.315727,935607.179658,545607.747279,3350.299400,613.866780,615.924065
371,-1,316.799994,85.384860,935604.572380,545604.904437,3349.556500,613.900098,615.897051
372,-1,316.439988,85.454387,935601.898829,545602.123931,3348.804099,613.866669,615.803643
373,-1,316.080006,85.521989,935599.232167,545599.337519,3348.075300,613.866536,615.746180
374,-1,315.719998,85.580661,935659.359672,545535.315009,3354.223400,701.600194,703.692412
375,-1,315.360001,85.632433,935656.272080,545532.168690,3353.585700,701.600175,703.643541
376,-1,314.999999,85.684323,935653.164474,545529.042056,3352.946600,701.599781,703.594766
377,-1,314.639997,85.736254,935650.010937,545525.961682,3352.304300,701.561896,703.508943
378,-1,314.280001,85.788457,935646.891521,545522.846858,3351.664399,701.600194,703.499853
379,-1,313.919993,85.840608,935643.699270,545519.806510,3351.019600,701.562020,703.414720
380,-1,313.560000,85.892954,935640.514565,545516.758944,3350.375300,701.561977,703.368238
381,-1,313.199992,85.955927,935637.336750,545513.703504,3349.603000,701.600084,703.351360
382,-1,312.840001,86.035948,935634.088069,545510.723851,3348.615699,701.562130,703.244559
383,-1,312.479988,86.118215,935630.871868,545507.708765,3347.606199,701.599941,703.213217
384,-1,312.119987,86.199220,935627.611376,545504.741908,3346.609800,701.599970,703.146494
385,-1,311.760004,86.279095,935624.332511,545501.795719,3345.627500,701.600043,703.082135
386,-1,311.400001,86.357712,935621.009683,545498.898744,3344.658400,701.561821,702.981765
387,-1,311.039995,86.435300,935617.694073,545495.993894,3343.704600,701.561978,702.921973
388,-1,310.679983,86.511738,935614.360090,545493.110041,3342.765100,701.561931,702.864138
389,-1,310.319999,86.587136,935611.032997,545490.218315,3341.840800,701.600044,702.846551
390,-1,309.960005,86.661183,935607.638647,545487.405656,3340.928700,701.562048,702.754911
391,-1,309.599989,86.734189,935604.250858,545484.585124,3340.031800,701.561999,702.703197
392,-1,309.240006,86.806049,935600.845681,545481.786245,3339.149100,701.561878,702.653344
393,-1,308.879996,86.876859,935597.446738,545478.978836,3338.281500,701.600005,702.643608
394,-1,308.520001,86.946422,935594.006456,545476.222608,3337.427200,701.600038,702.597615
395,-1,308.159986,87.014766,935590.525164,545473.517889,3336.586000,701.561928,702.515249
396,-1,307.799989,87.082147,935587.074055,545470.775112,3335.760700,701.600091,702.510865
397,-1,307.440007,87.148209,935583.559298,545468.114684,3334.947799,701.561870,702.431780
398,-1,307.079986,87.213231,935580.050775,545465.445726,3334.149699,701.561908,702.392564
399,-1,306.719994,87.277128,935576.525848,545462.799078,3333.365500,701.561955,702.354920
400,-1,306.359997,87.339890,935572.984188,545460.174740,3332.595300,701.561811,702.318609
401,-1,306.000000,87.401603,935569.448762,545457.541543,3331.839800,701.600193,702.322293
402,-1,305.639997,87.462053,935565.851985,545454.992663,3331.096399,701.561995,702.250824
403,-1,305.279998,87.521458,935562.261441,545452.435582,3330.367600,701.561793,702.218727
404,-1,304.919995,87.579819,935558.676802,545449.869642,3329.653300,701.599930,702.226303
405,-1,304.560000,87.637007,935555.054434,545447.357508,3328.951800,701.600049,702.197149
406,-1,304.199992,87.700630,935551.394665,545444.899836,3328.169899,701.561797,702.127124
407,-1,303.839995,87.812255,935547.741129,545442.433633,3326.801000,701.561802,702.073540
408,-1,303.479996,87.924378,935544.072173,545439.990397,3325.426200,701.561841,702.022441
409,-1,303.119998,88.036714,935540.408794,545437.538302,3324.050300,701.600042,702.012133
410,-1,302.760012,88.150066,935536.688657,545435.173477,3322.659499,701.561834,701.927674
411,-1,302.399998,88.263613,935532.974098,545432.799794,3321.267800,701.561791,701.884083
412,-1,302.040007,88.377632,935529.245103,545430.449405,3319.870500,701.562042,701.843384
413,-1,301.679996,88.492103,935525.501016,545428.122638,3318.467800,701.561960,701.804990
414,-1,301.320011,88.606768,935521.762506,545425.787013,3317.063800,701.600042,701.807518
415,-1,300.960011,88.730869,935517.969863,545423.539970,3315.542500,701.562005,701.734150
416,-1,300.600004,88.799127,935558.823127,545345.801281,3316.544599,789.257117,789.430504
417,-1,300.239998,88.844426,935554.568215,545343.253386,3315.921200,789.299851,789.460410
418,-1,299.879992,88.917221,935550.254575,545340.806212,3314.917200,789.257153,789.398110
419,-1,299.520002,89.037835,935545.947169,545338.349196,3313.255200,789.257253,789.368552
420,-1,299.160000,89.160592,935541.645012,545335.882009,3311.564400,789.299948,789.384662
421,-1,298.800004,89.283335,935537.306766,545333.479127,3309.873200,789.300064,789.361813
422,-1,298.440006,89.405159,935532.933087,545331.141205,3308.194300,789.257344,789.299880
423,-1,298.079997,89.526022,935528.584999,545328.755711,3306.529599,789.299802,789.326810
424,-1,297.720008,89.645997,935524.182449,545326.472907,3304.876500,789.257180,789.272245
425,-1,297.359995,89.765027,935519.785148,545324.179933,3303.236800,789.257164,789.263801
426,-1,296.999988,89.883114,935515.393096,545321.876460,3301.610200,789.300045,789.301687
427,-1,296.639989,90.000319,935510.967252,545319.638931,3299.995599,789.299987,789.299987
428,-1,296.280004,90.116631,935506.527628,545317.429290,3298.393300,789.299983,789.301618
429,-1,295.919996,90.232049,935502.073897,545315.247536,3296.803300,789.299887,789.306360
430,-1,295.559999,90.336405,1076862.971949,249731.427944,1371.599500,328436.499889,328442.161099
431,-1,295.199999,90.367918,1141054.471519,108470.872539,194.712799,483577.800022,483587.770195
432,-1,294.839999,90.381003,1127506.625911,130504.636870,255.151500,457881.700075,457891.823869
433,-1,294.480000,90.376055,1125800.572564,127308.871608,280.301900,460074.200083,460084.109874
434,-1,294.119999,90.366719,1122915.084897,126679.597604,359.198999,459460.299835,459469.711118
435,-1,293.760000,90.363738,1122033.172619,121517.871379,355.429600,463820.126713,463829.473448
436,-1,293.400000,90.367518,1119999.178655,118880.210972,314.539900,465423.899928,465433.474941
437,-1,293.039999,90.368764,1117164.544561,118073.296904,306.839800,465047.859742,465057.491993
438,-1,292.680000,90.366985,1114819.958371,116105.692571,315.495899,465950.100073,465959.658150
439,-1,292.319999,90.361458,1115402.739358,106977.362074,305.833799,474606.641132,474616.085734
440,-1,291.959999,90.345680,1118412.402958,91538.994329,343.418999,490041.003553,490049.922492
441,-1,291.600000,90.355793,1118394.067692,83221.292133,209.000000,497758.184821,497767.782041
442,-1,291.240000,90.359966,1114729.857173,84015.766265,185.800399,495680.399902,495690.182560
443,-1,290.880000,90.358766,1094225.569114,129029.189034,505.350200,446305.300075,446314.049681
444,-1,290.519999,90.364760,1091409.451714,128553.440313,462.168500,445754.907002,445763.940224
445,-1,290.160000,90.360986,1104357.640713,85158.829924,206.811300,490944.599900,490954.344097
446,-1,289.799999,90.361976,1098597.838256,92050.917518,251.682100,482499.212893,482508.842079
447,-1,289.440000,90.359423,1098669.769871,82738.235356,218.000000,491295.400162,491305.067086
448,-1,289.080000,90.343741,1094227.602246,86137.714121,380.518400,486620.889133,486629.646768
449,-1,288.720000,90.353808,1090808.611381,86700.464964,305.145699,484981.000013,484990.246836
450,-1,288.360000,90.345753,1087469.280133,87088.230593,381.950700,483551.555712,483560.360289
451,-1,287.999999,90.349212,1089297.988418,71628.145371,259.754700,498810.527548,498819.792595
452,-1,287.640000,90.344009,1086721.088060,69389.576030,296.991599,500153.100099,500162.115316
453,-1,287.279999,90.345739,1083767.361684,68305.130364,281.000000,500301.346667,500310.455455
454,-1,286.920000,90.354845,1080456.574998,68387.609530,208.000000,499249.003670,499258.578423
455,-1,286.559999,90.350912,1077210.402357,68298.751112,247.475200,498399.099918,498408.447668
456,-1,286.200000,90.332919,1067470.225643,90600.239973,544.289099,474255.860338,474263.866436
457,-1,285.839999,90.341987,1063679.561636,93043.548079,489.489900,470861.299847,470869.687558
458,-1,285.479999,90.340724,1064639.239179,78493.812414,415.015400,485130.070066,485138.648242
459,-1,285.119999,90.345328,1059487.031963,85876.472518,427.142500,476649.500014,476658.157566
460,-1,284.759999,90.350489,1055990.125900,87394.135165,398.692700,474281.600029,474290.473982
461,-1,284.400000,90.351990,1057533.547025,69400.193791,276.891000,492084.699959,492093.986066
462,-1,284.040000,90.367135,1054302.392726,69576.574015,153.000000,491119.999934,491130.082508
463,-1,283.680000,90.371157,1051617.560498,67559.189927,110.000000,492435.499914,492445.832225
464,-1,283.320000,90.356358,1048406.939622,67690.303510,242.645300,491558.500123,491568.007971
465,-1,282.959999,90.359654,1044848.537947,69381.228277,229.787400,489102.900101,489112.536225
466,-1,282.599999,90.346875,1039096.662967,81026.087205,415.329800,476474.099959,476482.832066
467,-1,282.239999,90.346814,1037227.217887,75522.468948,385.740399,481446.869808,481455.689921
468,-1,281.879999,90.355047,1035357.595314,69715.571441,283.787599,486735.000093,486744.345476
469,-1,281.520000,90.361128,1029800.632675,81666.861843,312.989100,473905.079178,473914.492609
470,-1,281.160000,90.349799,1028787.233127,71419.470592,346.573000,483753.200138,483762.215738
471,-1,280.799999,90.316467,1005734.428839,176045.615998,1219.582299,376651.057766,376656.803276
472,-1,280.440000,90.336346,1003507.455931,175071.878772,1085.689199,377197.699876,377204.199293
473,-1,280.079999,90.309005,1000453.926277,178708.021106,1287.923899,373075.800157,373081.225892
474,-1,279.720000,90.366933,1016830.777709,69216.421192,201.903099,483753.199871,483763.120328
475,-1,279.360000,90.362984,1013501.000248,70728.705569,248.190700,481709.955691,481719.622760
476,-1,278.999999,90.338879,1010417.067768,70852.150204,454.491800,481096.088994,481104.503993
477,-1,278.640000,90.344574,1007522.220539,69781.759957,402.982900,481709.955625,481718.666917
478,-1,278.279999,90.348645,1002751.457115,81547.409326,443.844299,469370.400072,469379.089958
479,-1,277.919999,90.351363,996879.845498,102350.638388,552.952000,447947.288115,447955.711206
480,-1,277.559999,90.313452,985910.820520,163607.052293,1189.509200,385771.362723,385777.135751
481,-1,277.200000,90.316891,991552.536599,99608.972284,811.315700,449964.278478,449971.160694
482,-1,276.840000,90.327062,988788.303282,98915.158711,729.430800,450315.059658,450322.396490
483,-1,276.479999,90.334436,986198.491533,96645.653735,660.067299,452268.899845,452276.604537
484,-1,276.120000,90.330973,976866.508557,157025.148134,1040.006899,391229.699964,391236.227492
485,-1,275.760000,90.275217,939170.643988,506235.862768,3107.902500,39991.200146,39991.661513
486,-1,275.399999,90.137365,938920.562795,506211.430403,3204.121600,39991.199968,39991.314902
487,-1,275.040000,89.999926,938670.142692,506190.731625,3300.051000,39989.029619,39989.029619
488,-1,274.680000,89.964876,938434.276038,505992.466274,3324.623000,40166.600085,40166.607633
489,-1,274.320000,89.902342,938241.968352,505187.824182,3369.803300,40953.677330,40953.736818
490,-1,273.960000,89.825933,938009.545588,504819.303922,3425.484600,41304.458237,41304.648850
491,-1,273.599999,89.802001,937750.586789,504802.194704,3442.737299,41304.458221,41304.704851
492,-1,273.239999,89.797986,937491.652595,504784.474595,3445.639600,41306.700110,41306.956858
493,-1,272.880000,89.818978,937316.207736,503106.424802,3435.770600,42972.999988,42973.214467
494,-1,272.519999,89.892547,937073.388340,502482.762663,3381.738200,43584.534441,43584.611087
495,-1,272.159999,89.921683,936816.293710,502033.416777,3360.174300,44023.010791,44023.051916
496,-1,271.799999,89.926886,936550.872981,501673.252143,3356.624400,44373.791663,44373.827791
497,-1,271.440000,89.927838,936276.644526,501487.618000,3356.110600,44551.599893,44551.635227
498,-1,271.079999,90.046211,936005.005634,501045.481745,3263.715300,44987.658223,44987.672856
499,-1,270.719999,90.193302,935716.895646,501477.065528,3149.692599,44551.600098,44551.853649
500,-1,270.359999,90.244924,938140.344211,71226.720321,1270.306800,474807.799996,474812.138210
501,-1,270.000000,90.215143,935157.058511,141048.527856,1779.319699,404976.620163,404979.475217
502,-1,269.640000,90.099423,933749.172547,321956.070896,2911.171400,224073.500141,224073.837503
503,-1,269.279999,90.168716,930067.829844,141058.524883,2107.413700,404998.600124,405000.356005
504,-1,268.920000,90.142278,927348.671897,131826.426878,2271.262800,414272.315629,414273.592927
505,-1,268.559999,90.176054,924371.126015,116956.895265,1981.165200,429203.799914,429205.826133
506,-1,268.199999,90.203552,921519.162230,112060.253812,1757.499300,434179.135403,434181.875402
507,-1,267.840000,90.196961,918220.959509,96994.011962,1755.296200,449350.411814,449353.066872
508,-1,267.480000,90.211001,914756.048788,82478.344800,1591.249500,463995.517190,463998.663576
509,-1,267.119999,90.244527,911516.579217,76108.923155,1291.937200,470510.500043,470514.785068
510,-1,266.759999,90.251762,909600.439677,94566.736961,1313.061600,452181.200052,452185.565454
511,-1,266.400000,90.248971,905785.762595,79181.765763,1267.365900,467766.412411,467770.828698
512,-1,266.040000,90.239956,902851.344907,79350.197841,1340.858400,467791.800115,467795.902602
513,-1,265.679999,90.250173,899551.783921,74690.725532,1236.108200,472677.345976,472681.851829
514,-1,265.319999,90.253418,898635.403536,99896.747955,1320.167200,447620.800037,447625.178429
515,-1,264.960000,90.252986,894939.307910,90001.158494,1278.618200,457794.000054,457798.462721
516,-1,264.599999,90.252031,892223.396675,91834.448135,1293.192700,456215.399981,456219.813747
517,-1,264.240000,90.236385,889352.895198,91938.657572,1417.055600,456390.799845,456394.684087
518,-1,263.879999,90.250439,884555.950396,74097.777571,1225.373200,474632.399990,474636.934083
519,-1,263.520000,90.183884,921003.626516,421415.359838,2897.506599,125411.000107,125411.645985
520,-1,263.159999,90.122607,920200.886652,421339.363270,3031.271800,125579.584308,125579.871834
521,-1,262.799999,90.115808,919394.925337,421255.017311,3045.804500,125761.800079,125762.056974
522,-1,262.439999,90.105048,918276.680198,418835.323331,3064.759300,128305.099961,128305.315612
523,-1,262.080000,90.216387,885723.244649,190685.989932,1945.068400,358761.228706,358763.787278
524,-1,261.720000,90.225261,880659.706220,171544.310696,1812.194600,378425.499839,378428.424531
525,-1,261.359999,90.196797,872879.853669,136171.756770,1876.086600,414557.900131,414560.345536
526,-1,261.000000,90.084430,870048.782232,134947.669323,2686.687500,416201.611159,416202.063045
527,-1,260.640000,90.046876,866921.529956,132054.350634,2956.743400,419556.800021,419556.940438
528,-1,260.279999,90.070630,864425.485408,133096.342973,2783.553100,418942.900012,418943.218333
529,-1,259.920000,90.165035,861632.846964,132426.408617,2089.986600,420083.000035,420084.742701
530,-1,259.559999,90.180587,867966.758509,181367.993149,2131.308200,370795.600044,370797.441810
531,-1,259.199999,90.207562,879924.598438,256486.452819,2232.184500,294759.699863,294761.634025
532,-1,258.840000,90.208895,878174.372608,257183.368092,2226.607300,294408.899872,294410.856620
533,-1,258.479999,90.225181,861998.719264,187081.803571,1860.288400,366322.900082,366325.729227
534,-1,258.120000,90.228506,882529.209043,295855.343570,2280.431000,255645.499858,255647.532980
535,-1,257.760000,90.160453,880958.394927,296190.949854,2584.078700,255645.500072,255646.502519
536,-1,257.400000,90.146207,878260.982015,291486.733212,2634.436900,260819.800116,260820.649311
537,-1,257.039999,90.155562,877567.556564,295780.680333,2602.805200,256785.599950,256786.546420
538,-1,256.679999,90.135237,876198.422820,297000.870478,2695.969300,255908.599948,255909.312805
539,-1,256.319999,90.163323,870217.106370,279226.053666,2517.273100,274588.699934,274589.815530
540,-1,255.960000,90.186309,868052.704203,277682.504587,2400.554699,276605.800103,276607.262473
541,-1,255.600000,90.221078,865826.503603,276000.464644,2224.297400,278783.169283,278785.244608
542,-1,255.240000,90.234723,811709.814264,77471.829550,1314.965300,484542.500055,484546.566103
543,-1,254.880000,90.217460,858934.892714,263924.800804,2190.915599,292216.400049,292218.504763
544,-1,254.520000,90.221611,857749.102763,266522.248365,2178.227700,290023.899926,290026.069348
545,-1,254.160000,90.234171,856162.039008,267604.719625,2117.157400,289409.999919,289412.417097
546,-1,253.799999,90.238817,805681.969693,100368.969451,1365.618600,464083.212495,464087.243900
547,-1,253.440000,90.229341,848170.319755,253488.132044,2078.363900,305196.000030,305198.444998
548,-1,253.079999,90.266765,804576.930236,116774.090512,1210.993000,448673.199858,448678.063004
549,-1,252.719999,90.258239,802690.028498,120199.007547,1290.007900,445954.499864,445959.029528
550,-1,252.359999,90.283305,800043.692583,121123.298678,1095.340400,445866.799869,445872.250482
551,-1,252.000000,90.239929,783265.372138,78550.605280,1241.671700,491531.822468,491536.132155
552,-1,251.639999,90.271777,825936.433777,216928.925307,1655.226100,346746.980766,346750.881688
553,-1,251.279999,90.249845,824174.405149,218517.512353,1792.078899,345801.100008,345804.387758
554,-1,250.919999,90.270343,779002.025677,94566.721541,1046.000000,477701.899846,477707.217480
555,-1,250.560000,90.277019,776752.295269,97210.782854,998.822700,475947.899875,475953.462864
556,-1,250.199999,90.275921,774003.617695,98404.246675,1008.912000,475746.679239,475752.195887
557,-1,249.840000,90.278391,798116.072751,172754.714443,1367.955600,397631.799985,397636.493742
558,-1,249.480000,90.267151,775830.646193,120340.343551,1180.686200,454524.431045,454529.371887
559,-1,249.120000,90.259338,791279.606437,168852.343967,1472.795000,403683.100131,403687.235381
560,-1,248.760000,90.260513,771057.004494,123824.430086,1240.415100,452970.500089,452975.182368
561,-1,248.399999,90.248073,771829.655180,133507.216495,1379.013600,443674.300030,443678.458680
562,-1,248.039999,90.240124,767469.973610,130149.374129,1420.721300,448410.099965,448414.037959
563,-1,247.680000,90.266415,762362.279429,125126.489818,1184.373500,454987.599999,454992.518651
564,-1,247.320000,90.297401,770474.521079,151952.543449,1083.067400,427099.000007,427104.753658
565,-1,246.960000,90.269695,758356.861587,130317.128715,1173.597100,451742.699936,451747.704515
566,-1,246.599999,90.284643,766789.466769,156950.600054,1193.855000,423941.800042,423947.031679
567,-1,246.239999,90.253599,752662.233541,131470.396094,1295.184100,452945.916732,452950.353539
568,-1,245.879999,90.246332,749692.697485,131802.352779,1348.755600,453847.500056,453851.694567
569,-1,245.520000,90.295517,759994.699191,161310.612660,1119.725700,422714.000051,422719.622723
570,-1,245.160000,90.315669,822606.219965,302888.744857,1823.870200,267923.499902,267927.566254
571,-1,244.799999,90.329735,820750.922166,302899.732696,1753.631200,268698.216609,268702.666279
572,-1,244.439999,90.332824,743504.067146,145296.792325,719.664600,444200.499950,444207.994398
573,-1,244.079999,90.346371,748503.686740,161968.942380,718.546400,427011.299948,427019.102835
574,-1,243.719999,90.332640,794748.151337,261679.473273,1458.868000,317123.199971,317128.544485
575,-1,243.360000,90.302933,840747.160061,357821.229808,2186.740400,210556.272182,210559.215191
576,-1,242.999999,90.230727,839481.693104,358251.670877,2451.343900,210743.100157,210744.808906
577,-1,242.639999,90.186571,841815.388239,365642.702026,2638.639500,203102.176826,203103.253615
578,-1,242.279999,90.201103,836359.959190,358003.901031,2554.496799,212397.872290,212399.180620
579,-1,241.919999,90.247455,836124.575474,360397.867700,2391.327900,210392.299990,210394.262232
580,-1,241.559999,90.274497,829363.551266,350690.217824,2235.723700,222144.099920,222146.649341
581,-1,241.200000,90.238472,828307.321424,351666.197499,2376.861900,221793.300085,221795.221199
582,-1,240.840000,90.312508,825122.580746,348818.470911,2068.255500,225827.500081,225830.859245
583,-1,240.480000,90.361144,823762.084123,349295.458146,1874.972899,226078.329780,226082.820883
584,-1,240.119999,90.407120,822653.161472,350216.739112,1695.333300,225827.500202,225833.201285
585,-1,239.760000,90.436930,774253.927890,270009.305039,863.551399,319491.100063,319500.390143
586,-1,239.399999,90.443482,823862.228608,357835.868230,1607.670800,218636.099925,218642.649473
587,-1,239.040000,90.449396,773550.303313,276640.523732,836.000000,314141.399895,314151.063063
588,-1,238.680000,90.482344,783850.549773,297365.233923,849.515700,291076.300074,291086.614838
589,-1,238.319999,90.487336,784049.568404,301170.136418,852.632700,287728.083913,287738.492175
590,-1,237.959999,90.484293,782226.652430,301665.114102,863.334400,288269.900058,288280.198104
591,-1,237.599999,90.447902,781211.233857,303445.344466,1053.981700,287305.200127,287313.979156
592,-1,237.240000,90.490391,817139.561607,362616.763524,1433.264200,218098.062986,218106.051683
593,-1,236.880000,90.514781,782152.380597,311495.437289,784.000000,280026.099995,280037.402742
594,-1,236.519999,90.488200,816047.116285,365933.101380,1460.187699,215917.399946,215925.238240
595,-1,236.159999,90.453767,814966.761162,366757.884179,1590.651400,215829.700137,215836.468962
596,-1,235.800000,90.486835,780035.018362,317769.997247,955.000000,275976.921488,275986.884143
597,-1,235.440000,90.418706,890780.516359,481601.510462,2728.311300,78228.400018,78230.488924
598,-1,235.079999,90.381725,890477.013685,482025.425953,2779.974600,78053.000135,78054.732441
599,-1,234.720000,90.337264,890025.123185,482235.827435,2840.029700,78140.700066,78142.053847
600,-1,234.360000,90.280206,889678.786935,482595.372976,2918.297300,78048.763907,78049.697273
601,-1,234.000000,90.216978,889227.107392,482807.993614,3004.081200,78140.700156,78141.260476
602,-1,233.640000,90.156438,888625.362861,482818.754419,3085.700200,78487.240313,78487.532872
603,-1,233.280000,90.095831,888226.599551,483108.952986,3168.716400,78491.500022,78491.609813
604,-1,232.919999,90.059590,887779.337322,483335.099187,3218.274200,78579.200095,78579.242594
605,-1,232.560000,90.066520,886799.911787,482868.055173,3207.649300,79543.899929,79543.953539
606,-1,232.200000,90.060875,886352.937944,483107.254826,3215.397400,79627.278417,79627.323361
607,-1,231.839999,90.051061,885955.908882,483411.742078,3229.033100,79631.600061,79631.631683
608,-1,231.480000,90.089712,885508.852690,483653.500125,3175.176600,79719.300061,79719.397785
609,-1,231.120000,90.222279,885117.942710,483966.678304,2990.727199,79719.299880,79719.899793
610,-1,230.759999,90.381480,884839.960655,484418.154107,2770.381100,79543.900052,79545.663186
611,-1,230.399999,90.494157,884509.770370,484803.093626,2614.699299,79456.200136,79459.155401
612,-1,230.039999,90.540785,888015.125236,489763.858967,2607.186400,73400.916334,73404.185911
613,-1,229.679999,90.559984,784891.511274,368963.428652,1030.213500,232229.600076,232240.692132
614,-1,229.319999,90.605065,784925.289421,371241.230527,866.000000,230475.600135,230488.452234
615,-1,228.959999,90.592849,785499.956907,374106.896056,941.460900,227932.300077,227944.502292
616,-1,228.600000,90.669590,798284.019266,390773.159639,881.097800,206971.999961,206986.134453
617,-1,228.239999,90.659494,789492.317689,382878.920835,782.437900,218711.929632,218726.418802
618,-1,227.880000,90.664669,791814.850773,387496.461796,820.534700,213724.899987,213739.281889
619,-1,227.519999,90.635890,789637.087741,387106.632852,908.435400,215478.900025,215492.171406
620,-1,227.159999,90.635791,789476.299020,388924.383481,922.432300,214251.100123,214264.291781
621,-1,226.800000,90.656675,790953.514242,392463.970234,885.539999,210655.399889,210669.236291
622,-1,226.440000,90.636988,790293.690102,393690.813253,962.808900,210216.900023,210229.892065
623,-1,226.080000,90.777838,817633.318165,423985.203451,999.740900,169427.204471,169442.818693
624,-1,225.720000,90.794504,840864.233318,449332.198361,1427.068000,135058.000120,135070.986043
625,-1,225.360000,90.810952,803038.627867,412235.948406,638.500599,188028.800051,188047.635528
626,-1,225.000000,90.766572,892864.011864,503732.101372,2499.723199,59811.400162,59816.753776
627,-1,224.640000,90.691127,892539.024981,503939.331272,2577.474700,59895.849215,59900.206978
628,-1,224.279999,90.644174,891519.655957,503470.918495,2614.695600,60951.499998,60955.352465
629,-1,223.919999,90.566800,891126.800771,503624.271863,2695.280000,61126.899933,61129.891065
630,-1,223.559999,90.565495,890797.706941,503841.321954,2695.807400,61214.600000,61217.581640
631,-1,223.200000,90.598000,890789.257811,504361.009891,2664.736800,60863.799954,60867.115130
632,-1,222.840000,90.548424,890721.271399,504819.497163,2719.923500,60600.699986,60603.476200
633,-1,222.479999,90.406013,890463.247308,505099.507102,2870.559700,60600.700031,60602.221603
634,-1,222.120000,90.384486,890206.987978,505381.132523,2893.329600,60600.699967,60602.064464
635,-1,221.760000,90.405373,890148.760076,505839.590267,2873.097899,60337.600050,60339.110245
636,-1,221.399999,90.425563,890294.300140,506473.306191,2855.767400,59808.153964,59809.803738
637,-1,221.040000,90.406261,890046.675963,506755.966059,2875.917000,59808.153837,59809.657346
638,-1,220.680000,90.449334,889931.387480,507152.392103,2832.303300,59635.999804,59637.833737
639,-1,220.320000,90.571076,890022.367941,507721.052711,2709.949299,59197.500033,59200.440623
640,-1,219.959999,90.646993,889717.833445,507951.137553,2630.550000,59281.982486,59285.762294
641,-1,219.600000,90.725592,889547.076240,508293.289100,2550.324600,59194.287395,59199.034396
642,-1,219.240000,90.857352,889240.489583,508523.099336,2412.812500,59285.200156,59291.838048
643,-1,218.879999,90.944881,819847.096546,453048.176821,857.000000,148125.300004,148145.444582
644,-1,218.519999,91.177611,837173.875869,468029.946726,725.644600,125235.599992,125262.056549
645,-1,218.160000,91.137845,838271.777216,469893.413144,852.663400,123218.500180,123242.801993
646,-1,217.800000,91.145191,837310.267000,470127.396600,824.588099,123832.399958,123857.139251
647,-1,217.439999,91.193770,837119.174535,470961.016324,727.000000,123474.898508,123501.703999
648,-1,217.080000,91.179479,840847.237617,474750.927051,866.142500,118213.184086,118238.236430
649,-1,216.720000,91.177581,840536.725114,475445.932551,873.533700,118044.199977,118069.136047
650,-1,216.360000,91.241820,842143.273082,477549.651768,796.258499,115500.899851,115528.033775
651,-1,215.999999,91.277050,850087.060672,484218.176817,955.900299,105152.300124,105178.424711
652,-1,215.640000,91.308518,850769.496972,485520.433071,928.168200,103836.800189,103863.885252
653,-1,215.280000,91.341129,841518.559109,479774.454733,614.585699,114705.374465,114736.804823
654,-1,214.919999,91.332518,841890.047867,480912.768402,654.129199,113746.899975,113777.668662
655,-1,214.559999,91.350537,841121.659312,481251.316281,608.000000,114185.400032,114217.128507
656,-1,214.199999,91.324873,861900.718475,496240.190831,1251.543999,88572.192688,88595.877385
657,-1,213.839999,91.332104,861658.208790,496747.614685,1242.287800,88489.299928,88513.221505
658,-1,213.480000,91.290366,861207.757919,497116.286848,1302.940500,88659.888106,88682.377086
659,-1,213.119999,91.313573,861265.141991,497818.851059,1276.955800,88226.200154,88249.391507
660,-1,212.759999,91.369133,861262.727625,498476.482290,1199.854200,87870.630757,87895.724367
661,-1,212.399999,91.407540,860669.256700,498753.751748,1132.297100,88221.411936,88248.039411
662,-1,212.039999,91.435965,860225.039412,499129.655852,1084.105900,88396.802384,88424.571576
663,-1,211.679999,91.422779,842767.389288,489008.667564,603.496700,108566.707708,108600.189468
664,-1,211.319999,91.359394,842630.696976,489723.991593,729.775800,108309.500016,108339.991906
665,-1,210.959999,91.280906,842885.423829,490670.394556,894.043999,107602.059914,107628.954850
666,-1,210.599999,91.251263,842685.390764,491337.556279,953.444399,107432.499859,107458.123701
667,-1,210.240000,91.199756,842722.436294,492140.487088,1059.249900,106994.000149,107017.461327
668,-1,209.880000,91.179990,842385.695826,492722.330740,1096.177000,106994.000132,107016.694492
669,-1,209.519999,91.148296,841676.115880,493093.090826,1146.714400,107426.669472,107448.247788
670,-1,209.160000,91.081145,841570.045226,493806.844319,1277.521599,107169.400002,107188.482197
671,-1,208.799999,91.055513,841858.614203,494733.894303,1338.408800,106467.799912,106485.868819
672,-1,208.439999,91.019579,841538.185382,495321.114257,1405.203500,106467.800041,106484.659456
673,-1,208.079999,91.087826,841763.091100,496199.301149,1290.000000,105853.900094,105872.981752
674,-1,207.719999,91.139674,842000.371137,497075.305302,1206.500799,105234.288634,105255.110295
675,-1,207.360000,91.179969,842239.848677,497943.709077,1145.106199,104620.421783,104642.611881
676,-1,207.000000,91.114610,843731.770233,499441.636856,1303.631899,102608.999843,102628.418747
677,-1,206.639999,91.075118,842813.764523,499702.408972,1361.214800,103310.600120,103328.790689
678,-1,206.279999,91.155021,843232.253844,500632.998646,1233.000000,102521.299922,102542.134885
679,-1,205.920000,91.153390,844605.297686,502016.507362,1273.000000,100679.599924,100700.002830
680,-1,205.560000,91.284095,845359.095391,503078.228992,1068.777900,99539.499870,99564.503647
681,-1,205.200000,91.260218,895559.745645,527392.066847,2337.295000,43762.299986,43772.887739
682,-1,204.840000,91.204844,895920.971301,527862.279489,2390.675500,43236.099879,43245.661098
683,-1,204.479999,91.157536,895967.258282,528181.845451,2429.933600,43060.700046,43069.489247
684,-1,204.119999,91.105092,896336.178148,528643.463951,2479.513800,42534.500035,42542.412847
685,-1,203.760000,91.065145,896470.632603,528994.653209,2514.114100,42269.105774,42276.410912
686,-1,203.399999,91.130729,897247.643516,529620.279254,2484.708600,41306.699994,41314.745122
687,-1,203.039999,91.108877,897147.380594,529859.670836,2500.511400,41304.458209,41312.194930
688,-1,202.680000,91.084990,897044.492348,530097.945622,2517.696000,41306.700131,41314.107461
689,-1,202.319999,91.052100,897190.620336,530438.492841,2546.288100,41041.372385,41048.292643
690,-1,201.959999,91.000845,897418.766534,530808.526878,2589.142100,40690.591545,40696.800356
691,-1,201.599999,90.956769,897486.977355,531110.507901,2623.382600,40515.200902,40520.850376
692,-1,201.239999,90.951705,897555.445722,531410.235320,2629.841799,40341.999919,40347.565843
693,-1,200.879999,90.914844,897628.241508,531709.294761,2658.603600,40166.600056,40171.720767
694,-1,200.520000,90.900106,897705.337483,532007.620608,2671.727900,39989.029529,39993.964651
695,-1,200.159999,90.922493,897615.964958,532242.463970,2656.064000,39991.200091,39996.384065
696,-1,199.799999,90.932752,897449.638847,532449.641706,2647.509000,40076.724783,40082.036049
697,-1,199.439999,90.967810,897528.435606,532744.483308,2625.906600,39903.500058,39909.193412
698,-1,199.080000,91.008844,897611.498104,533038.507654,2600.409000,39728.100058,39734.259296
699,-1,198.719999,91.041727,897862.884412,533387.255316,2583.980100,39377.299980,39383.809341
700,-1,198.359999,91.061461,897952.705426,533677.748173,2573.702200,39199.772593,39206.500480
701,-1,197.999999,91.060883,898292.875022,534047.248747,2582.217099,38761.296357,38767.941751
702,-1,197.640000,91.092511,898299.915362,534305.046787,2562.445100,38675.700045,38682.732080
703,-1,197.279999,91.163877,898310.745393,534562.907492,2516.035300,38588.000055,38595.962858
704,-1,196.920000,91.220641,898491.164651,534871.215931,2483.394799,38324.900176,38333.599069
705,-1,196.560000,91.248248,898926.180842,535251.790301,2476.385700,37798.700152,37807.672154
706,-1,196.199999,91.274175,898945.388809,535504.685464,2461.269200,37708.953247,37718.279711
707,-1,195.839999,91.334315,898962.402882,535755.795526,2423.662700,37623.299917,37633.504537
708,-1,195.480000,91.396806,898983.112158,536006.821599,2384.742900,37535.599888,37546.756911
709,-1,195.120000,91.449738,898582.223524,536142.802298,2341.166700,37886.400082,37898.531271
710,-1,194.759999,91.482341,898605.659501,536395.145954,2321.863600,37798.699836,37811.353588
711,-1,194.400000,91.500849,898630.818900,536646.803587,2311.943400,37711.000045,37723.941738
712,-1,194.040000,91.580258,898657.694502,536897.764371,2262.059400,37623.300032,37637.614510
713,-1,193.679999,91.680931,898601.066334,537127.275395,2195.898900,37623.299978,37639.497080
714,-1,193.320000,91.745779,898545.881405,537357.137468,2153.278000,37623.299908,37640.771343
715,-1,192.959999,91.818701,860117.904456,528756.164841,855.000000,77000.600136,77039.408398
716,-1,192.600000,91.889547,860267.645954,529285.380974,768.369399,76737.500049,76779.248937
717,-1,192.239999,91.899416,860425.121033,529812.911415,764.000000,76470.249737,76512.289149
718,-1,191.879999,91.879113,882891.737517,535030.170337,1547.722100,53409.299872,53438.036927
719,-1,191.520000,91.920633,861172.512911,530945.925553,768.000000,75505.602029,75548.044063
720,-1,191.160000,91.928396,861935.624246,531580.028615,787.148300,74632.700007,74674.991356
721,-1,190.799999,91.976902,862190.895060,532106.107944,736.000000,74281.900119,74326.137941
722,-1,190.439999,91.963025,861932.383766,532533.056237,748.000000,74457.300059,74501.021711
723,-1,190.080000,92.024836,862367.134209,533085.500670,686.182000,73931.100041,73977.291096
724,-1,189.719999,91.974601,861509.299967,533409.845494,723.869099,74720.400135,74764.795504
725,-1,189.360000,91.891806,861344.957776,533858.570646,829.069000,74808.099961,74848.896584
726,-1,188.999999,91.837130,861533.827149,534364.373769,909.101699,74540.954195,74579.288324
727,-1,188.639999,91.809579,861024.490569,534760.707622,931.000000,74983.499832,75020.913138
728,-1,188.280000,91.816800,861041.963303,535239.345116,924.321299,74895.800162,74933.468698
729,-1,187.919999,91.851064,861066.542322,535717.877623,882.451700,74804.040078,74843.095552
730,-1,187.560000,91.883898,861086.155800,536194.606329,842.289900,74720.400014,74760.808698
731,-1,187.200000,91.922460,861025.851131,536660.198573,791.945500,74720.400064,74762.480718
732,-1,186.840000,91.952848,861146.641572,537147.531916,758.388699,74540.954402,74584.272277
733,-1,186.480000,91.959182,861262.582941,537632.063755,756.000000,74369.599859,74413.099110
734,-1,186.120000,91.981600,861385.706710,538115.218629,732.936100,74194.200106,74238.596070
735,-1,185.760000,91.996088,861511.978111,538596.494241,720.266199,74018.800071,74063.741402
736,-1,185.399999,92.040403,861466.756417,539059.363722,662.945099,74018.800136,74065.760187
737,-1,185.040000,92.041614,861515.801922,539530.564880,664.648400,73927.087607,73974.045179
738,-1,184.680000,92.074870,861385.042670,539985.908785,618.361199,74018.799854,74067.360682
739,-1,184.319999,92.131764,872370.766105,541282.182111,956.216799,62965.182757,63008.789540
740,-1,183.960000,92.165663,872426.286335,541682.591416,922.097299,62880.899927,62925.845221
741,-1,183.599999,92.180134,861200.804521,541372.215068,479.000000,74102.478293,74156.155039
742,-1,183.240000,92.137841,862569.971074,541916.064046,586.007899,72703.300019,72753.938634
743,-1,182.880000,92.153284,862808.353471,542385.439419,576.277199,72440.200162,72491.387526
744,-1,182.520000,92.134480,860863.410839,542755.434086,528.324399,74365.564031,74417.197604
745,-1,182.160000,92.101936,860931.966476,543225.601453,573.840700,74277.868497,74327.879649
746,-1,181.800000,92.020562,860477.581558,543678.250810,664.000000,74716.344962,74762.829671
747,-1,181.440000,92.003493,860460.256133,544147.417195,686.144899,74720.399881,74766.104599
748,-1,181.080000,92.029585,860453.986789,544616.861466,652.219599,74716.344903,74763.245895
749,-1,180.719999,92.037662,860442.558006,545086.208624,641.528500,74720.400112,74767.677933
750,-1,180.360000,92.032706,860438.133474,545555.668971,648.000000,74720.399953,74767.447951
751,-1,180.000000,92.023573,860616.104247,546025.148019,666.265700,74540.954264,74587.468243
752,-1,179.639999,92.002849,861578.210918,546487.463696,726.855200,73580.300005,73625.278423
753,-1,179.279999,91.971614,861670.261259,546948.658967,770.034899,73492.599918,73536.133745
754,-1,178.920000,91.956515,861067.744420,547421.864058,768.591799,74102.478219,74145.703218
755,-1,178.559999,91.927417,861336.979117,547880.839846,814.986099,73843.399934,73885.201548
756,-1,178.200000,91.921175,861617.057297,548336.235589,832.000000,73576.306677,73617.687604
757,-1,177.839999,91.936651,861895.928459,548788.336718,821.000000,73313.221101,73355.121357
758,-1,177.479999,91.974209,862352.788437,549229.313527,788.000000,72874.744716,72918.026314
759,-1,177.120000,92.087621,863071.121318,549651.637157,669.000000,72177.100000,72225.036693
760,-1,176.760000,92.084961,863445.569388,550084.665163,685.127099,71826.299860,71873.881987
761,-1,176.400000,92.074956,863476.381663,550534.913934,697.827300,71822.401951,71869.525703
762,-1,176.039999,92.039016,863414.752849,550991.530803,739.676200,71913.999886,71959.562516
763,-1,175.680000,91.995556,863451.265243,551441.905886,794.427200,71910.097023,71953.734781
764,-1,175.319999,91.939398,863395.417258,551899.810810,861.891499,72001.700106,72042.967674
765,-1,174.960000,91.912247,863524.993770,552342.535975,899.107300,71910.097271,71950.165916
766,-1,174.599999,91.893925,863562.215481,552792.853316,922.000000,71913.999913,71953.306161
767,-1,174.240000,91.882596,863780.665503,553224.956782,942.000000,71738.599965,71777.342449
768,-1,173.879999,91.856268,863827.311735,553673.282985,975.000000,71738.600094,71776.266053
769,-1,173.519999,91.865613,864051.053414,554101.512116,969.000000,71563.200165,71601.153474
770,-1,173.160000,91.865599,864194.129243,554537.214984,972.000000,71471.621041,71509.525227
771,-1,172.799999,91.888460,864506.189642,554950.428397,952.000000,71212.399915,71251.098277
772,-1,172.439999,91.898787,864828.293001,555359.040769,948.000000,70945.449551,70984.425869
773,-1,172.080000,91.907469,865148.903580,555764.491401,946.000000,70682.363898,70721.551752
774,-1,171.720000,91.961629,865728.398156,556128.944413,897.000000,70159.999859,70201.139515
775,-1,171.359999,91.996180,866143.816617,556511.707098,867.000000,69805.411524,69847.798584
776,-1,170.999999,92.019993,866470.914388,556903.964516,847.231599,69542.325550,69585.566863
777,-1,170.639999,92.049031,866627.150952,557321.052265,815.079899,69454.630391,69499.068416
778,-1,170.279999,92.088194,866955.085007,557707.628919,777.000000,69195.300055,69241.281608
779,-1,169.919999,92.134723,867116.180157,558120.571663,724.000000,69107.600162,69155.593962
780,-1,169.559999,92.147100,867452.265115,558500.168345,718.915099,68844.500004,68892.867411
781,-1,169.200000,92.101119,870374.821278,558383.020613,880.418600,65950.400119,65994.769869
782,-1,168.840000,92.056394,870195.621505,558840.735577,922.520499,66213.500000,66256.169456
783,-1,168.479999,92.074503,870109.089854,559282.954509,895.342399,66385.297011,66428.834383
784,-1,168.119999,92.084106,869932.684039,559746.302663,874.496100,66652.000045,66696.118172
785,-1,167.760000,92.076278,869938.016705,560173.670903,880.565700,66736.078052,66779.920456
786,-1,167.399999,92.058246,870367.018144,560507.437952,914.073000,66388.900069,66431.759724
787,-1,167.040000,92.072100,870459.291253,560914.237007,898.000000,66388.900119,66432.338985
788,-1,166.680000,92.105049,870472.288603,561339.822442,856.679499,66472.992341,66517.881248
789,-1,166.320000,92.123627,870399.375035,561787.423581,828.592699,66648.382577,66694.188308
790,-1,165.960000,92.133085,870411.100405,562216.147789,814.174400,66739.700064,66785.978270
791,-1,165.600000,92.146248,870432.677133,562643.544572,795.670199,66823.773080,66870.683535
792,-1,165.240000,92.147629,870534.863281,563050.813115,793.921100,66827.399981,66874.373416
793,-1,164.879999,92.160059,870643.113720,563456.507841,779.402199,66827.399902,66874.918997
794,-1,164.519999,92.175648,870672.891876,563883.952196,758.000000,66911.468622,66959.737135
795,-1,164.159999,92.206340,870867.250411,564265.816262,725.344500,66827.400095,66876.978508
796,-1,163.800000,92.225439,871070.824151,564643.920165,706.582699,66736.078028,66786.450152
797,-1,163.440000,92.262684,871185.601809,565047.248098,662.991999,66739.700059,66791.776254
798,-1,163.079999,92.325728,871390.286767,565423.290653,593.000000,66652.000092,66706.948403
799,-1,162.720000,92.380888,871684.355076,565770.390681,536.167100,66472.992178,66530.425080
800,-1,162.359999,92.398691,871889.808405,566143.326287,519.000000,66388.899921,66447.121786
801,-1,162.000000,92.309568,873855.758214,565943.147881,700.398400,64456.001556,64508.403058
802,-1,161.640000,92.243842,874065.347033,566300.296773,777.891099,64368.306395,64417.698667
803,-1,161.280000,92.227949,874107.575295,566713.012483,792.224799,64459.499974,64508.263605
804,-1,160.920000,92.223747,874073.001217,567153.523085,790.148499,64634.899925,64683.611857
805,-1,160.560000,92.145626,874206.959611,567536.905849,878.404100,64634.899867,64680.247429
806,-1,160.199999,92.089811,874264.113696,567947.957192,938.383100,64719.087526,64762.161210
807,-1,159.839999,92.096507,874564.416573,568270.883711,937.101500,64547.199888,64590.435072
808,-1,159.480000,92.117171,874708.666285,568649.928885,913.920199,64543.697073,64587.786839
809,-1,159.120000,92.138179,875012.622698,568968.022081,896.640199,64371.799955,64416.649771
810,-1,158.759999,92.184293,875076.220668,569377.237142,841.412100,64459.500016,64506.370203
811,-1,158.399999,92.173636,874901.235781,569882.116053,840.237200,64806.782797,64853.446551
812,-1,158.040000,92.161356,874401.661977,570522.596399,827.669999,65508.344392,65554.981509
813,-1,157.680000,92.149960,874391.234505,570971.811380,834.000000,65687.299990,65733.572366
814,-1,157.319999,92.165914,874630.095904,571319.303796,819.000000,65599.599990,65646.499372
815,-1,156.960000,92.196937,874951.626101,571630.457045,790.157500,65424.199972,65472.324316
816,-1,156.600000,92.231665,875197.437617,571971.992779,754.000000,65332.954094,65382.543593
817,-1,156.239999,92.237241,877207.681628,571535.557300,826.430200,63315.963728,63364.262880
818,-1,155.880000,92.205752,877526.060912,571828.885125,867.903500,63143.999975,63190.820743
819,-1,155.519999,92.188849,877769.143431,572154.139068,889.910900,63056.300005,63102.341477
820,-1,155.160000,92.186069,877775.275637,572587.882623,886.279399,63231.699925,63277.752192
821,-1,154.799999,92.181507,877946.410793,572946.435384,891.451900,63228.268406,63274.126067
822,-1,154.439999,92.171865,878113.594514,573306.847393,901.977400,63231.700162,63277.155576
823,-1,154.080000,92.161983,878210.348258,573701.553952,909.718399,63315.963658,63361.066122
824,-1,153.720000,92.151890,878382.285906,574060.333418,920.758400,63319.400066,63364.084585
825,-1,153.360000,92.143130,878405.856069,574493.605518,924.017600,63491.354143,63535.795763
826,-1,153.000000,92.137835,878426.494807,574930.813961,923.216799,63670.200107,63714.546848
827,-1,152.639999,92.150400,878534.416835,575325.404707,906.071800,63754.439785,63799.368998
828,-1,152.280000,92.163001,878719.632016,575680.594286,892.030599,63754.439866,63799.897486
829,-1,151.920000,92.173516,878904.022723,576036.242196,880.182199,63757.899973,63803.803391
830,-1,151.559999,92.189686,879096.739858,576387.447859,862.294399,63754.439681,63801.026540
831,-1,151.200000,92.248064,879131.880535,576825.250133,790.216700,63933.300066,63982.543475
832,-1,150.840000,92.303752,879023.214086,577345.883934,714.007700,64280.611292,64332.607162
833,-1,150.480000,92.340375,878610.626985,578043.641397,644.179399,64982.173221,65036.422253
834,-1,150.119999,92.324580,921470.223352,553889.071268,2659.220100,15785.143190,15798.143701
835,-1,149.759999,92.307016,879165.922790,578665.118828,689.000000,64810.299904,64862.873007
836,-1,149.400000,92.268302,879375.136939,579014.484271,733.000000,64806.782674,64857.602250
837,-1,149.040000,92.175503,879129.268008,579636.826531,818.000000,65336.500067,65383.626123
838,-1,148.679999,92.146832,878595.429509,580442.205825,818.000000,66209.906686,66256.411519
839,-1,148.319999,92.088258,878141.140063,581211.409011,857.000000,66999.163570,67043.688503
840,-1,147.960000,92.030628,877988.556378,581803.511830,908.801500,67441.300054,67483.677902
841,-1,147.599999,92.013235,877696.152764,582490.947791,907.720000,68055.199965,68097.233760
842,-1,147.240000,91.985032,877634.525262,583039.079569,929.230500,68402.287681,68443.359854
843,-1,146.880000,91.942442,877500.988456,583639.351990,965.265299,68840.763756,68880.343645
844,-1,146.519999,91.913693,877442.751040,584196.449629,988.000000,69195.300082,69233.914359
845,-1,146.160000,91.884601,877322.648590,584800.408723,1008.868200,69630.020922,69667.704846
846,-1,145.799999,91.865578,877422.358692,585261.609572,1026.298800,69805.411526,69842.431197
847,-1,145.440000,91.836868,877594.682822,585675.488994,1058.379100,69896.900033,69932.835625
848,-1,145.079999,91.817310,877629.218514,586186.986002,1073.914900,70160.000034,70195.306536
849,-1,144.719999,91.789334,877882.696682,586547.648995,1108.205900,70160.000058,70194.227466
850,-1,144.359999,91.777274,877998.991725,587006.691712,1117.664399,70331.582679,70365.432641
851,-1,143.999999,91.781971,878257.612927,587365.015142,1111.893300,70331.582674,70365.611860
852,-1,143.640000,91.772627,877388.533628,588553.558041,1079.949500,71734.706565,71769.051479
853,-1,143.279999,91.762291,878567.631664,588236.343124,1127.861399,70598.500147,70631.907868
854,-1,142.919999,91.750577,878906.987284,588535.885176,1145.106000,70506.973319,70539.895483
855,-1,142.560000,91.761089,878963.261450,589050.746023,1123.950500,70773.899932,70807.344980
856,-1,142.200000,91.804767,879029.863023,589561.863439,1061.777600,71033.144819,71068.398760
857,-1,141.839999,91.806773,877511.721046,591322.426519,987.364000,73313.220983,73349.687499
858,-1,141.480000,91.789611,877588.507966,591850.059650,1001.000000,73580.299930,73616.207039
859,-1,141.120000,91.776462,878017.212161,592098.269127,1023.466200,73400.916408,73436.211338
860,-1,140.759999,91.757082,877968.223086,592733.744562,1034.867100,73839.392524,73874.127510
861,-1,140.399999,91.746759,878462.462911,592926.996472,1056.084400,73580.300071,73614.507509
862,-1,140.039999,91.724462,878425.245138,593561.338708,1071.663900,74014.782805,74048.319059
863,-1,139.679999,91.683446,878655.112460,593976.200739,1122.000000,74106.500150,74138.499097
864,-1,139.319999,91.685368,879027.066112,594270.479678,1122.209900,74014.782804,74046.815213
865,-1,138.959999,91.670177,879526.719969,594452.090207,1149.404700,73755.700091,73787.047346
866,-1,138.600000,91.638068,879900.875060,594740.026639,1193.395600,73664.002121,73694.117747
867,-1,138.239999,91.622385,922270.207316,557531.144036,2810.683600,17275.962434,17282.890631
868,-1,137.879999,91.523119,922342.060191,557612.515592,2840.612100,17276.899872,17283.006291
869,-1,137.519999,91.435547,922479.798104,557633.578870,2869.234000,17189.200046,17194.596755
870,-1,137.160000,91.314359,922746.578739,557533.482286,2911.669899,16925.181410,16929.635732
871,-1,136.800000,91.210880,921029.174037,559292.114595,2890.351400,19380.648127,19384.977013
872,-1,136.439999,91.138932,921049.262580,559441.052290,2912.954900,19468.343366,19472.190358
873,-1,136.079999,91.081405,921197.002770,559468.598822,2934.164500,19380.648229,19384.100737
874,-1,135.719999,91.064274,921594.930452,559250.635348,2948.087900,18943.200167,18946.468660
875,-1,135.360000,91.011570,921928.620401,559088.388297,2971.730600,18591.391055,18594.288966
876,-1,135.000000,90.996693,922010.246550,559171.959980,2976.541700,18592.399777,18595.213221
877,-1,134.639999,90.991982,922093.818233,559253.586129,2978.088399,18591.391055,18594.177810
878,-1,134.280000,90.975387,921809.113094,559712.851287,2974.498800,19118.600042,19121.370730
879,-1,133.919999,90.953132,921896.098156,559795.700859,2981.944200,19117.562476,19120.208014
880,-1,133.560000,90.957630,921862.018172,560005.846764,2977.511300,19292.952988,19295.648057
881,-1,133.199999,90.972139,921830.060559,560216.959530,2969.648200,19468.343236,19471.145849
882,-1,132.840000,90.991611,921800.235159,560429.020786,2959.994100,19643.733879,19646.676175
883,-1,132.480000,91.031553,921772.553456,560642.012158,2943.137700,19819.124421,19822.336984
884,-1,132.119999,91.042700,921747.025948,560855.914945,2936.088500,19994.514771,19997.826195
885,-1,131.760000,91.076006,921664.523816,561136.945879,2919.499900,20258.700033,20262.273006
886,-1,131.399999,91.111480,921586.485259,561417.942037,2901.869400,20520.686296,20524.548083
887,-1,131.039999,91.179190,921625.888723,561569.048362,2875.804099,20608.381636,20612.746926
888,-1,130.679999,91.261077,921380.844266,562052.788208,2834.754500,21134.552963,21139.673184
889,-1,130.320000,91.376324,921368.332480,562272.754631,2788.006899,21309.943364,21316.093055
890,-1,129.960000,91.361661,920118.950792,563972.297492,2743.435300,23414.629144,23421.242969
891,-1,129.600000,91.260246,919840.718737,564539.422342,2771.397100,24028.495953,24034.309617
892,-1,129.240000,91.328804,919679.141960,564975.921141,2732.429300,24468.299954,24474.881800
893,-1,128.879999,91.415568,919854.397187,565003.495889,2697.554800,24379.276680,24386.719166
894,-1,128.520000,91.488796,875131.339652,621433.773776,795.000000,96382.300051,96414.847342
895,-1,128.160000,91.477542,875497.955389,621947.350505,809.419599,96557.699929,96589.815231
896,-1,127.800000,91.415434,875868.659043,622459.291738,909.820600,96733.100009,96762.624990
897,-1,127.440000,91.330423,875873.454309,623452.795001,1035.218599,97517.107444,97543.403052
898,-1,127.080000,91.332825,875938.121175,624383.456197,1014.806300,98218.669303,98245.249808
899,-1,126.719999,91.363402,876166.258186,625109.750676,951.797500,98662.499970,98690.440040
900,-1,126.359999,91.409161,876459.534174,625757.011849,864.458400,99007.926314,99037.878288
901,-1,125.999999,91.390670,887270.853431,611934.855110,1322.217200,81468.878265,81492.881594
902,-1,125.640000,91.351377,887583.720259,612376.968727,1373.981900,81644.268774,81666.983349
903,-1,125.279999,91.303381,915706.258174,573516.841723,2533.778000,33676.799973,33685.515472
904,-1,124.919999,91.233910,915930.622226,573565.106719,2576.559100,33587.277016,33595.067258
905,-1,124.560000,91.153708,916103.005084,573686.866646,2623.558200,33589.099859,33595.910508
906,-1,124.199999,91.031590,916278.208474,573804.532421,2695.207200,33587.277003,33592.721693
907,-1,123.839999,90.931128,916501.958354,573849.763302,2755.541500,33499.581750,33504.005917
908,-1,123.479999,90.875526,916677.152558,573966.426782,2788.059200,33499.581832,33503.493345
909,-1,123.119999,90.838819,916900.001849,574010.058585,2810.783200,33413.699844,33417.281014
910,-1,122.759999,90.827801,917077.176692,574122.693202,2817.236099,33411.886685,33415.374199
911,-1,122.400000,90.853189,917301.063711,574161.693452,2803.733900,33324.191500,33327.886510
912,-1,122.040000,90.878499,917478.202137,574273.329712,2789.009700,33324.191387,33328.108898
913,-1,121.679999,90.914283,917609.983369,574458.479276,2766.792900,33411.886692,33416.141042
914,-1,121.320000,90.924335,917742.449640,574644.638024,2759.485200,33501.400124,33505.760199
915,-1,120.959999,90.971183,917922.613977,574753.491481,2732.084900,33501.399917,33506.213214
916,-1,120.599999,90.954776,928371.332909,557499.183470,3077.841799,13330.399899,13332.250962
917,-1,120.240000,90.846812,928443.923971,557540.967835,3102.977499,13329.676717,13331.132706
918,-1,119.879999,90.773434,928778.543053,557126.692089,3127.155199,12803.504996,12804.671628
919,-1,119.519999,90.642068,928891.631409,557090.239078,3157.498000,12715.809722,12716.608184
920,-1,119.160000,90.532236,928961.278580,557129.387294,3181.876000,12715.809798,12716.358444
921,-1,118.799999,90.429438,929073.087739,557091.849967,3205.344000,12628.800115,12629.154845
922,-1,118.440000,90.312658,929184.507464,557052.741778,3231.563599,12541.100035,12541.286762
923,-1,118.079999,90.189420,929253.913493,557090.050430,3258.538799,12541.099890,12541.168426
924,-1,117.720000,90.079232,929364.660319,557048.689292,3282.779599,12452.724160,12452.736067
925,-1,117.360000,89.933437,929434.037149,557084.866057,3314.466799,12452.724063,12452.732466
926,-1,117.000000,89.800148,929503.640028,557120.606471,3343.436200,12452.724152,12452.799906
927,-1,116.639999,89.676546,929494.516687,557313.292438,3371.294400,12628.799797,12629.001037
928,-1,116.280000,89.554439,929565.553290,557348.648338,3398.209900,12628.800026,12629.181893
929,-1,115.919999,89.430566,929636.811021,557383.557061,3425.515400,12628.799955,12629.423677
930,-1,115.560000,89.295889,929746.418742,557338.286154,3454.117499,12540.419337,12541.366328
931,-1,115.200000,89.169265,929780.268740,557451.407647,3483.108600,12628.114559,12629.442033
932,-1,114.840000,89.077827,929851.879817,557485.587369,3503.277500,12628.800064,12630.435970
933,-1,114.479999,89.001450,929924.276326,557518.070571,3520.104700,12628.114593,12630.032631
934,-1,114.119999,88.945853,929996.591142,557550.722081,3532.362299,12628.114701,12630.252299
935,-1,113.759999,88.874199,930104.442960,557502.656232,3546.437500,12540.419398,12542.840592
936,-1,113.400000,88.844754,930176.657383,557534.175854,3552.884800,12540.419335,12542.968860
937,-1,113.040000,88.859826,930283.390109,557484.541439,3547.839300,12452.724249,12455.190306
938,-1,112.679999,88.879386,930355.226907,557515.560734,3543.599600,12453.399981,12455.782266
939,-1,112.320000,88.895482,930460.824137,557464.375141,3538.408800,12365.699916,12367.997945
940,-1,111.959999,88.945424,930533.042169,557493.034204,3527.614100,12365.028939,12367.123710
941,-1,111.600000,88.998839,930637.470437,557440.324008,3514.550399,12277.333554,12279.208080
942,-1,111.239999,89.069958,930709.282958,557468.496195,3499.306700,12277.333784,12278.951421
943,-1,110.880000,89.128222,930812.290626,557414.898205,3485.494500,12190.300130,12191.711343
944,-1,110.519999,89.194120,930884.172044,557441.352549,3471.461600,12189.638412,12190.844257
945,-1,110.159999,89.270164,930986.209569,557385.651873,3454.163200,12101.943178,12102.925059
946,-1,109.800000,89.368605,931027.965719,557494.144438,3434.334099,12189.638474,12190.378656
947,-1,109.439999,89.469614,931129.076738,557437.785299,3412.036700,12102.600003,12103.118567
948,-1,109.080000,89.589614,931200.863339,557462.868254,3386.687300,12102.599902,12102.910356
949,-1,108.719999,89.721112,931244.872110,557569.933985,3359.333600,12189.638445,12189.782848
950,-1,108.359999,89.832992,931317.486794,557594.286954,3335.530799,12189.638496,12189.690279
951,-1,107.999999,89.933257,931390.253053,557618.183232,3314.199500,12189.638583,12189.646854
952,-1,107.639999,90.037270,931436.593511,557725.193517,3292.013700,12277.333768,12277.336365
953,-1,107.279999,90.142402,931458.081657,557915.812886,3269.050000,12452.724229,12452.762691
954,-1,106.920000,90.257855,931532.865300,557938.819402,3243.956999,12452.724289,12452.850399
955,-1,106.560000,90.344027,931632.595744,557877.940915,3225.750400,12365.700029,12365.922942
956,-1,106.199999,90.419844,931707.325581,557899.207276,3209.391500,12365.028933,12365.360909
957,-1,105.839999,90.510449,931781.816902,557921.293518,3189.830800,12365.699885,12366.190638
958,-1,105.480000,90.605192,931856.807566,557941.619265,3169.388300,12365.029043,12365.718849
959,-1,105.120000,90.614202,905808.999753,654643.125993,2093.830400,112512.993435,112519.458481
960,-1,104.759999,90.653736,906110.648100,656272.987562,1999.106600,114009.999919,114017.421499
961,-1,104.399999,90.636185,906652.800887,657041.902035,2027.287200,114617.679155,114624.745028
962,-1,104.040000,90.641650,907413.216361,656969.601655,2019.229800,114360.799969,114367.971661
963,-1,103.680000,90.612859,908112.311748,657135.699748,2076.769000,114354.593405,114361.135561
964,-1,103.320000,90.647690,908730.153032,657644.777142,2003.276800,114705.374497,114712.703872
965,-1,102.960000,90.681806,909294.324475,658406.847468,1927.662800,115319.241164,115327.406509
966,-1,102.600000,90.741681,910000.945438,658567.128315,1807.133200,115319.241039,115328.903598
967,-1,102.240000,90.770179,910392.495179,660179.896415,1729.725800,116810.060261,116820.614359
968,-1,101.879999,90.737394,911108.929770,660339.446293,1796.495200,116816.399900,116826.075053
969,-1,101.519999,90.725648,911793.896576,660653.932869,1818.304399,116985.450598,116994.833533
970,-1,101.160000,90.711072,912463.666562,661056.575436,1844.806600,117248.536586,117257.566577
971,-1,100.799999,90.751416,913351.198251,660335.471235,1773.736000,116371.583883,116381.592261
972,-1,100.439999,90.844504,914036.928835,660648.931894,1581.951800,116553.299856,116565.961571
973,-1,100.080000,90.852972,912195.419395,675192.190538,1346.776400,131192.079577,131206.618835
974,-1,99.720000,90.888630,913006.245529,675340.930398,1265.000000,131199.200027,131214.981282
975,-1,99.359999,90.894970,913720.513130,676076.222562,1241.000000,131805.946253,131822.027554
976,-1,98.999999,90.893028,914483.191722,676554.806579,1240.000000,132156.727152,132172.781357
977,-1,98.640000,90.802611,915211.517694,677289.027551,1440.000000,132770.594140,132783.621988
978,-1,98.280000,90.780835,915986.145081,677758.881598,1485.690100,133121.375009,133133.738041
979,-1,97.920000,90.768185,916777.974862,678137.310960,1511.557900,133384.460536,133396.449869
980,-1,97.559999,90.777134,917572.850569,678518.171090,1487.055500,133654.799881,133667.095050
981,-1,97.200000,90.831944,918384.596977,678792.850987,1356.730500,133822.936813,133837.045371
982,-1,96.839999,90.856390,919198.238395,679069.756273,1297.000000,133998.327321,134013.296855
983,-1,96.480000,90.827152,920113.667338,678470.321777,1375.523000,133296.765413,133310.657043
984,-1,96.119999,90.911825,920927.438020,678736.618160,1175.696900,133472.155921,133489.059738
985,-1,95.759999,90.957639,922632.207577,670192.149685,1213.952200,124797.100100,124814.533564
986,-1,95.400000,90.991241,923974.445050,664324.840225,1244.035099,118827.050875,118844.835863
987,-1,95.039999,91.010205,923439.074073,678893.892124,948.000000,133384.460561,133405.195637
988,-1,94.679999,90.998291,924309.325613,678535.072631,983.259000,132953.200148,132973.383496
989,-1,94.320000,90.943284,925182.296965,678068.743183,1119.719200,132419.813063,132437.760914
990,-1,93.960000,90.891404,926035.872685,677786.017043,1245.000000,132076.200114,132092.186225
991,-1,93.599999,90.924121,926902.920492,677220.916795,1179.579600,131455.165509,131472.265979
992,-1,93.240000,90.966564,927752.187166,676832.413635,1089.574299,131016.689232,131035.334316
993,-1,92.880000,90.941219,928587.076244,676620.691618,1151.750900,130760.700039,130778.345489
994,-1,92.520000,90.975975,929427.347530,676214.252142,1080.000000,130315.127365,130334.035540
995,-1,92.160000,90.991153,931326.274178,647591.714571,1541.586800,101638.783688,101653.993363
996,-1,91.800000,91.022969,931083.043365,675662.408757,984.043900,129701.260483,129721.935784
997,-1,91.439999,91.014693,931890.864912,675955.501675,998.000000,129971.400014,129991.784454
998,-1,91.079999,90.989716,932705.780605,676054.086123,1053.283200,130052.041536,130071.446691
999,-1,90.719999,90.995909,933524.934807,675898.592996,1042.146299,129883.700047,129903.323442
1000,-1,90.359999,90.998006,934499.713369,650643.504727,1477.484400,104620.421825,104636.294974
1001,-1,90.000000,91.018357,935157.058511,651873.303120,1418.489600,105848.155101,105864.876232
