"OBJECTID","FEATURE_ID","HORIZ_ANG","ZENITH_ANG","VERTEX_X","VERTEX_Y","VERTEX_Z","DIST_2D","DIST_3D"
1,-1,90.000000,82.549292,937321.011532,550353.162001,4052.849700,1841.599991,1857.281411
2,-1,89.639995,82.363092,937332.582703,550353.125584,4058.939499,1841.599926,1858.080842
3,-1,89.279996,82.177365,937344.154531,550353.116725,4065.032900,1841.700130,1858.999706
4,-1,88.920002,81.992022,937355.722749,550352.834902,4071.091600,1841.600046,1859.734915
5,-1,88.560001,81.807220,937367.293592,550352.680375,4077.166200,1841.699992,1860.689823
6,-1,88.200001,81.622865,937378.857545,550352.253210,4083.202999,1841.599917,1861.460675
7,-1,87.839998,81.439050,937390.421826,550351.853605,4089.242199,1841.600104,1862.350284
8,-1,87.480002,81.240255,937401.983155,550351.381165,4095.780100,1841.600099,1863.334736
9,-1,87.119997,81.036283,937413.541531,550350.835890,4102.495500,1841.599904,1864.369055
10,-1,86.760004,80.830470,937430.052325,550437.773380,4123.434899,1929.295244,1954.268544
11,-1,86.399998,80.615903,937442.153022,550437.050285,4130.852700,1929.295300,1955.464385
12,-1,86.039998,80.402070,937454.256016,550436.355732,4138.272000,1929.400157,1956.791198
13,-1,85.679996,80.188539,937466.339326,550435.376075,4145.654700,1929.295396,1957.932441
14,-1,85.319999,79.975932,937478.432477,550434.529292,4153.051100,1929.400042,1959.309441
15,-1,84.960002,79.824122,937490.502335,550433.397733,4158.306600,1929.295125,1960.127788
16,-1,84.600002,79.691740,937502.574161,550432.295045,4162.909799,1929.295306,1960.946450
17,-1,84.240004,79.560014,937514.649268,550431.220572,4167.513300,1929.400054,1961.878460
18,-1,83.880003,79.428409,937526.695832,550429.861979,4172.077900,1929.295416,1962.607862
19,-1,83.520003,79.297491,937538.744693,550428.531601,4176.641699,1929.295245,1963.450113
20,-1,83.160003,79.167097,937550.785023,550427.125764,4181.191200,1929.295299,1964.300139
21,-1,82.799995,79.037240,937562.816495,550425.644139,4185.725900,1929.295218,1965.157382
22,-1,82.439997,78.918077,937574.851904,550424.191058,4189.911200,1929.400117,1966.060541
23,-1,82.080002,78.814613,937586.849583,550422.454513,4193.509500,1929.295215,1966.652440
24,-1,81.719999,78.712069,937598.850872,550420.746511,4197.098700,1929.295249,1967.351872
25,-1,81.360000,78.610631,937610.841005,550418.963050,4200.651700,1929.295170,1968.050341
26,-1,81.000004,78.510336,937622.819656,550417.104458,4204.167200,1929.295251,1968.747662
27,-1,80.639996,78.391135,937649.049262,550501.698121,4226.364000,2016.990454,2059.111373
28,-1,80.280004,78.268586,937661.565313,550499.705671,4230.884900,2017.099922,2060.133052
29,-1,79.919996,78.149768,937674.031495,550497.418930,4235.227199,2016.990531,2060.913272
30,-1,79.559997,78.032492,937686.501943,550495.161717,4239.539300,2016.990589,2061.803156
31,-1,79.199997,77.916855,937698.957955,550492.826092,4243.794800,2016.990545,2062.689721
32,-1,78.840003,77.802912,937711.398875,550490.412383,4247.991599,2016.990598,2063.572374
33,-1,78.479998,77.690708,937723.824703,550487.920262,4252.127800,2016.990429,2064.450043
34,-1,78.119998,77.564674,937754.311191,550571.279019,4276.141000,2104.799931,2155.365454
35,-1,77.759998,77.402411,937767.219957,550568.404353,4282.370100,2104.685815,2156.604023
36,-1,77.399997,77.242570,937780.134630,550565.560198,4288.538799,2104.685861,2157.957872
37,-1,77.040003,77.085203,937793.030929,550562.635007,4294.619600,2104.685903,2159.308843
38,-1,76.679999,76.930378,937805.908856,550559.628451,4300.609600,2104.685621,2160.655233
39,-1,76.319997,76.777377,937839.507542,550641.749022,4327.141800,2192.381084,2252.086918
40,-1,75.959999,76.593150,937852.910403,550638.564645,4334.614300,2192.500084,2253.923639
41,-1,75.599999,76.409877,937866.234523,550635.065308,4342.002800,2192.380982,2255.532449
42,-1,75.239998,76.228171,937879.596373,550631.712625,4349.396800,2192.499864,2257.396757
43,-1,74.879998,76.047510,937892.875546,550628.046294,4356.701500,2192.380937,2259.031406
44,-1,74.520002,75.868315,937906.162265,550624.411458,4363.987200,2192.380937,2260.799171
45,-1,74.160004,75.690477,937919.426018,550620.693290,4371.229100,2192.381046,2262.578295
46,-1,73.799997,75.582304,937932.666477,550616.891788,4375.639700,2192.381182,2263.672585
47,-1,73.440000,75.475550,937945.882330,550613.006954,4379.996600,2192.380981,2264.761142
48,-1,73.080003,75.368242,937959.073576,550609.039442,4384.380399,2192.381068,2265.864627
49,-1,72.719999,75.260354,937972.239889,550604.988925,4388.792200,2192.381039,2266.983064
50,-1,72.359999,75.151862,937985.380282,550600.855731,4393.233100,2192.380918,2268.116898
51,-1,72.000001,75.055603,937998.494429,550596.640188,4397.177000,2192.380917,2269.130756
52,-1,71.639999,74.968494,938011.582001,550592.342297,4400.749100,2192.380937,2270.054577
53,-1,71.279996,74.891878,938024.642343,550587.962384,4403.893300,2192.381087,2270.872201
54,-1,70.919999,74.815508,938037.713511,550583.612655,4407.061900,2192.499853,2271.814748
55,-1,70.560001,74.739556,938050.678708,550578.956497,4410.151100,2192.380932,2272.511124
56,-1,70.200001,74.663838,938063.654076,550574.331178,4413.265199,2192.381032,2273.332858
57,-1,69.839996,74.588404,938076.600244,550569.624166,4416.369800,2192.380930,2274.155841
58,-1,69.480001,74.513249,938089.516229,550564.836118,4419.465200,2192.380905,2274.980380
59,-1,69.120003,74.441799,938102.402030,550559.967033,4422.410099,2192.380954,2275.768532
60,-1,68.759995,74.375173,938115.257319,550555.016912,4425.158000,2192.380967,2276.507117
61,-1,68.400001,74.311234,938128.080784,550549.986410,4427.796800,2192.381083,2277.219373
62,-1,68.039996,74.250019,938140.872753,550544.875200,4430.324700,2192.381114,2277.904277
63,-1,67.679997,74.165565,938186.983882,550620.922948,4458.721999,2280.199921,2370.136696
64,-1,67.319998,74.078704,938200.172504,550615.326175,4462.423200,2280.076243,2371.030340
65,-1,66.960002,73.993038,938213.373265,550609.760897,4466.111300,2280.076321,2372.044774
66,-1,66.600002,73.908281,938226.538921,550604.112614,4469.763300,2280.076289,2373.054394
67,-1,66.240002,73.830796,938239.668816,550598.381655,4473.104700,2280.076190,2373.982625
68,-1,65.879998,73.776280,938252.762621,550592.568346,4475.457200,2280.076197,2374.638818
69,-1,65.520002,73.724442,938265.819354,550586.673017,4477.695300,2280.076207,2375.265100
70,-1,65.159999,73.675889,938278.839013,550580.695667,4479.792700,2280.076220,2375.853777
71,-1,64.799995,73.627309,938291.820942,550574.636624,4481.892300,2280.076264,2376.444810
72,-1,64.440001,73.577649,938304.764158,550568.496216,4484.039600,2280.076217,2377.050947
73,-1,64.080002,73.526889,938317.668660,550562.274444,4486.235600,2280.076076,2377.672589
74,-1,63.719998,73.475006,938330.534119,550555.971963,4488.481499,2280.076294,2378.310632
75,-1,63.359999,73.421970,938343.359553,550549.588773,4490.778500,2280.076438,2378.965133
76,-1,62.999997,73.367758,938356.144633,550543.124876,4493.127700,2280.076361,2379.636400
77,-1,62.640000,73.360062,938368.888702,550536.580925,4493.461300,2280.076352,2379.731898
78,-1,62.280022,73.309220,937484.177544,548822.084354,3917.187900,350.780949,366.209835
79,-1,61.919998,73.214028,937486.134562,548821.069921,3917.829199,350.800173,366.412941
80,-1,61.559988,73.118627,937488.066972,548820.009555,3918.461000,350.781140,366.577689
81,-1,61.199988,73.024256,937490.010866,548818.970515,3919.098100,350.800177,366.781411
82,-1,60.840016,72.929669,937491.929497,548817.885872,3919.725600,350.780928,366.946710
83,-1,60.480014,72.835825,937493.850753,548816.805822,3920.354600,350.780816,367.131736
84,-1,60.119995,72.742418,937495.765448,548815.713960,3920.981400,350.781043,367.317416
85,-1,59.759995,72.620207,937453.507658,548738.847972,3894.354300,263.085788,275.671361
86,-1,59.399986,72.439909,937454.933180,548738.011032,3895.264200,263.085855,275.944582
87,-1,59.039992,72.260690,937456.360671,548737.177372,3896.175000,263.100135,276.234341
88,-1,58.679987,72.083120,937457.768148,548736.310248,3897.070100,263.085808,276.494749
89,-1,58.319966,71.906623,937459.177594,548735.446404,3897.966100,263.085695,276.771596
90,-1,57.960004,71.731435,937460.581463,548734.574031,3898.857300,263.085779,277.049748
91,-1,57.600010,71.557498,937461.979754,548733.692471,3899.743800,263.085502,277.328656
92,-1,57.239985,71.384876,937463.372796,548732.802381,3900.625499,263.085596,277.608934
93,-1,56.880037,71.213561,937464.759932,548731.903760,3901.502299,263.085707,277.890164
94,-1,56.519992,71.043555,937466.141819,548730.996282,3902.374200,263.085917,278.172375
95,-1,56.160016,70.874818,937467.517473,548730.079945,3903.241200,263.085687,278.455009
96,-1,55.800014,70.707407,937468.887549,548729.155078,3904.103200,263.085651,278.738585
97,-1,55.439972,70.541320,937470.252047,548728.221681,3904.960200,263.085812,279.023056
98,-1,55.079995,70.376527,937471.610312,548727.279754,3905.812200,263.085799,279.308023
99,-1,54.719995,70.212858,937472.970874,548726.340779,3906.665200,263.099907,279.608922
100,-1,54.360000,70.050901,937474.309126,548725.370309,3907.500900,263.085805,279.879677
101,-1,54.000011,69.890065,937475.649346,548724.402791,3908.337499,263.085636,280.166057
102,-1,53.640013,69.730575,937476.983661,548723.427071,3909.168900,263.085745,280.453101
103,-1,53.280007,69.572394,937478.311743,548722.442821,3909.995100,263.085676,280.740330
104,-1,52.920021,69.415555,937479.633590,548721.450369,3910.816000,263.085691,281.027910
105,-1,52.559986,69.259862,937480.958063,548720.460870,3911.638000,263.100031,281.331379
106,-1,52.200009,69.166489,937482.258585,548719.440531,3912.123100,263.085711,281.490149
107,-1,51.839956,69.095128,937483.561732,548718.423144,3912.498400,263.085720,281.623853
108,-1,51.480026,69.024962,937484.866848,548717.409039,3912.873200,263.099912,281.771057
109,-1,51.120039,68.954920,937486.148013,548716.364421,3913.236800,263.085699,281.888151
110,-1,50.760033,68.886403,937487.440661,548715.333912,3913.603700,263.100062,282.033513
111,-1,50.399975,68.818021,937488.708703,548714.272890,3913.959099,263.085617,282.148260
112,-1,50.039994,68.751171,937489.988228,548713.226304,3914.317899,263.100003,282.291511
113,-1,49.679999,68.684461,937491.242819,548712.149863,3914.665200,263.085875,282.404404
114,-1,49.319993,68.619256,937492.508893,548711.086873,3915.015799,263.099820,282.545022
115,-1,48.959959,68.554248,937493.750032,548709.994684,3915.354700,263.085756,282.655659
116,-1,48.600005,68.490380,937494.993140,548708.905447,3915.693300,263.085598,282.779486
117,-1,48.239989,68.427351,937496.229686,548707.808336,3916.027800,263.085579,282.902286
118,-1,47.879998,68.365198,937497.459342,548706.703680,3916.357999,263.085729,283.024001
119,-1,47.519970,68.303883,937498.682109,548705.591149,3916.683999,263.085804,283.144426
120,-1,47.160026,68.243735,937499.907172,548704.481571,3917.009700,263.099994,283.278172
121,-1,46.799999,68.183726,937501.105988,548703.343122,3917.323500,263.085553,283.381228
122,-1,46.439997,68.125268,937502.317272,548702.218124,3917.640799,263.099839,283.512557
123,-1,46.079997,68.067345,937503.511823,548701.075410,3917.949900,263.100142,283.628148
124,-1,45.719992,68.010217,937504.698829,548699.924822,3918.254800,263.099927,283.741974
125,-1,45.359983,67.953628,937505.868774,548698.756845,3918.551400,263.085739,283.840016
126,-1,45.000000,67.898532,937507.051186,548697.601664,3918.851700,263.099802,283.965901
127,-1,44.640017,67.819128,937445.808199,548634.800280,3883.517400,175.390647,189.407426
128,-1,44.279982,67.698554,937446.586740,548634.020098,3883.952000,175.399875,189.580466
129,-1,43.919993,67.579883,937447.346909,548633.222199,3884.372900,175.390505,189.731927
130,-1,43.559999,67.462332,937448.108719,548632.425941,3884.794299,175.390378,189.892929
131,-1,43.200026,67.346198,937448.865607,548631.625090,3885.211400,175.390443,190.053250
132,-1,42.840023,67.231228,937449.624464,548630.825879,3885.629000,175.399990,190.223287
133,-1,42.480003,67.118057,937450.364292,548630.008951,3886.032800,175.390462,190.371149
134,-1,42.120004,67.006092,937451.106088,548629.193992,3886.437000,175.390640,190.528843
135,-1,41.759982,66.895211,937451.849525,548628.380345,3886.841799,175.399840,190.695797
136,-1,41.400024,66.786235,937452.573933,548627.549967,3887.232500,175.390625,190.840983
137,-1,41.040013,66.678331,937453.299982,548626.720900,3887.623800,175.390432,190.995380
138,-1,40.680007,66.571861,937454.021109,548625.887568,3888.010700,175.390652,191.149083
139,-1,40.319969,66.466710,937454.736658,548625.049315,3888.393200,175.390358,191.301217
140,-1,39.960060,66.362977,937455.446959,548624.207125,3888.771299,175.390438,191.452573
141,-1,39.599951,66.260584,937456.152338,548623.360014,3889.145099,175.390510,191.602817
142,-1,39.239930,66.159572,937456.852140,548622.508638,3889.514400,175.390493,191.751770
143,-1,38.879983,66.059905,937457.546364,548621.652997,3889.879300,175.390381,191.899447
144,-1,38.520001,65.961413,937458.242885,548620.798996,3890.244800,175.400009,192.056844
145,-1,38.159965,65.864685,937458.919065,548619.928591,3890.595800,175.390431,192.191351
146,-1,37.800031,65.768928,937459.604759,548619.066060,3890.952399,175.400123,192.346276
147,-1,37.440002,65.674899,937460.269784,548618.187124,3891.294400,175.390352,192.477988
148,-1,37.080007,65.582059,937460.937105,548617.310158,3891.637000,175.390526,192.619521
149,-1,36.720000,65.490534,937461.598849,548616.428926,3891.975200,175.390603,192.759645
150,-1,36.359965,65.400372,937462.255016,548615.543429,3892.308800,175.390585,192.898259
151,-1,36.000038,65.311506,937462.905277,548614.653995,3892.638000,175.390399,193.035361
152,-1,35.639991,65.224026,937463.550289,548613.760296,3892.962600,175.390384,193.171152
153,-1,35.279961,65.137892,937464.189724,548612.862660,3893.282700,175.390467,193.305591
154,-1,34.919995,65.053065,937464.823252,548611.961087,3893.598300,175.390380,193.438413
155,-1,34.559971,64.969364,937465.459078,548611.060826,3893.914600,175.399851,193.580616
156,-1,34.199987,64.887235,937466.081452,548610.151379,3894.221100,175.399958,193.710593
157,-1,33.840032,64.806625,937466.690047,548609.232746,3894.517800,175.390428,193.828075
158,-1,33.479996,64.727132,937467.300938,548608.315425,3894.815200,175.390460,193.954886
159,-1,33.119983,64.648730,937467.913797,548607.399416,3895.113300,175.399783,194.090767
160,-1,32.760005,64.572122,937468.505332,548606.469628,3895.396299,175.390641,194.203849
161,-1,32.400002,64.496365,937469.106708,548605.546074,3895.685300,175.400072,194.336627
162,-1,32.040044,64.422332,937469.686104,548604.608739,3895.959099,175.390484,194.446025
163,-1,31.680033,64.349389,937470.267795,548603.672718,3896.233700,175.390463,194.564717
164,-1,31.320011,64.277572,937470.851784,548602.738008,3896.509000,175.400010,194.692649
165,-1,30.960025,64.207453,937471.413462,548601.789847,3896.769000,175.390431,194.797008
166,-1,30.600000,64.138425,937471.977438,548600.842999,3897.029800,175.390420,194.910618
167,-1,30.240035,64.070715,937472.535507,548599.892870,3897.285999,175.390580,195.022652
168,-1,29.879984,64.004265,937473.087344,548598.938803,3897.537500,175.390297,195.132500
169,-1,29.520005,63.939157,937473.633602,548597.981784,3897.784499,175.390631,195.241187
170,-1,29.160056,63.875259,937474.173299,548597.021156,3898.026900,175.390400,195.347594
171,-1,28.799989,63.812475,937474.715621,548596.061512,3898.270099,175.399865,195.463297
172,-1,28.440011,63.751407,937475.235305,548595.089730,3898.497800,175.390570,195.555553
173,-1,28.079989,63.691345,937475.756958,548594.118931,3898.726400,175.390398,195.656609
174,-1,27.720024,63.632620,937476.272705,548593.145180,3898.950300,175.390550,195.756082
175,-1,27.359963,63.575123,937476.782218,548592.167819,3899.169599,175.390430,195.853469
176,-1,26.999980,63.518866,937477.285498,548591.187506,3899.384400,175.390342,195.949076
177,-1,26.640011,63.463742,937477.791402,548590.208506,3899.600000,175.400111,196.054047
178,-1,26.280068,63.410014,937478.282215,548589.221959,3899.805500,175.399930,196.145781
179,-1,25.920017,63.357560,937478.767122,548588.232132,3900.006400,175.399925,196.235783
180,-1,25.560032,63.306560,937479.237266,548587.235415,3900.197200,175.390555,196.313044
181,-1,25.199994,63.256602,937479.709706,548586.239682,3900.388900,175.390606,196.399280
182,-1,24.839946,63.207718,937480.184442,548585.244933,3900.581400,175.400081,196.494436
183,-1,24.480029,63.160423,937480.635557,548584.239686,3900.758400,175.390632,196.565853
184,-1,24.119975,63.114151,937481.088968,548583.235095,3900.936300,175.390468,196.646092
185,-1,23.759971,63.100847,937481.536146,548582.227879,3900.987500,175.390468,196.669250
186,-1,23.400003,63.119630,937481.977090,548581.218038,3900.915299,175.390629,196.636740
187,-1,23.039954,63.139876,937482.420330,548580.208854,3900.842200,175.400083,196.612134
188,-1,22.679979,63.160321,937482.848479,548579.193436,3900.763600,175.400134,196.576679
189,-1,22.320048,63.180953,937483.261208,548578.171784,3900.679399,175.390476,196.530058
190,-1,21.959982,63.203697,937483.685419,548577.154398,3900.596800,175.399985,196.501293
191,-1,21.600029,63.226622,937484.094211,548576.131106,3900.508700,175.399910,196.461524
192,-1,21.239978,63.249701,937484.487911,548575.101581,3900.415299,175.390431,196.411005
193,-1,20.880005,63.274893,937484.892766,548574.076648,3900.323399,175.399939,196.378150
194,-1,20.520056,63.299579,937485.273343,548573.042530,3900.223900,175.390412,196.324912
195,-1,20.159987,63.325695,937485.656544,548572.009067,3900.123800,175.390497,196.280031
196,-1,19.799953,63.352602,937486.033184,548570.973308,3900.020699,175.390558,196.233823
197,-1,19.439987,63.380962,937486.412120,548569.938533,3899.916800,175.400036,196.195720
198,-1,19.079967,63.408675,937486.766450,548568.894900,3899.805800,175.390288,196.137293
199,-1,18.720052,63.437898,937487.123405,548567.852579,3899.694000,175.390371,196.087349
200,-1,18.359979,63.467865,937487.474126,548566.807634,3899.579500,175.390632,196.036409
201,-1,18.000028,63.499218,937487.826815,548565.763673,3899.464300,175.399997,195.993357
202,-1,17.640013,63.529913,937488.154899,548564.711510,3899.342200,175.390348,195.930268
203,-1,17.280024,63.562077,937488.485607,548563.660331,3899.219400,175.390423,195.875630
204,-1,16.920006,63.595670,937488.818939,548562.609808,3899.096000,175.400124,195.829409
205,-1,16.559997,63.629198,937489.136196,548561.554364,3898.967999,175.399937,195.772353
206,-1,16.199983,63.663465,937489.446891,548560.496951,3898.837300,175.399824,195.714233
207,-1,15.840051,63.698403,937489.751024,548559.437898,3898.704199,175.399876,195.655267
208,-1,15.479958,63.733330,937490.039409,548558.373924,3898.566500,175.390360,195.585758
209,-1,15.120030,63.769683,937490.330419,548557.311262,3898.428300,175.390648,195.524895
210,-1,14.760031,63.807384,937490.623726,548556.248928,3898.289600,175.400162,195.472169
211,-1,14.399956,63.844222,937490.891770,548555.179704,3898.144799,175.390417,195.399552
212,-1,14.039960,63.883222,937491.171625,548554.113762,3898.001300,175.399853,195.344811
213,-1,13.679964,63.921429,937491.426546,548553.041585,3897.851700,175.390512,195.270613
214,-1,13.319980,63.960943,937491.683763,548551.970065,3897.701800,175.390482,195.204735
215,-1,12.959969,64.001113,937491.934419,548550.896905,3897.549600,175.390612,195.138087
216,-1,12.599940,64.041870,937492.178185,548549.822104,3897.395200,175.390586,195.070430
217,-1,12.239984,64.083199,937492.415061,548548.745990,3897.238700,175.390473,195.001877
218,-1,11.879970,64.125890,937492.654562,548547.670205,3897.081800,175.399918,194.941851
219,-1,11.519976,64.167670,937492.868800,548546.589170,3896.919299,175.390485,194.862502
220,-1,11.160023,64.210728,937493.085335,548545.508792,3896.756599,175.390357,194.791547
221,-1,10.800009,64.255186,937493.304823,548544.428742,3896.593500,175.400114,194.729431
222,-1,10.439966,64.299377,937493.507906,548543.345411,3896.426800,175.400067,194.657039
223,-1,10.080011,64.330304,937407.353223,548526.910732,3854.157900,87.695329,97.298036
224,-1,9.720015,64.319998,937407.452632,548526.368738,3854.179600,87.700074,97.311714
225,-1,9.360097,64.310741,937407.543839,548525.825432,3854.197000,87.699973,97.319165
226,-1,8.999939,64.302651,937407.627173,548525.280486,3854.210000,87.695300,97.320590
227,-1,8.640025,64.295396,937407.716411,548524.736852,3854.226000,87.700128,97.331879
228,-1,8.279915,64.289232,937407.792527,548524.190921,3854.235200,87.695099,97.331338
229,-1,7.920066,64.283985,937407.874876,548523.646303,3854.247399,87.699889,97.340947
230,-1,7.560095,64.279923,937407.944429,548523.099716,3854.252800,87.695195,97.339061
231,-1,7.199992,64.276759,937408.015295,548522.553129,3854.258800,87.695264,97.341728
232,-1,6.839972,64.274562,937408.082552,548522.006214,3854.262900,87.695176,97.343428
233,-1,6.479995,64.273415,937408.146529,548521.458971,3854.265100,87.695253,97.344452
234,-1,6.120070,64.273181,937408.206896,548520.911400,3854.265499,87.695168,97.344549
235,-1,5.760073,64.273900,937408.268576,548520.363829,3854.266399,87.699849,97.349157
236,-1,5.400062,64.275717,937408.317460,548519.814946,3854.260700,87.695130,97.342432
237,-1,5.040096,64.278429,937408.372578,548519.266719,3854.258000,87.700141,97.345774
238,-1,4.679998,64.282113,937408.419166,548518.717507,3854.251000,87.700031,97.342638
239,-1,4.320104,64.286814,937408.457552,548518.167967,3854.239800,87.695182,97.333409
240,-1,3.959912,64.292410,937408.497250,548517.618100,3854.229200,87.695079,97.328718
241,-1,3.600081,64.299015,937408.533667,548517.068560,3854.216799,87.695188,97.323438
242,-1,3.239970,64.306530,937408.566475,548516.518364,3854.202600,87.695116,97.317216
243,-1,2.880034,64.315034,937408.600924,548515.968497,3854.189000,87.700163,97.315868
244,-1,2.519897,64.324430,937408.621921,548515.417645,3854.168900,87.695189,97.302675
245,-1,2.159907,64.334816,937408.644559,548514.867121,3854.149399,87.695331,97.294356
246,-1,1.799912,64.346019,937408.668181,548514.316597,3854.130500,87.699919,97.290307
247,-1,1.440099,64.358275,937408.683929,548513.766073,3854.107500,87.700097,97.280512
248,-1,1.079917,64.371449,937408.696068,548513.214893,3854.082700,87.700113,97.269797
249,-1,0.719993,64.385493,937408.704598,548512.664041,3854.056200,87.699990,97.258227
250,-1,0.359902,64.400458,937408.704926,548512.112861,3854.025700,87.695124,97.240657
251,-1,0.000000,64.416409,937408.706895,548511.562010,3853.995800,87.695362,97.227957
252,-1,359.640097,64.433147,937408.704926,548511.011158,3853.964200,87.695124,97.214100
253,-1,359.280006,64.450868,937408.704598,548510.459978,3853.933200,87.699990,97.205116
254,-1,358.920082,64.469515,937408.696068,548509.909126,3853.898200,87.700113,97.190137
255,-1,358.559900,64.488984,937408.683929,548509.357946,3853.861600,87.700097,97.174354
256,-1,358.200087,64.509376,937408.668181,548508.807422,3853.823200,87.699919,97.157661
257,-1,357.840092,64.530733,937408.644559,548508.256898,3853.780900,87.695331,97.135322
258,-1,357.480102,64.552855,937408.621921,548507.706374,3853.739300,87.695189,97.117312
259,-1,357.119965,64.575907,937408.600924,548507.155522,3853.698399,87.700163,97.104237
260,-1,356.760029,64.599788,937408.566475,548506.605655,3853.651199,87.695116,97.079424
261,-1,356.399918,64.624602,937408.533667,548506.055459,3853.604700,87.695188,97.059553
262,-1,356.040096,64.650254,937408.502171,548505.505591,3853.558900,87.700011,97.044293
263,-1,355.679895,64.676733,937408.457552,548504.956052,3853.507000,87.695182,97.017718
264,-1,355.320001,64.704173,937408.419166,548504.406512,3853.457899,87.700031,97.001111
265,-1,354.959903,64.732404,937408.372578,548503.857301,3853.405100,87.700141,96.978661
266,-1,354.599937,64.761443,937408.317460,548503.309073,3853.348400,87.695130,96.949940
267,-1,354.239926,64.791344,937408.268576,548502.760190,3853.294700,87.699849,96.931325
268,-1,353.879929,64.822103,937408.206896,548502.212619,3853.235000,87.695168,96.901676
269,-1,353.520004,64.853757,937408.146529,548501.665048,3853.175900,87.695253,96.876625
270,-1,353.160027,64.886136,937408.082552,548501.117805,3853.115400,87.695176,96.850862
271,-1,352.800007,64.919432,937408.015295,548500.570890,3853.053300,87.695264,96.824603
272,-1,352.440115,64.953511,937407.949350,548500.023975,3852.992000,87.700116,96.803029
273,-1,352.079933,64.988372,937407.874876,548499.477716,3852.926900,87.699889,96.775281
274,-1,351.720084,65.024045,937407.792527,548498.933098,3852.858200,87.695099,96.741912
275,-1,351.359974,65.060691,937407.716411,548498.387167,3852.792300,87.700128,96.718666
276,-1,351.000060,65.097959,937407.627173,548497.843533,3852.720700,87.695300,96.684118
277,-1,350.639902,65.136115,937407.543839,548497.298587,3852.651900,87.699973,96.659408
278,-1,350.279984,65.175091,937407.452632,548496.755281,3852.579500,87.700074,96.629080
279,-1,349.919988,65.214770,937407.353223,548496.213287,3852.503600,87.695329,96.592931
280,-1,349.560033,65.255317,937407.259719,548495.670309,3852.430500,87.700033,96.566581
281,-1,349.199970,65.296573,937407.158013,548495.128643,3852.353900,87.699895,96.534418
282,-1,348.839976,65.353397,937407.048434,548494.588618,3852.246400,87.695178,96.485254
283,-1,348.479887,65.420355,937406.944759,548494.047281,3852.124600,87.699972,96.438884
284,-1,348.120051,65.487963,937406.833211,548493.507912,3851.999600,87.700119,96.387089
285,-1,347.759941,65.556259,937406.718054,548492.968871,3851.873400,87.700129,96.334808
286,-1,347.399931,65.625088,937406.594694,548492.431798,3851.744100,87.695168,96.276857
287,-1,347.039926,65.694825,937406.472975,548491.894398,3851.615600,87.695343,96.224055
288,-1,346.680019,65.765169,937406.347648,548491.357982,3851.486000,87.695241,96.170692
289,-1,346.320035,65.836217,937406.219039,548490.822222,3851.355300,87.695256,96.117130
290,-1,345.960065,65.908081,937406.091743,548490.286133,3851.225400,87.700086,96.068438
291,-1,345.599939,65.980341,937405.951651,548489.752998,3851.090600,87.695249,96.009073
292,-1,345.239941,66.053412,937405.817465,548489.218550,3850.958700,87.699922,95.959730
293,-1,344.879941,66.127009,937405.670812,548488.687383,3850.821800,87.695165,95.899896
294,-1,344.519912,66.201427,937405.530064,548488.154576,3850.687800,87.700000,95.850167
295,-1,344.159977,66.276423,937405.381442,548487.624065,3850.550800,87.700096,95.795054
296,-1,343.800016,66.351932,937405.229212,548487.094539,3850.412900,87.699912,95.739488
297,-1,343.439930,66.428184,937405.074028,548486.565668,3850.274000,87.700172,95.684096
298,-1,343.079940,66.504833,937404.910643,548486.039423,3850.132300,87.695285,95.623037
299,-1,342.720047,66.582324,937404.753163,548485.511537,3849.993400,87.699987,95.572061
300,-1,342.360079,66.660313,937404.587809,548484.985947,3849.851700,87.699949,95.515798
301,-1,342.000073,66.738844,937404.419174,548484.461342,3849.709200,87.699947,95.459431
302,-1,341.639885,66.817894,937404.242665,548483.939033,3849.563899,87.695212,95.397789
303,-1,341.279947,66.897604,937404.067468,548483.416725,3849.419599,87.695185,95.341052
304,-1,340.920102,66.977986,937403.893584,548482.894088,3849.276300,87.699967,95.289317
305,-1,340.560012,67.058842,937403.711826,548482.373748,3849.130300,87.700018,95.232360
306,-1,340.200010,67.140025,937403.522194,548481.856360,3848.981799,87.695124,95.170066
307,-1,339.839875,67.221961,937403.333874,548481.338317,3848.834200,87.695151,95.112848
308,-1,339.480081,67.304414,937403.142602,548480.821914,3848.685900,87.695302,95.055669
309,-1,339.119932,67.387562,937402.952313,548480.304526,3848.538500,87.700181,95.003399
310,-1,338.759960,67.470860,937402.749886,548479.792060,3848.387000,87.695428,94.940860
311,-1,338.400109,67.554920,937402.553036,548479.277625,3848.238200,87.700047,94.888215
312,-1,338.039977,67.639362,937402.348312,548478.765815,3848.086899,87.699840,94.830362
313,-1,337.680000,67.724422,937402.140963,548478.255318,3847.934899,87.700172,94.772947
314,-1,337.319921,67.809835,937401.930006,548477.746132,3847.782300,87.700130,94.715168
315,-1,336.960004,67.895700,937401.715767,548477.238587,3847.629000,87.699890,94.657154
316,-1,336.599996,67.981920,937401.494311,548476.733995,3847.473499,87.695314,94.594508
317,-1,336.240028,68.068766,937401.273839,548476.229075,3847.318900,87.695234,94.536582
318,-1,335.879980,68.156041,937401.050086,548475.725467,3847.163700,87.695084,94.478587
319,-1,335.519926,68.243757,937400.823380,548475.223171,3847.008000,87.695166,94.420841
320,-1,335.160053,68.332146,937400.597987,548474.720548,3846.853200,87.700040,94.368102
321,-1,334.799960,68.420544,937400.360455,548474.223173,3846.694699,87.695154,94.305151
322,-1,334.440018,68.509503,937400.124235,548473.725471,3846.537300,87.695058,94.247285
323,-1,334.080078,68.599156,937399.889327,548473.227112,3846.380800,87.699890,94.194564
324,-1,333.719931,68.688991,937399.646874,548472.732035,3846.222299,87.699965,94.136913
325,-1,333.360084,68.779264,937399.401467,548472.238925,3846.063200,87.699982,94.079224
326,-1,332.999923,68.869683,937399.148515,548471.749097,3845.902200,87.695245,94.016650
327,-1,332.639941,68.960700,937398.896875,548471.258941,3845.742199,87.695290,93.959132
328,-1,332.279893,69.052213,937398.646219,548470.768128,3845.583300,87.699974,93.906577
329,-1,331.919948,69.143936,937398.388346,548470.281252,3845.422400,87.699898,93.849102
330,-1,331.560039,69.236074,937398.127520,548469.796017,3845.261000,87.699906,93.791769
331,-1,331.199967,69.328548,937397.863741,548469.312094,3845.099300,87.700155,93.734798
332,-1,330.839943,69.421103,937397.592416,548468.832436,3844.935700,87.695200,93.672532
333,-1,330.479941,69.514264,937397.322403,548468.352122,3844.773100,87.695173,93.615477
334,-1,330.119922,69.607728,937397.049438,548467.873449,3844.610200,87.695230,93.558644
335,-1,329.760056,69.701518,937396.773520,548467.396744,3844.446900,87.695207,93.501847
336,-1,329.399979,69.795807,937396.498586,548466.919054,3844.284700,87.699992,93.450192
337,-1,329.040029,69.890259,937396.216762,548466.445630,3844.120700,87.700138,93.393816
338,-1,328.680079,69.984921,937395.931658,548465.974174,3843.956400,87.699920,93.337249
339,-1,328.319858,70.079925,937395.643601,548465.504031,3843.791800,87.699960,93.281078
340,-1,327.960102,70.174988,937395.348982,548465.038809,3843.625600,87.695294,93.220193
341,-1,327.600010,70.270537,937395.055019,548464.572602,3843.460400,87.695167,93.164176
342,-1,327.240033,70.366640,937394.762369,548464.105740,3843.296200,87.699962,93.113390
343,-1,326.879985,70.462763,937394.462829,548463.643142,3843.130500,87.700118,93.057993
344,-1,326.519961,70.559156,937394.160336,548463.182513,3842.964500,87.700189,93.002677
345,-1,326.160115,70.655457,937393.850953,548462.726805,3842.797100,87.695259,92.942443
346,-1,325.799923,70.753689,937393.546492,548462.267161,3842.630000,87.700071,92.891769
347,-1,325.440001,70.858592,937393.235469,548461.812437,3842.450000,87.700154,92.832669
348,-1,325.079977,70.963942,937392.917556,548461.362307,3842.267800,87.695418,92.768609
349,-1,324.720036,71.070030,937392.604565,548460.908896,3842.087799,87.700058,92.714445
350,-1,324.359983,71.176440,937392.281075,548460.462702,3841.904299,87.695421,92.650688
351,-1,323.999936,71.283574,937391.962178,548460.013228,3841.722899,87.699891,92.596552
352,-1,323.639971,71.390951,937391.633110,548459.571300,3841.538200,87.695160,92.532966
353,-1,323.280013,71.499240,937391.308964,548459.125763,3841.355400,87.699993,92.479378
354,-1,322.920078,71.607646,937390.974319,548458.688100,3841.169400,87.695164,92.415943
355,-1,322.560029,71.716923,937390.644595,548458.246499,3840.985400,87.700097,92.362736
356,-1,322.199987,71.826439,937390.307982,548457.810149,3840.799499,87.699831,92.304333
357,-1,321.840040,71.936533,937389.969071,548457.375766,3840.613000,87.700006,92.246501
358,-1,321.480082,72.047124,937389.627209,548456.943680,3840.425800,87.699902,92.188529
359,-1,321.120084,72.158067,937389.279112,548456.516516,3840.236800,87.695318,92.126084
360,-1,320.760134,72.269737,937388.935609,548456.085743,3840.049799,87.700036,92.073455
361,-1,320.399982,72.381770,937388.585544,548455.659890,3839.860900,87.700022,92.016091
362,-1,320.040021,72.494035,937388.229246,548455.239616,3839.670300,87.695114,91.953899
363,-1,319.679991,72.607240,937387.877868,548454.815076,3839.481499,87.700178,91.902117
364,-1,319.320074,72.720441,937387.516320,548454.399394,3839.289800,87.695219,91.840260
365,-1,318.959905,72.834370,937387.155757,548453.982400,3839.098700,87.695324,91.783779
366,-1,318.600017,72.948831,937386.796178,548453.565078,3838.908300,87.699849,91.732092
367,-1,318.240008,73.063668,937386.430693,548453.152678,3838.716200,87.700151,91.676236
368,-1,317.879994,73.178855,937386.062255,548452.742901,3838.523600,87.699965,91.620138
369,-1,317.519917,73.294403,937385.687912,548452.338375,3838.329300,87.695342,91.559670
370,-1,317.159939,73.410512,937385.314553,548451.933192,3838.135700,87.695350,91.504215
371,-1,316.800102,73.527223,937384.942179,548451.527353,3837.942700,87.699986,91.453744
372,-1,316.440073,73.644042,937384.560290,548451.130044,3837.747000,87.695308,91.393955
373,-1,316.079946,73.761595,937384.182666,548450.728470,3837.553100,87.700123,91.344165
374,-1,315.719941,73.879388,937383.799136,548450.332801,3837.357600,87.700052,91.289621
375,-1,315.360115,73.997621,937383.413310,548449.939757,3837.161600,87.699964,91.235310
376,-1,314.999999,74.116273,937383.024860,548449.548682,3836.965200,87.700088,91.181481
377,-1,314.640016,74.235157,937382.630503,548449.163840,3836.767200,87.695091,91.122681
378,-1,314.280058,74.354793,937382.240740,548448.774405,3836.571000,87.700052,91.074348
379,-1,313.920053,74.474642,937381.845072,548448.390876,3836.373300,87.700123,91.021300
380,-1,313.559926,74.594724,937381.443498,548448.013252,3836.174100,87.695308,90.963541
381,-1,313.199897,74.715501,937381.046189,548447.631363,3835.976599,87.699986,90.915789
382,-1,312.840060,74.836329,937380.640350,548447.258989,3835.776700,87.695350,90.858822
383,-1,312.479912,74.957853,937380.238120,548446.882021,3835.578400,87.699997,90.811642
384,-1,312.120005,75.079597,937379.830640,548446.511287,3835.378700,87.699965,90.759988
385,-1,311.759991,75.201758,937379.420864,548446.142849,3835.178600,87.700151,90.708853
386,-1,311.400094,75.324088,937379.005511,548445.780973,3834.977100,87.695189,90.652795
387,-1,311.040001,75.447079,937378.594094,548445.414176,3834.777300,87.699984,90.607023
388,-1,310.679925,75.570156,937378.174148,548445.057221,3834.575100,87.695219,90.551812
389,-1,310.320008,75.693862,937377.758466,548444.695673,3834.374600,87.700178,90.506863
390,-1,309.959978,75.817609,937377.333926,548444.344296,3834.171700,87.695114,90.452029
391,-1,309.600017,75.941995,937376.913651,548443.987998,3833.970500,87.700022,90.407705
392,-1,309.239865,76.066616,937376.487799,548443.637933,3833.767900,87.700036,90.358719
393,-1,308.879937,76.191486,937376.059979,548443.290821,3833.565100,87.699981,90.310047
394,-1,308.519917,76.316732,937375.629861,548442.946333,3833.361900,87.699902,90.261687
395,-1,308.160031,76.442148,937375.194823,548442.608407,3833.157500,87.695086,90.208873
396,-1,307.800012,76.568194,937374.763393,548442.265560,3832.954600,87.699831,90.166138
397,-1,307.439970,76.694446,937374.327042,548441.928947,3832.750499,87.700097,90.119205
398,-1,307.079921,76.820757,937373.885442,548441.599223,3832.545300,87.695164,90.067398
399,-1,306.719986,76.947747,937373.447779,548441.264578,3832.341500,87.699993,90.025855
400,-1,306.360057,77.074924,937373.005195,548440.936495,3832.136499,87.700081,89.979865
401,-1,306.000063,77.202315,937372.560314,548440.611364,3831.931300,87.699891,89.934004
402,-1,305.640035,77.330047,937372.113464,548440.288858,3831.725800,87.699883,89.888699
403,-1,305.279963,77.458057,937371.664646,548439.968977,3831.520099,87.700058,89.843977
404,-1,304.919955,77.586370,937371.213860,548439.652048,3831.314100,87.700149,89.799557
405,-1,304.559998,77.714922,937370.761105,548439.338073,3831.107900,87.700154,89.755462
406,-1,304.200076,77.843775,937370.306381,548439.027050,3830.901400,87.700071,89.711670
407,-1,303.839876,77.972942,937369.849361,548438.718651,3830.694600,87.699990,89.668271
408,-1,303.480038,78.102332,937369.391029,548438.413206,3830.487700,87.700189,89.625581
409,-1,303.120014,78.231997,937368.930400,548438.110713,3830.280499,87.700118,89.583024
410,-1,302.759965,78.361900,937368.467802,548437.811173,3830.073099,87.699962,89.540803
411,-1,302.400059,78.492061,937368.003564,548437.514585,3829.865500,87.699897,89.499091
412,-1,302.039986,78.622493,937367.537358,548437.220623,3829.657700,87.700024,89.457990
413,-1,301.680033,78.752995,937367.066886,548436.933878,3829.448999,87.695231,89.412353
414,-1,301.319920,78.884047,937366.599368,548436.641884,3829.241500,87.699920,89.376714
415,-1,300.959970,79.015285,937366.127912,548436.356779,3829.033000,87.700138,89.336965
416,-1,300.600038,79.146487,937365.652191,548436.078893,3828.823800,87.695435,89.292719
417,-1,300.240129,79.278222,937365.179423,548435.796085,3828.615699,87.699930,89.258186
418,-1,299.880077,79.409984,937364.700093,548435.524104,3828.406000,87.695230,89.214791
419,-1,299.520058,79.542035,937364.221420,548435.251139,3828.196900,87.695173,89.176543
420,-1,299.160009,79.674451,937363.743402,548434.976861,3827.988300,87.700043,89.143707
421,-1,298.800032,79.806992,937363.261448,548434.709801,3827.778800,87.700155,89.106504
422,-1,298.439960,79.939665,937362.777525,548434.446022,3827.569200,87.699906,89.069406
423,-1,298.080051,80.072602,937362.292290,548434.185196,3827.359400,87.699898,89.032989
424,-1,297.720106,80.205719,937361.805414,548433.927322,3827.149500,87.699974,88.997117
425,-1,297.360058,80.338937,937361.314601,548433.676667,3826.938800,87.695290,88.956900
426,-1,296.999957,80.472571,937360.826413,548433.420762,3826.729200,87.699939,88.926549
427,-1,296.639915,80.606319,937360.334616,548433.172074,3826.518800,87.699982,88.892008
428,-1,296.280068,80.740164,937359.841507,548432.926668,3826.308399,87.699965,88.857893
429,-1,295.919921,80.874297,937359.346429,548432.684215,3826.097700,87.699890,88.824159
430,-1,295.560040,81.008569,937358.850367,548432.444714,3825.887000,87.700193,88.791285
431,-1,295.200017,81.142940,937358.352337,548432.208822,3825.676200,87.699852,88.758246
432,-1,294.839946,81.277589,937357.852994,548431.975555,3825.465200,87.700040,88.726190
433,-1,294.480000,81.412392,937357.352339,548431.745568,3825.254100,87.700162,88.694543
434,-1,294.119967,81.547336,937356.850043,548431.518863,3825.042900,87.700081,88.663172
435,-1,293.760026,81.682368,937356.346435,548431.295438,3824.831700,87.699931,88.632225
436,-1,293.400077,81.817642,937355.841515,548431.074966,3824.620300,87.700010,88.601969
437,-1,293.039995,81.953055,937355.334954,548430.857775,3824.408800,87.699890,88.571996
438,-1,292.680078,82.088654,937354.827409,548430.643536,3824.197200,87.700130,88.542861
439,-1,292.319999,82.224324,937354.318224,548430.432579,3823.985600,87.700172,88.514026
440,-1,291.960022,82.360179,937353.807726,548430.225230,3823.773800,87.699840,88.485290
441,-1,291.599890,82.496166,937353.295916,548430.020506,3823.562000,87.700047,88.457586
442,-1,291.240028,82.632281,937352.783122,548429.819391,3823.350100,87.699997,88.430114
443,-1,290.880067,82.768563,937352.269016,548429.621229,3823.138100,87.700181,88.403361
444,-1,290.519945,82.904887,937351.753269,548429.426675,3822.926100,87.699871,88.376617
445,-1,290.160096,83.041394,937351.236865,548429.235074,3822.714000,87.700028,88.350826
446,-1,289.799981,83.178030,937350.718822,548429.046755,3822.501800,87.700002,88.325342
447,-1,289.439987,83.314812,937350.199794,548428.861716,3822.289500,87.700018,88.300392
448,-1,289.079897,83.451665,937349.679454,548428.679957,3822.077200,87.699967,88.275878
449,-1,288.719900,83.588597,937349.158129,548428.501480,3821.864900,87.699957,88.251909
450,-1,288.359983,83.725669,937348.635821,548428.326284,3821.652500,87.699985,88.228471
451,-1,288.000038,83.862736,937348.110887,548428.158961,3821.439700,87.695173,88.200685
452,-1,287.639920,84.000087,937347.587595,548427.985733,3821.227600,87.699949,88.183010
453,-1,287.280024,84.137379,937347.060693,548427.824972,3821.014700,87.695211,88.156298
454,-1,286.920006,84.274986,937346.535431,548427.658306,3820.802400,87.700062,88.139692
455,-1,286.560069,84.412539,937346.007873,548427.499514,3820.589800,87.700172,88.118848
456,-1,286.199983,84.550132,937345.479003,548427.344330,3820.377200,87.699912,88.098144
457,-1,285.840022,84.687882,937344.949476,548427.192100,3820.164500,87.700096,88.078380
458,-1,285.480061,84.825590,937344.417653,548427.048071,3819.951500,87.695224,88.054063
459,-1,285.120103,84.963532,937343.887471,548426.898137,3819.739100,87.699942,88.039862
460,-1,284.760058,85.101514,937343.354991,548426.756077,3819.526300,87.699922,88.021415
461,-1,284.399937,85.239491,937342.821528,548426.617298,3819.313599,87.699943,88.003529
462,-1,284.039934,85.377594,937342.287408,548426.481799,3819.100800,87.700086,87.986266
463,-1,283.680088,85.515740,937341.752632,548426.349910,3818.888000,87.700029,87.969316
464,-1,283.319915,85.654002,937341.216544,548426.221301,3818.675099,87.699937,87.952835
465,-1,282.960027,85.792259,937340.680128,548426.095973,3818.462300,87.700040,87.937067
466,-1,282.600041,85.930553,937340.142728,548425.974254,3818.249500,87.699866,87.921536
467,-1,282.240058,86.068978,937339.604671,548425.855488,3818.036600,87.700129,87.906947
468,-1,281.879948,86.207373,937339.065630,548425.740331,3817.823800,87.700119,87.892605
469,-1,281.520081,86.345741,937338.525277,548425.633376,3817.610799,87.695275,87.873939
470,-1,281.160074,86.484349,937337.985908,548425.520515,3817.398100,87.699875,87.865230
471,-1,280.800029,86.622873,937337.444898,548425.415528,3817.185300,87.699895,87.852458
472,-1,280.439966,86.761506,937336.903233,548425.313822,3816.972400,87.700033,87.840311
473,-1,280.079908,86.900104,937336.360911,548425.215726,3816.759600,87.699966,87.828480
474,-1,279.720015,87.038745,937335.818261,548425.120909,3816.546800,87.700074,87.817336
475,-1,279.359951,87.177327,937335.273971,548425.034295,3816.333900,87.695281,87.801809
476,-1,279.000105,87.316118,937334.730993,548424.941776,3816.121199,87.699991,87.796296
477,-1,278.640084,87.454780,937334.185718,548424.862052,3815.908300,87.695164,87.781762
478,-1,278.280088,87.593559,937333.641428,548424.776094,3815.695700,87.700110,87.777520
479,-1,277.920066,87.732347,937333.095826,548424.698666,3815.482900,87.699889,87.768621
480,-1,277.559884,87.871108,937332.549567,548424.624191,3815.270200,87.700116,87.760690
481,-1,277.200041,88.009884,937332.003308,548424.553653,3815.057500,87.699904,87.752833
482,-1,276.840015,88.148628,937331.456393,548424.486068,3814.844900,87.700140,87.745944
483,-1,276.480082,88.287449,937330.909150,548424.422420,3814.632199,87.699891,87.739080
484,-1,276.119941,88.426233,937330.361251,548424.361725,3814.419599,87.700096,87.733189
485,-1,275.760073,88.564963,937329.813352,548424.304966,3814.207100,87.699849,87.727364
486,-1,275.399973,88.703782,937329.264797,548424.251161,3813.994500,87.700061,87.722508
487,-1,275.039951,88.842483,937328.715585,548424.205885,3813.782000,87.695181,87.713080
488,-1,274.679998,88.981262,937328.167030,548424.154376,3813.569600,87.700031,87.713896
489,-1,274.320104,89.120004,937327.617490,548424.115990,3813.357099,87.695182,87.705526
490,-1,273.959903,89.258724,937327.067951,548424.071371,3813.144799,87.700011,87.707352
491,-1,273.600093,89.397470,937326.518411,548424.034954,3812.932400,87.700121,87.704970
492,-1,273.240003,89.536156,937325.968215,548424.002145,3812.720100,87.700048,87.702922
493,-1,272.880034,89.674783,937325.418019,548423.972618,3812.507900,87.700163,87.701576
494,-1,272.519970,89.813413,937324.867496,548423.946699,3812.295700,87.700120,87.700585
495,-1,272.160008,89.952046,937324.316972,548423.924390,3812.083499,87.699933,87.699964
496,-1,271.799912,90.090614,937323.766120,548423.905361,3811.871400,87.699919,87.700028
497,-1,271.440099,90.229181,937323.215596,548423.889613,3811.659300,87.700097,87.700798
498,-1,271.079999,90.327664,944841.790454,149569.102022,1530.095500,399013.343757,399019.868716
499,-1,270.720000,90.322582,943117.750923,87245.984543,1214.790900,461301.999934,461309.311298
500,-1,270.359999,90.308847,940277.296630,78010.349471,1275.746199,470510.500012,470517.335766
501,-1,270.000000,90.302734,937321.011532,80394.368653,1338.589500,468117.193356,468123.727796
502,-1,269.640000,90.288682,934759.816195,140890.008160,1758.164399,407629.600108,407634.774236
503,-1,269.279999,90.238398,932185.497197,139861.829770,2111.538900,408682.000052,408685.537754
504,-1,268.920000,90.254844,933041.605721,321508.918247,2802.143000,227042.977406,227045.223294
505,-1,268.560000,90.225445,926859.053782,132331.137810,2173.908100,416311.899957,416315.122743
506,-1,268.200000,90.239993,923693.394102,114873.741623,1994.737200,433851.900107,433855.706090
507,-1,267.839999,90.278905,920846.753142,111725.331253,1684.281700,437096.799997,437101.978714
508,-1,267.479999,90.242240,917115.550631,89407.974969,1869.075500,459547.999977,459552.107250
509,-1,267.119999,90.273631,913870.008566,82361.674101,1582.951900,466739.400026,466744.722774
510,-1,266.759999,90.303401,910693.750810,78140.230772,1317.217800,471124.399987,471131.005402
511,-1,266.400000,90.312678,907898.560863,80855.099687,1254.813899,468581.100083,468588.077748
512,-1,266.040000,90.301614,905015.297929,81836.611831,1349.449900,467791.800115,467798.281803
513,-1,265.680000,90.293683,901709.131313,77089.693503,1388.712400,472765.041134,472771.251759
514,-1,265.319999,90.316888,898588.308158,75374.213011,1186.422100,474720.099983,474727.360745
515,-1,264.960000,90.316555,897236.413880,93997.376552,1291.077300,456278.335834,456285.299843
516,-1,264.600000,90.317254,893826.125425,88383.728658,1252.837199,462179.000109,462186.085368
517,-1,264.240000,90.306524,891279.201713,92069.126799,1357.689799,458758.700094,458765.265250
518,-1,263.879999,90.303667,888234.570663,90710.620658,1371.736800,460424.999950,460431.466684
519,-1,263.520000,90.308806,883636.944688,75865.764521,1248.192800,475684.799963,475691.709067
520,-1,263.160000,90.321761,881482.998865,83004.311595,1179.051000,468844.199971,468851.593065
521,-1,262.799999,90.317968,878724.127742,84669.465417,1217.388700,467528.700039,467535.899606
522,-1,262.440000,90.317981,887349.092119,171984.473202,1704.003600,379828.699989,379834.549544
523,-1,262.079999,90.287898,884887.630835,171610.978542,1899.916000,380530.300015,380535.103943
524,-1,261.719999,90.298933,882646.842666,172815.722852,1831.198300,379653.300133,379658.467464
525,-1,261.359999,90.286677,876746.641539,149864.720853,1794.484000,403222.715461,403227.762778
526,-1,260.999999,90.227542,871811.341699,134899.784904,2148.924000,418767.499935,418770.802298
527,-1,260.639999,90.131266,868946.561011,133697.954631,2848.835800,420410.982671,420412.086000
528,-1,260.279999,90.092959,865952.750726,131865.792612,3126.174700,422714.000013,422714.556382
529,-1,259.920000,90.174888,863443.760993,132926.858076,2523.596500,422100.099847,422102.066212
530,-1,259.560000,90.253492,857735.150363,116580.854350,1868.849000,439201.600084,439205.898630
531,-1,259.200000,90.268642,867314.977660,181527.080429,2060.291000,373602.000127,373606.106774
532,-1,258.840000,90.281155,866079.923372,187394.805570,2005.809400,368076.900149,368081.331752
533,-1,258.480000,90.299257,863588.693446,186752.053247,1883.666700,369196.962217,369201.998124
534,-1,258.120000,90.312944,861222.766091,186773.748413,1792.963699,369655.500087,369661.014029
535,-1,257.760000,90.288063,841641.312472,107466.353222,1542.985200,451304.200076,451309.904035
536,-1,257.399999,90.271220,880922.345130,296198.432779,2588.154700,258539.599973,258542.496654
537,-1,257.039999,90.258383,878158.025856,291429.813707,2622.352499,263801.600041,263804.282508
538,-1,256.679999,90.270416,877554.169780,296073.654813,2587.644799,259416.600014,259419.489308
539,-1,256.320000,90.244234,876093.691730,296965.433869,2708.432500,258890.400116,258892.752227
540,-1,255.959999,90.265712,869854.966018,278722.556969,2522.309500,278096.699976,278099.690516
541,-1,255.599999,90.302621,816558.470577,78172.518766,1247.200000,485594.899991,485601.673337
542,-1,255.240000,90.294515,813784.393777,79619.019482,1319.505000,484893.299979,484899.706069
543,-1,254.880000,90.302912,810589.078973,79473.169708,1243.339500,485858.000019,485864.790092
544,-1,254.519999,90.295958,808306.951319,82670.506161,1315.129300,483376.165162,483382.613941
545,-1,254.159999,90.297923,806093.527269,85996.171425,1312.098700,480771.400099,480777.899565
546,-1,253.799999,90.316129,803532.612115,88008.870812,1166.100900,479543.600122,479550.899544
547,-1,253.439999,90.312779,805516.105195,105250.732982,1287.495599,462442.100035,462448.990763
548,-1,253.080000,90.320729,805949.643370,116659.491332,1285.190700,451391.899928,451398.972237
549,-1,252.720000,90.318099,802509.432403,115148.675456,1292.276700,453847.500058,453854.494706
550,-1,252.359999,90.306480,801304.054892,120768.118614,1411.054800,448848.600155,448855.021636
551,-1,251.999999,90.298722,784345.352261,77700.894053,1231.000000,495039.632142,495046.360459
552,-1,251.639999,90.318154,781555.937564,79170.742819,1066.025299,494513.460713,494521.084746
553,-1,251.279999,90.336879,783667.878222,95084.175887,997.069199,478754.300097,478762.575557
554,-1,250.919999,90.320098,780162.595863,94152.264365,1126.017800,480771.399910,480778.902954
555,-1,250.559999,90.336653,777777.905422,96471.886038,995.350399,479368.200196,479376.475154
556,-1,250.200000,90.326358,775000.239062,97648.271809,1082.482999,479192.800056,479200.573814
557,-1,249.840000,90.338457,778548.118121,116048.044720,1090.606600,460688.099985,460696.137931
558,-1,249.479999,90.334307,786847.774093,146480.476310,1307.303000,429268.201774,429275.508982
559,-1,249.120000,90.325326,792193.266683,168061.132295,1499.943799,407191.099847,407197.663850
560,-1,248.760000,90.313208,772172.496357,123613.337005,1319.992700,455864.600157,455871.411504
561,-1,248.399999,90.319458,770410.026129,126942.535399,1283.952999,453408.999961,453416.047707
562,-1,248.040000,90.318689,769437.149466,132147.766458,1314.916800,448936.299922,448943.244590
563,-1,247.680000,90.323416,763293.887146,124611.120770,1225.402800,458232.500053,458239.800369
564,-1,247.319999,90.361268,771218.213817,151040.384841,1095.747800,430782.399929,430790.963426
565,-1,246.960000,90.330227,758838.964626,128849.030273,1183.565300,456040.000012,456047.574638
566,-1,246.600000,90.344930,758992.077180,136417.709034,1108.772200,449023.999901,449032.136915
567,-1,246.240000,90.350828,765355.413863,157874.973862,1198.556400,426812.735027,426820.736283
568,-1,245.879999,90.306367,750243.916855,130686.829419,1364.105900,457794.000088,457800.544726
569,-1,245.520000,90.342218,749257.690153,135462.242441,1101.219400,453847.499987,453855.595570
570,-1,245.160000,90.391515,758197.549242,161562.562943,898.292600,426397.399876,426407.354968
571,-1,244.799999,90.398399,741206.899496,131747.859777,609.226500,460600.399954,460611.535092
572,-1,244.440000,90.407137,742111.183121,140346.194287,596.938200,452444.299905,452455.722921
573,-1,244.079999,90.416551,748980.897400,160984.731422,679.445000,430870.099933,430881.487164
574,-1,243.720000,90.405682,747015.687091,163119.373806,768.636400,429817.700006,429828.474350
575,-1,243.360000,90.385412,793909.271781,262623.622632,1660.491100,319841.899975,319849.136334
576,-1,242.999999,90.384580,840252.122337,358003.140534,2376.836500,213812.599962,213817.416563
577,-1,242.639999,90.343693,842206.010818,364702.160928,2570.524699,206960.767506,206964.491091
578,-1,242.279999,90.285716,837381.749141,358316.658936,2740.594400,214853.339100,214856.010514
579,-1,241.920000,90.375294,835729.123181,358086.911364,2398.277400,215829.699884,215834.329967
580,-1,241.559999,90.409285,817410.565658,327111.409994,2013.372500,251786.700089,251793.124289
581,-1,241.200000,90.390317,829077.031170,351616.492546,2281.340900,224687.399877,224692.613612
582,-1,240.839999,90.409920,827158.338157,351075.129783,2194.425900,226090.599926,226096.386423
583,-1,240.480000,90.468187,824456.902615,349187.298913,1940.226000,229059.968000,229067.615598
584,-1,240.119999,90.504355,823025.790320,349585.427054,1792.421400,229423.200135,229432.089078
585,-1,239.760000,90.516324,774607.002971,269389.309560,900.414999,323086.800093,323099.919190
586,-1,239.400000,90.545727,774552.881032,273285.683657,766.343099,319754.200006,319768.704705
587,-1,239.039999,90.541538,773909.602135,276118.734093,809.617299,317649.400159,317663.589012
588,-1,238.679999,90.571181,784418.923308,297229.443512,879.576300,294145.800004,294160.416827
589,-1,238.320000,90.584329,784048.921752,300149.026583,835.486099,291849.760166,291864.938291
590,-1,237.959999,90.576290,782529.572100,301177.873935,877.161699,291777.900084,291792.659799
591,-1,237.600000,90.545526,781213.554719,302525.570715,1038.014200,291339.399989,291352.606027
592,-1,237.239999,90.578590,781767.591669,306769.429353,909.000000,287464.998099,287479.655976
593,-1,236.880000,90.608637,788676.943007,320665.911403,922.037400,272045.399902,272060.749742
594,-1,236.519999,90.603716,805535.681599,349254.561574,1294.721399,238894.799876,238908.062129
595,-1,236.159999,90.583388,815274.870454,366476.254493,1580.410699,219162.299984,219173.661215
596,-1,235.800000,90.604438,780375.165976,317572.763061,866.268599,279221.645466,279237.183573
597,-1,235.439999,90.563336,779714.637113,319706.535697,1080.238500,277833.600062,277847.029675
598,-1,235.080000,90.582680,780338.427532,323649.617377,1023.000000,274237.900048,274252.081852
599,-1,234.720000,90.642246,808510.112002,366450.684334,1311.989700,223021.099938,223035.111853
600,-1,234.359999,90.668017,889847.295128,482298.686562,2862.061200,81473.300070,81478.837910
601,-1,233.999999,90.591348,785819.186256,339987.189033,1151.681100,257750.300072,257764.028789
602,-1,233.639999,90.538816,888967.016377,482829.845604,3044.978200,81560.999978,81564.606634
603,-1,233.280000,90.470269,888345.538289,482853.767472,3139.683999,81911.799900,81914.559055
604,-1,232.920000,90.430815,887989.521941,483236.292626,3196.784100,81819.659363,81821.972363
605,-1,232.560000,90.420807,886940.610653,482711.987900,3203.348100,82872.002182,82874.237342
606,-1,232.200000,90.414795,886525.420210,483026.280251,3212.011900,82876.499834,82878.671699
607,-1,231.839999,90.403426,886114.969259,483346.728757,3228.456800,82876.500035,82878.554479
608,-1,231.479999,90.420340,885597.302972,483532.518740,3202.703200,83051.899987,83054.135034
609,-1,231.120000,90.527122,885245.099936,483927.059945,3048.716600,82964.199962,82967.711143
610,-1,230.759999,90.684804,884951.286876,484391.383164,2822.463699,82788.799942,82794.713586
611,-1,230.399999,90.749770,786617.172521,366341.914539,717.965899,236426.368141,236446.612710
612,-1,230.039999,90.697385,786320.386697,368300.671120,950.175000,235110.939549,235128.356427
613,-1,229.679999,90.677113,784899.085734,368908.926793,1028.038600,235562.199940,235578.650429
614,-1,229.320000,90.721895,784916.941669,371200.327722,866.000000,233808.199846,233826.759142
615,-1,228.959999,90.711585,785541.592651,374155.302783,940.909000,231164.653715,231182.482790
616,-1,228.600000,90.791908,786420.875997,377348.956173,658.000000,228183.015453,228204.812221
617,-1,228.239999,90.782348,789487.223211,382935.975839,780.936400,221968.699832,221989.394145
618,-1,227.879999,90.791159,791743.677031,387510.947332,814.616099,217057.499863,217078.194708
619,-1,227.519999,90.762469,789973.010625,387596.703394,908.309500,218185.758230,218205.079161
620,-1,227.160000,90.758249,789433.871612,389031.457086,933.511799,217496.000010,217515.047233
621,-1,226.800000,90.785009,791016.249680,392712.814881,883.583499,213724.900157,213744.961647
622,-1,226.440000,90.764173,790161.102441,393762.248477,963.659400,213549.499841,213568.494830
623,-1,226.079999,90.939517,801966.707766,407955.861166,612.004300,195132.500080,195158.736992
624,-1,225.719999,90.952593,802249.600901,410002.051299,595.166100,193466.199960,193492.942021
625,-1,225.360000,90.950897,802868.226961,412358.488188,636.000000,191351.014604,191377.370214
626,-1,225.000000,90.968963,804984.704683,416175.255160,646.670100,187151.799940,187178.566076
627,-1,224.639999,90.985746,806464.690896,419289.384431,647.666800,183906.899893,183934.121078
628,-1,224.279999,90.985677,809799.335802,424155.245106,747.475000,178118.700127,178145.060864
629,-1,223.919999,90.987818,890892.771712,503801.443425,2700.634400,64456.001712,64465.582388
630,-1,223.559999,91.024940,890803.413951,504275.337162,2663.567000,64192.916069,64203.188355
631,-1,223.199999,90.997382,890715.641489,504746.206627,2698.971999,63933.299998,63942.987907
632,-1,222.839999,90.848402,890441.577404,505039.898625,2865.253900,63933.300099,63940.309734
633,-1,222.480000,90.822891,890169.364038,505335.306827,2893.726100,63933.300188,63939.894577
634,-1,222.120000,90.845419,890159.215108,505867.696182,2873.759300,63582.500223,63589.422463
635,-1,221.759999,90.868205,890287.275547,506517.597113,2856.493900,63052.877875,63060.117504
636,-1,221.400000,90.852763,890024.349892,506813.945602,2873.491200,63052.877938,63059.862306
637,-1,221.040000,90.914425,889763.291359,507111.940413,2805.617300,63052.877939,63060.908991
638,-1,220.680000,91.030984,889903.138848,507754.546083,2686.778800,62526.706271,62536.830288
639,-1,220.320000,91.098707,818439.345425,447621.213266,821.670499,155922.137639,155950.809991
640,-1,219.960000,91.082460,817538.912514,448144.865434,859.272899,156272.918404,156300.811526
641,-1,219.599999,91.054339,816633.827054,448670.440170,929.388000,156632.200097,156658.723401
642,-1,219.239999,91.074636,819275.648214,452098.806017,953.000000,152414.327801,152441.140306
643,-1,218.880000,91.386476,837309.213853,467869.838779,702.526199,128473.527236,128511.151620
644,-1,218.519999,91.372098,837004.895892,468659.331951,740.918699,128217.400155,128254.174610
645,-1,218.160000,91.344287,837269.115836,469891.525024,825.989499,127245.793832,127280.824820
646,-1,217.800000,91.390016,837331.452325,470951.709584,741.398499,126544.232024,126581.480929
647,-1,217.440000,91.389291,840879.364849,474669.612253,866.197700,121464.499994,121500.216335
648,-1,217.080000,91.382714,840487.275410,475329.903583,882.264700,121376.800013,121412.153384
649,-1,216.720000,91.453431,842143.464355,477516.709577,799.282600,118739.355559,118777.569791
650,-1,216.360000,91.508803,841981.758970,478324.088212,693.692700,118388.574437,118429.635061
651,-1,216.000000,91.542687,842039.271322,479285.325462,640.161500,117774.707998,117817.411563
652,-1,215.639999,91.552857,841463.655019,479783.162721,614.486399,117950.098204,117993.431275
653,-1,215.279999,91.547896,841892.785394,480994.609445,653.143599,116897.755442,116940.427846
654,-1,214.920000,91.564327,841105.699042,481340.887952,607.448900,117342.600154,117386.349391
655,-1,214.560000,91.576828,841124.119281,482248.841845,596.485900,116810.060193,116854.309969
656,-1,214.199999,91.579305,861235.961275,496804.215293,1275.684500,91992.307162,92027.265115
657,-1,213.840000,91.579197,861203.935748,497478.630611,1285.529200,91641.526138,91676.346015
658,-1,213.479999,91.616941,861392.683074,498293.804178,1242.300600,91032.600007,91068.862247
659,-1,213.120000,91.666193,860715.558116,498534.982501,1151.373500,91466.135768,91504.824897
660,-1,212.760000,91.667695,842777.566105,487675.843786,538.748300,112425.298242,112472.938646
661,-1,212.400000,91.658205,842619.323311,488412.043101,565.000000,112162.212553,112209.201937
662,-1,212.040000,91.625940,842535.783780,489191.127501,638.000000,111817.500196,111862.539263
663,-1,211.680000,91.552825,842692.497378,490113.421916,797.605200,111197.564979,111238.415551
664,-1,211.319999,91.498023,842926.769875,491073.823539,922.384099,110496.002908,110533.780343
665,-1,210.959999,91.450972,842642.944655,491713.163796,1015.405499,110408.307600,110443.720439
666,-1,210.599999,91.420299,842740.838816,492577.003931,1087.594500,109882.136211,109915.905576
667,-1,210.239999,91.388904,842386.108555,493169.365279,1147.695800,109888.100094,109920.394435
668,-1,209.880000,91.338073,841589.202668,493507.787503,1233.088399,110408.307832,110438.423003
669,-1,209.520000,91.298020,841469.226858,494237.054089,1316.137000,110151.199880,110179.472760
670,-1,209.160000,91.258832,841671.391480,495142.395454,1405.134000,109531.355122,109557.796653
671,-1,208.800000,91.310062,841645.344944,495913.419175,1315.171200,109180.574310,109209.120549
672,-1,208.440000,91.363086,841933.646533,496849.711921,1230.769900,108479.012514,108509.718260
673,-1,208.079999,91.412305,842302.128408,497818.819563,1156.842699,107695.600128,107728.325898
674,-1,207.719999,91.369030,843698.540969,499316.970110,1284.479400,105760.459844,105790.657800
675,-1,207.360000,91.322632,842846.094839,499624.063656,1355.997099,106374.326692,106402.675620
676,-1,207.000000,91.397347,843238.919841,500574.341939,1236.318499,105590.800001,105622.209938
677,-1,206.640000,91.403124,844434.029656,501916.089256,1266.618100,103918.860094,103950.028877
678,-1,206.280000,91.531786,845322.564624,503083.048208,1068.283400,102603.431227,102640.109781
679,-1,205.919999,91.514225,845354.440873,503815.316428,1109.025599,102252.650273,102288.369882
680,-1,205.560000,91.557009,845386.885361,504542.998044,1042.000000,101907.399986,101945.039741
681,-1,205.200000,91.660000,845434.839662,505273.211479,869.000000,101551.088313,101593.724442
682,-1,204.839999,91.694563,897211.650806,529944.444616,2504.429900,44198.401171,44217.738885
683,-1,204.480000,91.635339,847687.313831,507700.912660,1000.222500,98487.099987,98527.229806
684,-1,204.119999,91.533424,847192.534637,508157.384188,1168.496300,98750.200076,98785.576782
685,-1,203.760000,91.455649,847025.929984,508761.963031,1305.000000,98657.145563,98688.993664
686,-1,203.400000,91.568380,897562.551679,531306.539989,2625.858700,43321.448643,43337.684153
687,-1,203.039999,91.541826,897616.634576,531625.331018,2650.671900,43146.058296,43161.685010
688,-1,202.679999,91.519452,897673.147587,531942.760502,2672.184599,42970.667889,42985.782545
689,-1,202.320000,91.537693,897569.826271,532192.200619,2658.494700,42970.667738,42986.147578
690,-1,201.960000,91.551333,897468.073850,532442.285093,2648.256800,42970.667932,42986.423720
691,-1,201.600000,91.589872,897530.969065,532757.569567,2624.200400,42795.277279,42811.758306
692,-1,201.239999,91.634776,897596.246166,533071.426879,2595.639700,42619.886863,42637.240919
693,-1,200.879999,91.670358,897827.762435,533446.350670,2579.378500,42269.105939,42287.074829
694,-1,200.520000,91.690712,898144.540017,533848.490614,2577.292700,41830.629724,41848.848373
695,-1,200.159999,91.702370,898300.150598,534185.602144,2576.593200,41567.543999,41585.898680
696,-1,199.800000,91.764778,898293.419640,534460.764324,2533.977300,41479.848655,41499.532676
697,-1,199.439999,91.841332,898536.689823,534823.004413,2489.777300,41129.067817,41150.316148
698,-1,199.080000,91.880793,898946.630932,535238.240787,2478.626800,40605.099959,40626.986766
699,-1,198.719999,91.909337,898949.133224,535508.467281,2461.372600,40515.201066,40537.707620
700,-1,198.359999,91.977042,898951.421605,535777.442793,2416.468599,40427.505777,40451.585376
701,-1,198.000000,92.034148,898955.571859,536045.874999,2379.240600,40339.810534,40365.246715
702,-1,197.639999,92.077094,898627.290035,536207.452431,2339.423400,40602.896396,40629.591523
703,-1,197.280000,92.108745,898632.382873,536476.209440,2320.111900,40517.399953,40544.857371
704,-1,196.920000,92.129320,862227.247678,525667.696608,893.636100,78491.499898,78545.734849
705,-1,196.559999,92.102854,862173.339321,526166.181504,933.318599,78399.545079,78452.377487
706,-1,196.199999,92.092398,862455.489348,526761.117322,963.665099,77961.068849,78013.084321
707,-1,195.840000,92.097436,862404.671208,527255.873878,960.011599,77873.373662,77925.581300
708,-1,195.479999,92.108936,862606.598625,527819.504969,957.123099,77526.800015,77579.347125
709,-1,195.120000,92.124744,859857.683520,527581.340747,835.000000,80241.144987,80296.350714
710,-1,194.760000,92.161233,862352.480695,528760.002759,886.262199,77526.799938,77581.987016
711,-1,194.399999,92.124400,860110.430389,528687.254217,855.000000,79714.973623,79769.799602
712,-1,194.040000,92.189806,860242.622054,529236.594982,773.932199,79451.887821,79509.951551
713,-1,193.679999,92.206691,860463.866034,529804.229674,764.000000,79101.106801,79159.809643
714,-1,193.319999,92.219192,860774.522893,530388.523781,763.708299,78662.630502,78721.671612
715,-1,192.959999,92.244331,861260.393641,531007.506467,753.199200,78048.763952,78108.679918
716,-1,192.599999,92.234679,861922.163971,531657.922817,797.165900,77259.506649,77318.307361
717,-1,192.240000,92.274998,862070.779815,532186.887310,753.000000,77000.599851,77061.338687
718,-1,191.880000,92.283528,861969.694715,532660.017597,741.518800,77000.600038,77061.795483
719,-1,191.519999,92.348297,862391.250959,533239.689994,676.081099,76470.249734,76534.522570
720,-1,191.160000,92.260917,861432.286341,533540.239590,758.103300,77351.400155,77411.662253
721,-1,190.799999,92.178648,861253.570820,534000.921740,866.000000,77439.100056,77495.117221
722,-1,190.439999,92.139591,861599.250574,534559.366817,935.402400,76996.420911,77050.137605
723,-1,190.079999,92.129518,861081.373329,534958.669496,932.652799,77434.897357,77488.412212
724,-1,189.720000,92.159872,861080.022282,535452.058601,894.721300,77351.399929,77406.392791
725,-1,189.360000,92.188820,861086.004882,535945.612732,858.935899,77263.699887,77320.113602
726,-1,189.000000,92.213529,861012.697614,536425.512363,825.729200,77259.506658,77317.198880
727,-1,188.640000,92.248337,861020.824566,536917.751864,782.000000,77175.999927,77235.457699
728,-1,188.280000,92.277344,861213.973130,537435.876156,753.495800,76908.725847,76969.517480
729,-1,187.919999,92.282914,861319.602840,537938.453563,753.000000,76733.335294,76794.285518
730,-1,187.559999,92.320064,861511.355081,538450.256673,713.656300,76474.400137,76537.139171
731,-1,187.200000,92.346125,861449.635060,538926.778030,678.814899,76474.399976,76538.557367
732,-1,186.840000,92.358999,861482.101859,539414.616621,665.385299,76382.554525,76447.340591
733,-1,186.480000,92.381745,861422.322451,539890.835157,634.838699,76386.699992,76452.745888
734,-1,186.120000,92.445337,861722.559055,540405.726843,565.063999,76031.773494,76101.072526
735,-1,185.759999,92.503522,861498.616261,540863.280390,480.039699,76207.163943,76279.970261
736,-1,185.400000,92.495697,861190.139516,541315.075746,479.000000,76470.249695,76542.851036
737,-1,185.039999,92.461833,862544.124669,541916.825199,584.606499,75067.125711,75136.472478
738,-1,184.679999,92.478742,862766.373568,542408.254662,573.800600,74804.040014,74874.097011
739,-1,184.320000,92.452584,860893.129283,542738.090617,529.135800,76645.640169,76715.913737
740,-1,183.959999,92.421709,860941.703005,543224.181508,574.047000,76562.100047,76630.539399
741,-1,183.599999,92.341242,860476.525130,543676.916823,664.000000,76996.421245,77060.747804
742,-1,183.240000,92.325001,860447.665279,544159.837117,685.861699,76996.421174,77059.857756
743,-1,182.879999,92.350560,860421.840200,544642.929327,651.456500,76996.421153,77061.261146
744,-1,182.520000,92.356582,860399.050875,545126.174095,643.351400,76996.421232,77061.594070
745,-1,182.160000,92.359686,860554.564344,545616.163273,646.399600,76821.030634,76886.226579
746,-1,181.800000,92.345443,860625.539595,546101.309612,669.120500,76733.335208,76797.672407
747,-1,181.439999,92.324344,861572.141377,546607.384387,736.412500,75772.800015,75835.193168
748,-1,181.080000,92.299276,861741.143335,547086.746290,776.826300,75593.297166,75654.206209
749,-1,180.719999,92.269809,861119.864722,547553.939909,791.434099,76207.163805,76267.002659
750,-1,180.360000,92.251633,861378.432447,548034.394329,825.990800,75944.078157,76002.758623
751,-1,180.000000,92.248862,861640.019194,548511.562010,840.000000,75680.992338,75739.325620
752,-1,179.640000,92.282482,862079.980584,548984.321563,813.000000,75242.516170,75302.259602
753,-1,179.280000,92.366387,862698.254282,549449.348520,728.000000,74628.649613,74692.345400
754,-1,178.920000,92.422534,863231.697441,549908.278048,677.000000,74102.478219,74168.764089
755,-1,178.559999,92.418090,863500.932139,550367.253836,693.698600,73843.399934,73909.211742
756,-1,178.200000,92.388818,863430.402424,550833.667930,728.000000,73927.087662,73991.387394
757,-1,177.839999,92.344336,863446.450948,551297.887474,785.491099,73927.087803,73989.013564
758,-1,177.479999,92.297225,863377.805744,551765.852745,842.858800,74014.782917,74074.313697
759,-1,177.119999,92.264328,863487.296995,552225.978137,888.890700,73927.087657,73984.855994
760,-1,176.760000,92.246706,863599.647820,552684.856156,915.103099,73839.392275,73896.196936
761,-1,176.400000,92.231531,863802.368544,553136.962864,941.525099,73664.002063,73719.908329
762,-1,176.040000,92.208651,863832.881934,553598.799867,970.985100,73664.001933,73718.766972
763,-1,175.679999,92.215462,864041.188604,554047.224495,969.000000,73488.611413,73543.583771
764,-1,175.320000,92.215768,864164.819262,554500.387630,972.000000,73400.916205,73455.838141
765,-1,174.959999,92.239375,864465.960392,554936.808017,952.000000,73137.830586,73193.728697
766,-1,174.599999,92.253300,864856.993403,555361.428559,948.000000,72787.049639,72843.374091
767,-1,174.240000,92.266570,865250.472275,555781.389990,945.000000,72436.268731,72492.984313
768,-1,173.879999,92.318496,865733.549721,556187.329794,897.000000,71997.792325,72056.778887
769,-1,173.519999,92.360535,866215.006435,556587.926106,862.000000,71563.200165,71623.977671
770,-1,173.160000,92.386262,866532.224632,557002.740565,840.937099,71296.230363,71358.109131
771,-1,172.799999,92.410703,866670.142664,557436.842387,814.000000,71212.399915,71275.479418
772,-1,172.439999,92.476428,866992.246022,557845.454759,743.706800,70945.449551,71011.768723
773,-1,172.080000,92.501947,867312.856601,558250.905392,723.543799,70682.363898,70749.806999
774,-1,171.719999,92.494274,870412.771333,558248.567470,866.730899,67613.030414,67677.149403
775,-1,171.359999,92.444773,870215.171007,558708.291616,914.022100,67876.116029,67937.953028
776,-1,170.999999,92.444673,870107.331983,559157.163094,906.652499,68051.506529,68113.498248
777,-1,170.639999,92.458221,870002.491314,559607.791129,883.001999,68226.896932,68289.739738
778,-1,170.279999,92.453826,869810.566173,560075.589406,876.811300,68493.700164,68556.563174
779,-1,169.919999,92.440107,870233.583699,560437.493538,908.348700,68139.201756,68201.041528
780,-1,169.560000,92.449180,870309.840109,560858.778129,897.538700,68139.201943,68201.502805
781,-1,169.199999,92.484719,870474.884398,561263.142806,859.000000,68051.506417,68115.547375
782,-1,168.839999,92.502018,870470.286638,561699.868310,834.582800,68139.201946,68204.222121
783,-1,168.480000,92.514010,870468.541891,562137.154181,816.444300,68226.896889,68292.626788
784,-1,168.120000,92.526009,870469.656062,562574.982045,798.259900,68314.592228,68381.036856
785,-1,167.759999,92.531246,870559.337969,562994.741376,792.002999,68314.592449,68381.313122
786,-1,167.400000,92.539355,870651.655698,563413.928530,782.315300,68314.592403,68381.741611
787,-1,167.040000,92.556431,870661.144196,563852.195042,758.000000,68402.287499,68470.430937
788,-1,166.680000,92.586749,870844.183528,564250.521673,725.693199,68314.592239,68384.273519
789,-1,166.320000,92.606178,871029.593262,564647.154738,706.471999,68226.897107,68297.539163
790,-1,165.960000,92.630039,871132.284002,565063.354693,678.000000,68226.897138,68298.839759
791,-1,165.600000,92.708218,871407.468163,565435.283411,593.000000,68051.506563,68127.597723
792,-1,165.240000,92.763210,871684.706453,565804.409314,536.000000,67876.115919,67955.127506
793,-1,164.879999,92.781052,873911.139665,565644.606484,621.312300,65683.735149,65761.186239
794,-1,164.520000,92.677879,873935.526755,566066.087596,735.756399,65771.430340,65843.332128
795,-1,164.160000,92.634467,874131.440733,566440.064538,789.733600,65683.735130,65753.229699
796,-1,163.799999,92.629412,874161.122432,566861.206084,791.513200,65771.430186,65840.750529
797,-1,163.439999,92.597192,874109.546748,567307.676320,820.620100,65946.820949,66014.631768
798,-1,163.080000,92.518041,874228.893294,567704.471786,911.904100,65946.820768,66010.558127
799,-1,162.719999,92.494751,874434.467686,568074.460876,942.583299,65859.125479,65921.605101
800,-1,162.359999,92.508670,874558.625574,568469.199916,926.553700,65859.125426,65922.304727
801,-1,161.999999,92.529560,874935.470293,568781.853162,914.116899,65596.039965,65660.020134
802,-1,161.639999,92.570999,874231.750900,569449.658585,827.202900,66472.992224,66539.971215
803,-1,161.279999,92.597868,874779.833465,569704.917917,815.862099,66034.515888,66102.452234
804,-1,160.920000,92.573144,875079.983784,570040.121643,852.296600,65859.125526,65925.596842
805,-1,160.560000,92.554723,874306.825881,570751.819694,830.473199,66823.773128,66890.255026
806,-1,160.200000,92.556675,874530.319200,571117.602099,832.107300,66736.077889,66802.574147
807,-1,159.839999,92.587311,874838.240501,571451.232009,804.276899,66560.687612,66628.609429
808,-1,159.479999,92.620433,875065.738077,571812.627284,769.733699,66472.992379,66542.574052
809,-1,159.120000,92.659221,877097.903632,571484.446510,818.317400,64456.001639,64525.485998
810,-1,158.759999,92.632217,877488.648914,571767.074225,860.855500,64192.916002,64260.717226
811,-1,158.399999,92.612378,877717.484742,572110.267765,887.130699,64105.220685,64171.911601
812,-1,158.040000,92.610393,877704.270202,572549.888277,881.359500,64280.611202,64347.382926
813,-1,157.680000,92.602543,877937.607990,572890.689432,894.171600,64192.916043,64259.195853
814,-1,157.319999,92.597471,878011.043866,573297.136782,895.887300,64280.611239,64346.722943
815,-1,156.960000,92.587078,878248.645753,573634.978954,911.533400,64192.916102,64258.409899
816,-1,156.599999,92.578144,878327.183326,574040.471253,917.614100,64280.611179,64345.741909
817,-1,156.240000,92.569372,878408.487297,574445.966834,923.540699,64368.306372,64433.082502
818,-1,155.879999,92.562995,878412.522394,574887.284192,922.868000,64543.696928,64608.327290
819,-1,155.519999,92.573364,878499.595711,575293.232856,907.222699,64631.392160,64696.635479
820,-1,155.159999,92.586456,878669.029755,575662.287564,892.424100,64631.392252,64697.301697
821,-1,154.800000,92.599797,878920.128334,575992.931587,881.326700,64543.697075,64610.198400
822,-1,154.440000,92.613487,879093.950493,576359.330133,865.872499,64543.697033,64610.901196
823,-1,154.080000,92.666090,879033.450942,576839.628385,794.239199,64806.782546,64877.006753
824,-1,153.720000,92.719766,878898.066042,577360.609626,716.728799,65157.563706,65231.042260
825,-1,153.359999,92.754155,878531.782654,578002.367529,648.000000,65771.430289,65847.490477
826,-1,153.000000,92.780455,878874.511956,578291.540835,626.256999,65596.039908,65673.354371
827,-1,152.639999,92.745625,879530.089713,578416.363092,691.459300,65069.868391,65144.651429
828,-1,152.279999,92.694626,879408.604391,578942.047736,733.000000,65420.649357,65493.065782
829,-1,151.919999,92.609835,879288.306076,579472.113277,813.870800,65775.000094,65843.294849
830,-1,151.560000,92.570476,878638.889723,580293.831778,816.000000,66736.077886,66803.294590
831,-1,151.199999,92.531080,878301.805096,580957.645411,834.843500,67349.944740,67415.714618
832,-1,150.839999,92.464170,878047.347928,581584.208134,891.000000,67876.115967,67938.938899
833,-1,150.479999,92.415961,877798.452100,582215.239353,926.015100,68402.287592,68463.142748
834,-1,150.119999,92.407250,877631.202106,582807.005230,918.000000,68840.763904,68901.567975
835,-1,149.759999,92.356946,877544.815796,583358.029390,964.107600,69191.544754,69250.129344
836,-1,149.400000,92.348940,877538.492318,583866.845301,963.000000,69454.630229,69513.038480
837,-1,149.039999,92.307212,877385.809552,584467.339179,996.000000,69893.106585,69949.812445
838,-1,148.680000,92.284443,877388.159613,584979.967419,1013.325700,70156.192401,70211.993039
839,-1,148.319999,92.259451,877543.850903,585401.869790,1040.514800,70243.887570,70298.541430
840,-1,147.959999,92.238187,877628.143385,585869.776663,1059.769700,70419.277969,70473.041206
841,-1,147.600000,92.204538,877790.004938,586291.087500,1097.812400,70506.973359,70559.196151
842,-1,147.240000,92.192327,877954.807430,586711.837315,1109.503600,70594.668515,70646.378281
843,-1,146.879999,92.183723,878049.102845,587179.922337,1113.432400,70770.058992,70821.490886
844,-1,146.520000,92.183583,878290.027888,587553.691602,1113.458600,70773.899942,70825.328049
845,-1,146.159999,92.169805,877301.422582,588751.883104,1074.163799,72260.878070,72312.725725
846,-1,145.799999,92.160171,878570.877392,588438.112078,1132.641399,71033.144811,71083.659714
847,-1,145.440000,92.153087,878895.121166,588756.712490,1144.733800,70945.449482,70995.571447
848,-1,145.080000,92.187111,879005.328623,589223.415625,1095.844300,71120.840110,71172.687560
849,-1,144.720000,92.216833,877472.551505,590855.277191,974.028699,73313.221065,73368.130147
850,-1,144.360000,92.196369,877525.976267,591383.775478,990.162100,73576.306852,73630.399674
851,-1,144.000000,92.180154,877583.688094,591913.267857,1001.000000,73839.392481,73892.879628
852,-1,143.639999,92.169994,877998.809967,592183.767972,1020.758500,73664.001874,73716.865490
853,-1,143.279999,92.148255,877993.205319,592765.369499,1035.588300,74014.782762,74066.838634
854,-1,142.919999,92.137650,878482.317530,592978.639086,1059.128000,73751.697306,73803.056951
855,-1,142.560000,92.113558,878414.726130,593614.016096,1074.000000,74190.173368,74240.679710
856,-1,142.199999,92.076538,878699.274117,593983.242720,1122.000000,74190.173501,74238.925089
857,-1,141.840000,92.076538,878986.136404,594350.673743,1122.000000,74190.173343,74238.924932
858,-1,141.479999,92.058183,879618.361518,594443.217849,1161.555200,73751.697111,73799.307165
859,-1,141.120000,92.033812,879908.095518,594804.865092,1192.966000,73751.697170,73798.185800
860,-1,140.760000,92.033180,880200.096247,595164.684910,1193.780900,73751.697197,73798.156911
861,-1,140.400000,92.072333,880423.693897,595581.116492,1140.000000,73843.399930,73891.727218
862,-1,140.040000,92.094519,881126.940194,595597.172563,1130.758400,73313.221009,73362.234735
863,-1,139.679999,92.119702,880420.956697,596800.474618,1049.804500,74628.649465,74679.750273
864,-1,139.319999,92.053825,880392.962331,597442.846365,1120.000000,75067.125790,75115.379869
865,-1,138.960000,92.034464,881164.537887,597396.511484,1167.204800,74453.259279,74500.220216
866,-1,138.600000,92.054277,880551.861291,598560.300166,1097.387200,75680.992396,75729.662535
867,-1,138.239999,92.097116,882044.924250,597864.691978,1098.530100,74102.478115,74152.142494
868,-1,137.880000,92.132597,882291.060897,598269.841102,1049.312900,74190.173238,74241.594143
869,-1,137.519999,92.209418,882475.432575,598733.067209,942.930500,74365.564044,74420.889093
870,-1,137.160000,92.246409,882920.670202,598957.421091,901.726400,74190.173442,74247.232854
871,-1,136.799999,92.260501,883174.775665,599358.262153,879.989700,74277.868669,74335.714954
872,-1,136.440000,92.237643,880444.987161,602598.202852,745.190100,78487.240146,78547.133943
873,-1,136.079999,92.184270,878511.908022,605144.378862,698.000000,81644.268630,81703.633084
874,-1,135.720000,92.072109,877864.353215,606492.379775,807.280100,83047.392776,83101.731927
875,-1,135.359999,91.983137,877543.447689,607542.619472,903.000000,84012.040114,84062.388878
876,-1,135.000000,91.943822,877171.409391,608661.164151,925.000000,85064.383119,85113.360307
877,-1,134.640000,91.913680,876811.096463,609786.684866,934.639599,86116.726033,86164.782618
878,-1,134.280000,91.905295,876646.259194,610730.725957,921.000000,86905.983301,86954.056104
879,-1,133.920000,91.851563,875091.825951,613132.091561,911.870500,89712.230924,89759.095289
880,-1,133.560000,91.806612,874532.162373,614538.589076,938.068199,91115.354809,91160.668185
881,-1,133.200000,91.859330,874407.975285,615507.140945,828.526299,91904.612107,91953.025519
882,-1,132.839999,91.837519,874114.615964,616672.746225,829.787700,92956.954954,93004.780118
883,-1,132.480000,91.769497,874188.789372,617456.593739,924.000000,93483.126151,93527.725714
884,-1,132.120000,91.765216,874858.490788,617591.712891,941.802200,93132.345312,93176.562701
885,-1,131.759999,91.780194,874534.485531,618833.211720,882.000000,94272.383365,94317.905111
886,-1,131.399999,91.725636,874629.602466,619621.007389,956.000000,94798.554803,94841.566765
887,-1,131.040000,91.738162,874789.733380,620344.224118,921.950800,95237.031101,95280.871825
888,-1,130.679999,91.765471,874956.489280,621068.222998,863.000000,95675.507260,95720.945200
889,-1,130.319999,91.660253,929774.095852,557404.285038,3473.944500,11663.466857,11668.365245
890,-1,129.960000,91.562178,929830.119034,557451.527725,3493.925000,11663.466784,11667.803373
891,-1,129.600000,91.478633,929886.437819,557498.417723,3510.943799,11663.466977,11667.352006
892,-1,129.239999,91.410078,929942.649977,557545.443220,3524.892600,11664.100006,11667.633240
893,-1,128.880000,91.341968,930054.999489,557522.863869,3540.835400,11575.771775,11578.947617
894,-1,128.520000,91.301853,930165.989425,557500.215292,3550.923100,11488.700065,11491.666354
895,-1,128.160000,91.303709,930222.992920,557544.503589,3550.565000,11488.076505,11491.051098
896,-1,127.800000,91.341653,930333.637384,557519.630279,3545.006800,11400.381197,11403.507452
897,-1,127.439999,91.385196,930443.687032,557493.726132,3538.458499,11312.686002,11315.992889
898,-1,127.079998,91.434770,930500.259098,557536.760166,3528.664500,11312.686044,11316.233926
899,-1,126.720000,91.529159,930609.169313,557509.632268,3512.340300,11225.599955,11229.599117
900,-1,126.360000,91.619828,930666.199054,557551.135466,3494.579900,11224.990752,11229.478140
901,-1,125.999999,91.663263,888661.616725,615485.473337,1408.153500,82784.307096,82819.200841
902,-1,125.640000,91.626948,889083.383926,615789.885130,1460.667100,82784.306960,82817.693114
903,-1,125.280000,91.646204,889251.194942,616453.273567,1420.090900,83227.299825,83261.664130
904,-1,124.920000,91.666336,889480.818499,617037.882306,1380.749700,83573.564258,83608.920994
905,-1,124.559999,91.466779,877770.875711,634963.461284,1124.000000,104976.900146,105011.308737
906,-1,124.199999,91.547959,876543.930003,637942.321796,890.000000,108128.231444,108167.705801
907,-1,123.839999,91.474906,875983.823183,639997.731727,976.028500,110145.221976,110181.725870
908,-1,123.479999,91.380534,873754.005136,644623.709352,1034.984000,115231.545892,115265.003547
909,-1,123.119999,91.311955,873640.403657,646122.921248,1142.857600,116546.974528,116577.534914
910,-1,122.760000,91.306480,873732.975323,647332.324013,1132.000000,117511.622199,117542.178838
911,-1,122.400000,91.293875,874026.209316,648248.210961,1144.000000,118125.488915,118155.615226
912,-1,122.039999,91.279915,874421.502161,649015.619203,1163.000000,118563.964978,118593.553981
913,-1,121.679999,91.306961,874823.948534,649781.982828,1097.000000,119002.441218,119033.408318
914,-1,121.319999,91.246763,875142.380312,650697.074502,1208.732699,119616.308017,119644.632963
915,-1,120.960000,91.194522,875560.084201,651461.739639,1308.702699,120054.784239,120080.880104
916,-1,120.599999,91.184706,875940.311131,652300.658237,1318.399699,120580.955699,120606.736835
917,-1,120.239999,91.128073,876372.817812,653063.083221,1429.000000,121019.431933,121042.891747
918,-1,119.880000,91.203294,876768.802256,653900.193423,1259.000000,121545.603291,121572.412742
919,-1,119.519999,91.252227,877345.749921,654431.193346,1151.315000,121720.993701,121750.070250
920,-1,119.160000,91.272514,878140.630549,654576.192728,1114.038100,121457.907863,121487.869499
921,-1,118.799999,91.272925,878974.041612,654644.306437,1120.816400,121113.700044,121143.596041
922,-1,118.440000,91.255857,879770.462263,654771.698570,1162.824299,120844.041404,120873.076110
923,-1,118.080000,91.238846,892572.694861,632388.165581,1756.159600,95066.800049,95089.026669
924,-1,117.720000,91.215996,892939.820767,632973.625040,1786.754500,95412.421545,95433.913497
925,-1,117.360000,91.148208,893390.778199,633406.581852,1896.172000,95587.811957,95607.009316
926,-1,117.000000,91.091065,893725.988814,634071.611362,1983.190400,96026.288332,96043.701679
927,-1,116.640000,91.098886,894146.472225,634578.993221,1965.031900,96289.374074,96307.086385
928,-1,116.280000,91.056527,894530.465224,635167.793552,2029.678400,96645.399883,96661.833341
929,-1,115.920000,91.094183,893046.428494,639610.523512,1877.467000,101288.002695,101306.475346
930,-1,115.560000,91.154064,893657.527009,639807.796083,1773.334700,101200.307493,101220.839920
931,-1,115.199999,91.150845,894344.032854,639842.290765,1784.307300,100937.221634,100957.586589
932,-1,114.840000,91.092282,894216.435012,641627.631354,1855.643200,102609.000030,102627.648607
933,-1,114.480000,91.065290,894950.009988,641572.309615,1910.625499,102252.650413,102270.326977
934,-1,114.120000,91.015267,895428.050699,642076.811887,1995.265199,102515.736118,102531.832686
935,-1,113.760000,91.032347,895910.762660,642578.971315,1959.954100,102778.821773,102795.507278
936,-1,113.399999,90.980203,896328.479344,643239.714744,2046.018900,103217.298045,103232.404508
937,-1,113.040000,90.963186,896718.549430,643979.606637,2067.838000,103743.469547,103758.130332
938,-1,112.680000,90.913301,897283.203485,644318.946838,2156.698600,103836.800128,103849.993341
939,-1,112.320000,90.918820,897854.800767,644644.530504,2145.377700,103918.859808,103932.223527
940,-1,111.960000,91.023371,898066.063796,645866.595317,1936.899000,104971.202871,104987.949183
941,-1,111.600001,90.933743,936578.507768,550386.912261,3779.136499,2016.990433,2017.258307
942,-1,111.239998,90.789598,936590.305645,550391.540533,3784.212000,2016.990417,2017.181964
943,-1,110.880001,90.644602,936602.093023,550396.197020,3789.315900,2017.100132,2017.227793
944,-1,110.520002,90.511108,936613.987028,550400.574308,3794.017000,2016.990607,2017.070862
945,-1,110.160005,90.380994,936625.869878,550404.979154,3798.597700,2016.990432,2017.035026
946,-1,109.800002,90.251657,936637.780287,550409.309526,3803.150899,2016.990473,2017.009929
947,-1,109.440000,90.123093,936649.717599,550413.565095,3807.676800,2016.990650,2016.995304
948,-1,109.080000,89.995287,936661.681486,550417.745205,3812.176000,2016.990452,2016.990459
949,-1,108.720001,89.868230,936673.671291,550421.850184,3816.648800,2016.990405,2016.995739
950,-1,108.359999,89.744939,936685.686687,550425.880031,3820.989100,2016.990616,2017.010602
951,-1,108.000004,89.628539,936724.826373,550346.430715,3824.518300,1929.295185,1929.335731
952,-1,107.639998,89.508706,936736.367032,550350.140681,3828.553600,1929.295395,1929.366323
953,-1,107.279997,89.389537,936747.930657,550353.777813,3832.566700,1929.295404,1929.404916
954,-1,106.919996,89.271021,936759.516920,550357.342111,3836.558000,1929.295306,1929.451471
955,-1,106.560001,89.153192,936771.095309,550360.933967,3840.527900,1929.400033,1929.610777
956,-1,106.199996,89.038357,936782.755391,550364.252202,3844.394100,1929.295369,1929.567139
957,-1,105.839995,88.902326,936890.153142,550030.136400,3842.255000,1578.514216,1578.803941
958,-1,105.479998,88.753638,936899.702992,550032.813560,3846.353099,1578.514227,1578.887775
959,-1,105.119993,88.587595,936932.144200,549950.771401,3848.767900,1490.819062,1491.272145
960,-1,104.760005,88.420836,936941.173709,549953.264507,3853.112100,1490.900017,1491.466471
961,-1,104.399996,88.255431,936950.259977,549955.544358,3857.417300,1490.819149,1491.510493
962,-1,104.040001,88.082047,936959.320326,549957.923618,3861.936000,1490.899872,1491.735575
963,-1,103.680004,87.899238,936968.434153,549960.089296,3866.695800,1490.819274,1491.821917
964,-1,103.319993,87.716529,936977.542731,549962.275972,3871.456800,1490.819176,1492.003930
965,-1,102.959999,87.534020,936986.664432,549964.405232,3876.213800,1490.819041,1492.200901
966,-1,102.599993,87.351722,936995.799584,549966.477407,3880.966600,1490.819111,1492.413020
967,-1,102.240004,87.169643,937004.947204,549968.491838,3885.715100,1490.818964,1492.639813
968,-1,101.880003,86.987707,937014.090886,549970.528252,3890.465600,1490.899989,1492.962840
969,-1,101.519995,86.806185,937023.280172,549972.348786,3895.198399,1490.819227,1493.138393
970,-1,101.160004,86.624827,937032.464209,549974.190318,3899.932800,1490.818944,1493.409363
971,-1,100.799994,86.443733,937041.660057,549975.974435,3904.662100,1490.818902,1493.695213
972,-1,100.440005,86.316428,937050.866403,549977.700810,3907.987800,1490.819027,1493.905315
973,-1,100.079995,86.196640,937060.083904,549979.369441,3911.118000,1490.819198,1494.109855
974,-1,99.719999,86.076676,937069.297797,549981.059399,3914.259200,1490.899856,1494.401973
975,-1,99.359994,85.957168,937078.549091,549982.532165,3917.378300,1490.818980,1494.537952
976,-1,98.999997,85.837524,937087.796119,549984.026584,3920.507400,1490.819020,1494.761859
977,-1,98.640000,85.717971,937097.052334,549985.462933,3923.635100,1490.819122,1494.992239
978,-1,98.280004,85.603418,937106.317408,549986.840883,3926.632900,1490.819010,1495.218949
979,-1,97.920005,85.490432,937115.591011,549988.160762,3929.590600,1490.819059,1495.448642
980,-1,97.560002,85.377316,937124.872817,549989.422243,3932.552600,1490.818991,1495.684378
981,-1,97.199994,85.260982,937134.162496,549990.625652,3935.599900,1490.819178,1495.933240
982,-1,96.840005,85.139878,937143.459066,549991.770335,3938.773200,1490.819092,1496.198666
983,-1,96.479996,85.017362,937113.175334,550341.396604,3972.566900,1841.599991,1848.585679
984,-1,96.120004,84.891882,937124.676295,550342.666287,3976.631500,1841.599956,1848.943104
985,-1,95.760002,84.762674,937136.175288,550343.963200,3980.827699,1841.699910,1849.420975
986,-1,95.400004,84.629415,937147.701511,550344.989117,3985.138700,1841.600206,1849.720204
987,-1,95.039999,84.496445,937159.224782,550346.041608,3989.451300,1841.599943,1850.128571
988,-1,94.680000,84.363776,937170.746085,550347.121659,3993.766000,1841.700010,1850.646950
989,-1,94.319999,84.231165,937182.289697,550347.929728,3998.061000,1841.599887,1850.974090
990,-1,93.959996,84.098866,937193.830684,550348.765356,4002.357800,1841.600147,1851.411178
991,-1,93.599997,83.966804,937205.376593,550349.528150,4006.648900,1841.600111,1851.857239
992,-1,93.239996,83.834982,937216.927095,550350.218437,4010.934299,1841.600127,1852.312572
993,-1,92.880002,83.699216,937228.481534,550350.835890,4015.350100,1841.599904,1852.791775
994,-1,92.519997,83.563149,937240.039909,550351.381165,4019.778100,1841.600099,1853.283159
995,-1,92.160001,83.427303,937251.601238,550351.853605,4024.201200,1841.600104,1853.784239
996,-1,91.799998,83.291697,937263.165519,550352.253210,4028.618900,1841.599917,1854.294914
997,-1,91.439998,83.156410,937274.729473,550352.680375,4033.040700,1841.699992,1854.916005
998,-1,91.079997,83.021276,937286.300316,550352.834902,4037.436000,1841.600046,1855.345673
999,-1,90.720003,82.886544,937297.868534,550353.116725,4041.845200,1841.700130,1855.985868
1000,-1,90.360004,82.735907,937309.440361,550353.125584,4046.751500,1841.599926,1856.500421
1001,-1,90.000000,82.549292,937321.011532,550353.162001,4052.849700,1841.599991,1857.281411
