"OBJECTID","FEATURE_ID","HORIZ_ANG","ZENITH_ANG","VERTEX_X","VERTEX_Y","VERTEX_Z","DIST_2D","DIST_3D"
1,-1,90.000000,87.314146,933819.131069,545704.928187,2818.227799,175.390397,175.583279
2,-1,89.639990,87.228917,933820.233101,545704.924906,2818.489300,175.390578,175.595909
3,-1,89.280006,87.143818,933821.335133,545704.923922,2818.750900,175.399980,175.618141
4,-1,88.920022,87.058552,933822.436836,545704.897019,2819.012100,175.390385,175.621767
5,-1,88.560005,86.973554,933823.538868,545704.882255,2819.273500,175.399858,175.644835
6,-1,88.199989,86.888339,933824.640244,545704.841573,2819.534600,175.390328,175.649298
7,-1,87.839981,86.803335,933825.741620,545704.803515,2819.795600,175.390347,175.663677
8,-1,87.479995,86.718346,933826.842668,545704.758568,2820.056600,175.390392,175.678470
9,-1,87.120018,86.633404,933827.943387,545704.706731,2820.317500,175.390463,175.693669
10,-1,86.760035,86.548510,933829.043779,545704.648004,2820.578299,175.390561,175.709275
11,-1,86.400025,86.463691,933830.143842,545704.582059,2820.838900,175.390357,175.724953
12,-1,86.039989,86.379058,933831.244234,545704.519067,2821.099600,175.400046,175.750895
13,-1,85.680002,86.294236,933832.342657,545704.429829,2821.359700,175.390339,175.757827
14,-1,85.320001,86.209711,933833.442064,545704.353057,2821.620200,175.400063,175.784559
15,-1,84.960048,86.125010,933834.539174,545704.250039,2821.880000,175.390363,175.792246
16,-1,84.600054,86.040508,933835.636613,545704.149973,2822.139899,175.390557,175.810195
17,-1,84.240043,85.956203,933836.734380,545704.052205,2822.399900,175.399992,175.837752
18,-1,83.880047,85.871743,933837.829522,545703.928845,2822.659100,175.390627,175.846879
19,-1,83.520004,85.787449,933838.924992,545703.807783,2822.918500,175.390506,175.865623
20,-1,83.160027,85.703237,933840.019478,545703.679830,2823.177700,175.390352,175.884699
21,-1,82.800007,85.619149,933841.113308,545703.545316,2823.436600,175.390529,175.904463
22,-1,82.439994,85.535250,933842.207466,545703.413098,2823.695700,175.399951,175.933837
23,-1,82.080051,85.451182,933843.298015,545703.255290,2823.953899,175.390453,175.944657
24,-1,81.719993,85.367313,933844.389220,545703.100107,2824.212300,175.390570,175.965455
25,-1,81.360037,85.283559,933845.479113,545702.938034,2824.470400,175.390604,175.986523
26,-1,80.999954,85.199923,933846.568350,545702.769071,2824.728200,175.390652,176.007957
27,-1,80.640048,85.116369,933847.655946,545702.593218,2824.985799,175.390563,176.029611
28,-1,80.279984,85.033043,933848.744527,545702.419990,2825.243600,175.400148,176.061294
29,-1,79.919969,84.949548,933849.828514,545702.220843,2825.500300,175.390336,176.073931
30,-1,79.559997,84.866288,933850.912829,545702.024650,2825.757199,175.390413,176.096809
31,-1,79.200039,84.783177,933851.995832,545701.821566,2826.013700,175.390399,176.119933
32,-1,78.839976,84.700152,933853.077851,545701.611593,2826.270000,175.390357,176.143380
33,-1,78.479992,84.617377,933854.160198,545701.404244,2826.526500,175.399880,176.176738
34,-1,78.120029,84.534598,933855.239264,545701.180819,2826.782200,175.399918,176.200946
35,-1,77.760023,84.451936,933856.317018,545700.950505,2827.037600,175.399867,176.225405
36,-1,77.400059,84.369262,933857.391163,545700.704442,2827.292200,175.390586,176.240965
37,-1,77.040030,84.286839,933858.465964,545700.460676,2827.547000,175.390612,176.266174
38,-1,76.680019,84.204531,933859.539124,545700.210021,2827.801500,175.390482,176.291561
39,-1,76.320035,84.122382,933860.610645,545699.952803,2828.055600,175.390512,176.317431
40,-1,75.960039,84.040507,933861.682821,545699.697883,2828.309899,175.399853,176.352945
41,-1,75.600043,83.958476,933862.748764,545699.418028,2828.562800,175.390417,176.369997
42,-1,75.239968,83.876866,933863.817987,545699.149983,2828.816500,175.400162,176.406568
43,-1,74.879969,83.795131,933864.880321,545698.856677,2829.068600,175.390648,176.424179
44,-1,74.520015,83.713790,933865.945608,545698.574853,2829.321600,175.399914,176.460913
45,-1,74.159983,83.632332,933867.004333,545698.268424,2829.573000,175.390638,176.479399
46,-1,73.800032,83.551194,933868.063386,545697.964290,2829.824500,175.390586,176.507417
47,-1,73.440002,83.470301,933869.123423,545697.662454,2830.076400,175.399937,176.545177
48,-1,73.080043,83.389288,933870.175914,545697.336011,2830.326600,175.390476,176.564407
49,-1,72.720047,83.308719,933871.232014,545697.021051,2830.577699,175.399974,176.602924
50,-1,72.359986,83.228034,933872.280569,545696.681156,2830.827000,175.390348,176.622587
51,-1,71.999961,83.147675,933873.329779,545696.343887,2831.076500,175.390347,176.652180
52,-1,71.639987,83.067439,933874.376693,545696.000055,2831.325700,175.390321,176.682060
53,-1,71.279947,82.987394,933875.421639,545695.649662,2831.574400,175.390371,176.712300
54,-1,70.920000,82.907665,933876.467240,545695.301894,2831.823399,175.400042,176.752469
55,-1,70.560024,82.827829,933877.504312,545694.929191,2832.070400,175.390282,176.773453
56,-1,70.200046,82.748295,933878.542367,545694.559441,2832.317800,175.390558,176.804785
57,-1,69.840012,82.668935,933879.578126,545694.182802,2832.564700,175.390497,176.836060
58,-1,69.479943,82.589764,933880.611589,545693.799600,2832.811100,175.390412,176.867586
59,-1,69.119994,82.510930,933881.645708,545693.419024,2833.057800,175.399939,176.909019
60,-1,68.760021,82.431963,933882.670640,545693.014169,2833.302500,175.390431,176.931653
61,-1,68.400001,82.353359,933883.696556,545692.611611,2833.547400,175.390345,176.963988
62,-1,68.040029,82.274918,933884.719848,545692.202819,2833.791900,175.390420,176.996763
63,-1,67.679959,82.198498,933885.744453,545691.796324,2834.031500,175.400041,177.038661
64,-1,67.320020,82.131499,933886.762495,545691.374737,2834.240500,175.400134,177.067244
65,-1,66.959998,82.064537,933887.774304,545690.937730,2834.448099,175.390519,177.086261
66,-1,66.599996,81.997932,933888.787097,545690.503347,2834.656000,175.390629,177.115192
67,-1,66.240028,81.931528,933889.796938,545690.062403,2834.863300,175.390468,177.144009
68,-1,65.880024,81.865345,933890.804154,545689.615226,2835.070000,175.390468,177.173139
69,-1,65.519999,81.692825,934146.179955,546247.845408,2925.241100,789.257124,797.626052
70,-1,65.159989,81.549914,934150.704881,546245.815229,2927.258800,789.300045,797.962523
71,-1,64.800012,81.451199,934155.180265,546243.679078,2928.642600,789.257145,798.124619
72,-1,64.439994,81.353244,934159.660900,546241.553426,2930.022800,789.257139,798.330949
73,-1,64.080006,81.255964,934164.127754,546239.399887,2931.394200,789.257188,798.538328
74,-1,63.720000,81.159371,934168.581157,546237.218133,2932.756599,789.257139,798.746527
75,-1,63.359995,81.063467,934173.020781,546235.008492,2934.110000,789.257144,798.955650
76,-1,62.999998,80.968264,934177.446297,546232.770963,2935.454199,789.257055,799.165474
77,-1,62.639999,80.787459,936519.429802,550747.855437,3762.956300,5875.581019,5952.359030
78,-1,62.279999,80.617070,934145.463421,546150.582480,2925.928100,701.562050,711.075688
79,-1,61.920009,80.456755,934149.376799,546148.553284,2927.952000,701.599903,711.445780
80,-1,61.559999,80.366092,934153.241621,546146.432553,2929.087400,701.561836,711.597371
81,-1,61.199999,80.276179,934157.129409,546144.354474,2930.226899,701.599908,711.826481
82,-1,60.839998,80.179679,936596.549727,550507.300144,3796.675900,5700.190563,5784.954778
83,-1,60.479999,80.090259,936627.770793,550489.750967,3805.841100,5700.190510,5786.524980
84,-1,60.120001,80.003121,936702.569528,550548.044157,3830.235300,5787.885926,5877.116943
85,-1,59.760001,79.912639,936734.044530,550529.827986,3839.662200,5787.885843,5878.760650
86,-1,59.399998,79.820264,936899.326352,550737.863331,3896.532400,6050.971651,6147.748415
87,-1,59.039999,79.655447,937022.391723,550869.098961,3946.585600,6226.699954,6329.582857
88,-1,58.680001,79.500908,937010.116485,550773.662472,3947.634000,6138.666924,6243.191709
89,-1,58.319998,79.348226,937043.003230,550753.509297,3964.562500,6138.666795,6246.298470
90,-1,57.960000,79.248038,937075.762351,550733.150086,3975.679999,6138.666649,6248.362833
91,-1,57.599999,79.134059,937061.403784,550638.542008,3971.503500,6050.971529,6161.440321
92,-1,57.239999,79.039722,937093.440465,550618.069608,3981.836800,6050.971664,6163.396755
93,-1,56.880001,78.938326,937173.263796,550670.843452,4010.094800,6138.666815,6254.874722
94,-1,56.519999,78.826494,937350.631552,550869.101586,4074.505099,6401.752665,6525.443305
95,-1,56.159999,78.619392,937432.946348,550919.646432,4116.216600,6489.447745,6619.602242
96,-1,55.800000,78.402555,937466.741884,550896.834142,4141.790700,6489.447957,6624.696314
97,-1,55.439999,78.225992,937500.593194,550874.099607,4162.717500,6489.800027,6629.279676
98,-1,55.080000,78.051644,937483.699855,550778.668368,4164.704600,6401.752589,6543.520517
99,-1,54.719999,77.934590,937516.809369,550755.823269,4178.449100,6402.100024,6546.719610
100,-1,54.360001,77.813001,937600.675671,550803.760509,4211.603000,6489.800064,6639.427372
101,-1,53.999998,77.666087,937633.532889,550779.611279,4228.952600,6489.447810,6642.767448
102,-1,53.639998,77.540051,937666.444568,550755.541117,4243.917400,6489.447737,6645.980067
103,-1,53.279998,77.428166,937699.414975,550731.547071,4257.292700,6489.799977,6649.222504
104,-1,52.919999,77.304058,937784.900040,550777.030576,4291.814100,6577.499834,6742.349523
105,-1,52.559999,77.162676,937817.792691,550752.009628,4308.877900,6577.500047,6746.120502
106,-1,52.199999,76.991147,937850.308374,550726.500165,4329.523500,6577.142874,6750.389622
107,-1,51.840000,76.803433,937883.102600,550701.349953,4352.322900,6577.499954,6755.905977
108,-1,51.480000,76.635074,937915.517561,550675.713193,4372.727100,6577.499796,6760.593136
109,-1,51.119999,76.552305,937947.547025,550649.595791,4382.683399,6577.143167,6762.554644
110,-1,50.760000,76.473645,937979.861264,550623.831735,4392.318199,6577.500023,6765.148737
111,-1,50.400001,76.395213,938011.559692,550597.313744,4401.759999,6577.143063,6767.016386
112,-1,50.040000,76.328369,938099.873492,550638.367139,4431.304800,6665.200147,6859.557002
113,-1,49.679998,76.243838,938188.398249,550677.956299,4463.104100,6752.533512,6951.939441
114,-1,49.319999,76.177850,938220.899168,550650.680107,4471.439700,6752.900193,6954.282342
115,-1,48.959998,76.114389,938252.748514,550622.645386,4479.283500,6752.533497,6955.804485
116,-1,48.600000,76.060249,938342.655486,550660.469129,4507.822600,6840.228765,7047.789096
117,-1,48.239999,76.035120,938374.804700,550631.945892,4511.007800,6840.228846,7048.557172
118,-1,47.880000,76.034445,938347.957969,550538.174098,4489.284499,6752.533654,6958.211493
119,-1,47.519999,76.041359,938379.338484,550509.619693,4488.419200,6752.533408,6958.002475
120,-1,47.159999,76.061182,938410.788224,550481.137795,4486.029800,6752.899972,6957.782256
121,-1,46.800000,76.063220,938441.809159,550452.190018,4485.774900,6752.899946,6957.720834
122,-1,46.440000,76.103695,938472.647680,550423.048016,4480.711600,6752.900057,6956.503175
123,-1,46.080006,76.066133,934609.965117,546350.762197,3092.861500,1140.100004,1174.665334
124,-1,45.719999,76.011197,934615.109464,546345.776971,3094.022200,1140.099998,1174.945367
125,-1,45.360006,75.956094,934620.178679,546340.715629,3095.171500,1140.038052,1175.163625
126,-1,44.999999,75.901540,934625.303669,546335.710390,3096.340800,1140.100224,1175.508220
127,-1,44.639991,75.811135,934567.910739,546268.966429,3076.066100,1052.342960,1085.456989
128,-1,44.279995,75.683825,934572.582646,546264.286977,3078.569800,1052.399945,1086.128622
129,-1,43.920006,75.558348,934577.143004,546259.498928,3081.011300,1052.342794,1086.679567
130,-1,43.559990,75.433026,934581.756184,546254.761077,3083.482000,1052.400058,1087.353800
131,-1,43.199989,75.309541,934586.256175,546249.915942,3085.889700,1052.342915,1087.906584
132,-1,42.839998,75.241537,934590.808987,546245.120676,3087.240000,1052.399960,1088.304964
133,-1,42.480001,75.187792,934595.289950,546240.258153,3088.296000,1052.400134,1088.574621
134,-1,42.120006,75.134182,934599.740072,546235.367415,3089.349800,1052.400054,1088.844426
135,-1,41.759998,75.080718,934604.159682,546230.448790,3090.401300,1052.400187,1089.114797
136,-1,41.399995,75.027176,934608.505146,546225.464548,3091.439499,1052.342855,1089.327167
137,-1,41.040001,74.974000,934612.862093,546220.491132,3092.486300,1052.342843,1089.598077
138,-1,40.680003,74.920973,934617.187872,546215.490486,3093.530700,1052.342986,1089.869450
139,-1,40.319998,74.863430,934621.525461,546210.499354,3094.679999,1052.399835,1090.223883
140,-1,39.959998,74.804611,934625.744613,546205.407829,3095.824299,1052.342966,1090.468362
141,-1,39.599998,74.736589,934562.404845,546144.427308,3073.235700,964.647617,999.919026
142,-1,39.240006,74.617261,934566.253590,546139.745231,3075.395600,964.647699,1000.489883
143,-1,38.880007,74.498536,934570.113491,546135.071684,3077.561500,964.699898,1001.116901
144,-1,38.519993,74.381233,934573.903509,546130.341050,3079.689700,964.699950,1001.687840
145,-1,38.160002,74.266175,934577.622334,546125.554642,3081.764800,964.647649,1002.198181
146,-1,37.799999,74.153313,934581.393652,546120.809245,3083.831800,964.700046,1002.811065
147,-1,37.439994,74.042585,934585.052109,546115.976250,3085.832500,964.647659,1003.308863
148,-1,37.080000,73.956521,934588.763388,546111.183936,3087.415700,964.700029,1003.795605
149,-1,36.719994,73.903368,934592.360822,546106.305337,3088.369800,964.647632,1004.009362
150,-1,36.359994,73.850651,934595.969410,546101.435596,3089.331500,964.647557,1004.276354
151,-1,36.000001,73.798164,934599.547487,546096.543546,3090.289600,964.647766,1004.543464
152,-1,35.639998,73.745899,934603.094724,546091.628857,3091.244100,964.647801,1004.810243
153,-1,35.279996,73.693860,934606.610793,546086.691859,3092.194900,964.647590,1005.076581
154,-1,34.919995,73.642280,934610.139001,546081.763063,3093.153300,964.700109,1005.396485
155,-1,34.559994,73.590712,934613.593063,546076.782102,3094.096600,964.700055,1005.662505
156,-1,34.199995,73.539382,934617.015628,546071.779488,3095.035999,964.699864,1005.928103
157,-1,33.839989,73.488302,934620.407025,546066.755547,3095.971399,964.699993,1006.193678
158,-1,33.479999,73.437251,934623.722964,546061.681739,3096.891200,964.647759,1006.405415
159,-1,33.119997,73.386879,934627.094348,546056.644347,3097.830100,964.699944,1006.723472
160,-1,32.760002,73.336340,934630.346310,546051.529200,3098.741400,964.647707,1006.934355
161,-1,32.399990,73.286476,934633.654374,546046.449814,3099.672100,964.700085,1007.251796
162,-1,32.039996,73.236660,934636.885995,546041.321871,3100.586700,964.699987,1007.515109
163,-1,31.680006,73.192036,934640.040844,546036.146357,3101.390600,964.647655,1007.697167
164,-1,31.319993,73.123462,934568.332326,545985.417456,3076.060700,876.999882,916.469906
165,-1,30.959995,73.040807,934571.141048,545980.676651,3077.428400,876.952268,916.822354
166,-1,30.599989,72.959357,934573.960924,545975.942737,3078.791600,876.952385,917.221026
167,-1,30.240001,72.879134,934576.791955,545971.215384,3080.150100,877.000066,917.665621
168,-1,29.879993,72.800915,934579.552120,545966.446037,3081.461500,876.999995,918.052469
169,-1,29.520001,72.724303,934582.282102,545961.659629,3082.747000,876.999876,918.433290
170,-1,29.159998,72.649676,934584.940561,545956.832867,3083.985400,876.952256,918.756366
171,-1,28.799988,72.582122,934587.652170,545952.035633,3085.135700,877.000062,919.145670
172,-1,28.440002,72.542746,934590.249605,545947.176062,3085.782900,876.952406,919.294148
173,-1,28.079992,72.504399,934592.900519,545942.345035,3086.443000,876.999990,919.537772
174,-1,27.719986,72.466569,934595.436931,545937.452985,3087.064700,876.952448,919.679534
175,-1,27.360001,72.429840,934597.984498,545932.567496,3087.683099,876.952454,919.866029
176,-1,27.000004,72.394220,934600.543876,545927.687584,3088.298200,877.000133,920.097343
177,-1,26.640001,72.359290,934603.030092,545922.769943,3088.886799,877.000116,920.275530
178,-1,26.280010,72.325255,934605.485139,545917.836882,3089.460500,876.999948,920.449390
179,-1,25.920008,72.292101,934607.909347,545912.888401,3090.019600,876.999921,920.619269
180,-1,25.560000,72.259841,934610.302715,545907.924828,3090.563899,877.000184,920.785222
181,-1,25.199993,72.228226,934612.621280,545902.925823,3091.082100,876.952300,920.897651
182,-1,24.840003,72.197928,934614.994963,545897.953064,3091.608900,877.000086,921.104078
183,-1,24.479997,72.168274,934617.294171,545892.945200,3092.109700,877.000161,921.257382
184,-1,24.119993,72.139477,934619.561555,545887.922900,3092.596100,876.999914,921.406210
185,-1,23.759991,72.111314,934621.754135,545882.867464,3093.056700,876.952476,921.502436
186,-1,23.400000,72.084223,934623.958199,545877.817605,3093.514600,876.952415,921.643134
187,-1,23.039990,72.058205,934626.174402,545872.772340,3093.969900,876.999941,921.828510
188,-1,22.679996,72.032802,934628.315146,545867.694922,3094.399600,877.000066,921.961088
189,-1,22.320001,72.008889,934630.379774,545862.586008,3094.788700,876.952437,922.035889
190,-1,21.960001,71.988802,934632.500505,545857.500060,3095.144100,877.000051,922.191004
191,-1,21.599993,71.969317,934634.545120,545852.382945,3095.473900,877.000039,922.293021
192,-1,21.240006,71.949724,934554.814637,545815.481772,3067.225000,789.299862,830.155993
193,-1,20.880012,71.898851,934556.596785,545810.853828,3068.000499,789.299940,830.396685
194,-1,20.520010,71.849459,934558.309709,545806.199638,3068.739800,789.257144,830.586012
195,-1,20.159999,71.800430,934560.073813,545801.564477,3069.502100,789.300112,830.864614
196,-1,19.799987,71.753233,934561.728009,545796.888961,3070.208600,789.257159,831.044751
197,-1,19.439995,71.706397,934563.433386,545792.232146,3070.938200,789.299857,831.314025
198,-1,19.080007,71.661391,934565.028855,545787.536618,3071.611999,789.257184,831.485262
199,-1,18.719991,71.616751,934566.675834,545782.858477,3072.308900,789.300035,831.745456
200,-1,18.360009,71.573918,934568.211920,545778.143264,3072.950000,789.257120,831.907149
201,-1,17.999994,71.527725,934569.799843,545773.444782,3073.671400,789.299835,832.175965
202,-1,17.639998,71.480616,934571.276874,545768.710540,3074.378700,789.257193,832.359906
203,-1,17.279994,71.434115,934572.764732,545763.979906,3075.091300,789.257121,832.586453
204,-1,16.919997,71.388233,934574.263745,545759.252554,3075.809200,789.299836,832.855786
205,-1,16.560005,71.343646,934575.692220,545754.503547,3076.493300,789.299922,833.074454
206,-1,16.199992,71.300012,934577.090839,545749.745355,3077.163100,789.299933,833.288969
207,-1,15.839989,71.257340,934578.459603,545744.978632,3077.818499,789.300056,833.499446
208,-1,15.480009,71.215949,934579.756844,545740.192224,3078.439900,789.257157,833.658707
209,-1,15.119993,71.174852,934581.106907,545735.419924,3079.086300,789.300089,833.907709
210,-1,14.759994,71.135042,934582.385448,545730.628267,3079.698600,789.300086,834.105486
211,-1,14.399991,71.096521,934583.592138,545725.817909,3080.276600,789.256999,834.251792
212,-1,14.039997,71.058289,934584.851978,545721.021331,3080.879900,789.299979,834.488093
213,-1,13.679993,71.021686,934585.998301,545716.196209,3081.428900,789.257067,834.625883
214,-1,13.320004,70.985701,934587.156108,545711.374368,3081.983400,789.257246,834.806547
215,-1,12.959991,70.968453,934588.283402,545706.544982,3082.249200,789.257155,834.893097
216,-1,12.599997,70.952566,934589.422179,545701.718220,3082.508900,789.300003,835.018320
217,-1,12.239998,70.936447,934590.446783,545696.865867,3082.742600,789.257003,835.053976
218,-1,11.879991,70.921469,934591.524865,545692.024998,3082.988400,789.299860,835.174793
219,-1,11.519988,70.909277,934592.488774,545687.160178,3083.161700,789.257218,835.191158
220,-1,11.160008,70.905966,934593.505832,545682.306513,3083.227600,789.300042,835.253182
221,-1,10.799992,70.902801,934594.450384,545677.437757,3083.276400,789.299969,835.269077
222,-1,10.439993,70.900100,934595.364424,545672.563422,3083.318100,789.300040,835.282789
223,-1,10.080002,70.897861,934596.247625,545667.683511,3083.352600,789.299931,835.293975
224,-1,9.720000,70.896086,934597.100313,545662.798022,3083.380000,789.299965,835.302974
225,-1,9.359999,70.894781,934597.922162,545657.907284,3083.400100,789.299875,835.309468
226,-1,8.999994,70.893621,934598.671176,545653.004735,3083.403200,789.257160,835.270121
227,-1,8.639989,70.893574,934599.473996,545648.110715,3083.418800,789.300084,835.315786
228,-1,8.280001,70.893666,934600.203654,545643.205542,3083.417400,789.300158,835.315398
229,-1,7.920009,70.894217,934600.902143,545638.295774,3083.408800,789.299887,835.312327
230,-1,7.559994,70.894919,934601.527798,545633.375837,3083.383200,789.257234,835.263644
231,-1,7.200009,70.896730,934602.207259,545628.463445,3083.370100,789.300072,835.299835
232,-1,6.839990,70.898362,934602.770906,545623.535961,3083.330100,789.257277,835.246307
233,-1,6.480003,70.901101,934603.388359,545618.615368,3083.302600,789.299886,835.277572
234,-1,6.119996,70.903987,934603.932649,545613.685916,3083.258100,789.299960,835.263082
235,-1,5.759993,70.907336,934604.445771,545608.753183,3083.206400,789.299854,835.246069
236,-1,5.400001,70.911156,934604.928054,545603.817497,3083.147500,789.299927,835.226875
237,-1,5.040009,70.916872,934605.379168,545598.878859,3083.059299,789.299852,835.197963
238,-1,4.680000,70.925271,934605.799443,545593.937267,3082.929800,789.299957,835.155733
239,-1,4.320006,70.933824,934606.145899,545588.990099,3082.783100,789.257195,835.067386
240,-1,3.960000,70.943155,934606.503838,545584.043914,3082.639200,789.257115,835.020316
241,-1,3.600007,70.952966,934606.830937,545579.095762,3082.488000,789.257293,834.971128
242,-1,3.240004,70.963550,934607.169519,545574.147937,3082.339600,789.300110,834.963185
243,-1,2.879991,70.974287,934607.434282,545569.195519,3082.174100,789.300127,834.909236
244,-1,2.519991,70.985165,934607.624899,545564.239820,3081.991599,789.257087,834.809068
245,-1,2.160005,70.996832,934607.827326,545559.285106,3081.811800,789.257048,834.750467
246,-1,1.800006,71.009292,934608.041564,545554.330391,3081.634600,789.299970,834.733370
247,-1,1.440005,71.021888,934608.181656,545549.373052,3081.440500,789.299858,834.670121
248,-1,1.079990,71.034960,934608.290908,545544.414729,3081.239200,789.300053,834.604863
249,-1,0.719993,71.048488,934608.368664,545539.456077,3081.030799,789.299913,834.537026
250,-1,0.359997,71.062165,934608.372601,545534.496769,3080.805500,789.257110,834.423397
251,-1,0.000000,71.076628,934608.388349,545529.537790,3080.582899,789.257279,834.351340
252,-1,359.640002,71.091553,934608.372601,545524.578810,3080.353099,789.257110,834.276684
253,-1,359.280006,71.107261,934608.368664,545519.619503,3080.126000,789.299913,834.243615
254,-1,358.920009,71.123115,934608.290908,545514.660851,3079.882100,789.300053,834.164805
255,-1,358.559994,71.143884,934608.181656,545509.702528,3079.562500,789.299858,834.061273
256,-1,358.199993,71.167150,934608.041564,545504.745189,3079.204700,789.299970,833.945809
257,-1,357.839994,71.190568,934607.827326,545499.790474,3078.830000,789.257048,833.784299
258,-1,357.480008,71.214796,934607.624899,545494.835760,3078.457599,789.257087,833.664341
259,-1,357.120008,71.239819,934607.434282,545489.880061,3078.087700,789.300127,833.586052
260,-1,356.759995,71.265023,934607.169519,545484.927643,3077.700500,789.300110,833.461589
261,-1,356.399992,71.290403,934606.830937,545479.979818,3077.296200,789.257293,833.291265
262,-1,356.039999,71.316893,934606.546489,545475.028713,3076.903900,789.299868,833.205841
263,-1,355.679993,71.343279,934606.145899,545470.085481,3076.484500,789.257195,833.031157
264,-1,355.319999,71.370772,934605.799443,545465.138312,3076.077100,789.299957,832.941442
265,-1,354.959990,71.398464,934605.379168,545460.196721,3075.652300,789.299852,832.805740
266,-1,354.599998,71.426671,934604.928054,545455.258083,3075.219800,789.299927,832.667952
267,-1,354.240006,71.455387,934604.445771,545450.322397,3074.779599,789.299854,832.527775
268,-1,353.880003,71.484625,934603.932649,545445.389664,3074.331600,789.299960,832.385500
269,-1,353.519996,71.514379,934603.388359,545440.460212,3073.875799,789.299886,832.240800
270,-1,353.160009,71.544359,934602.770906,545435.539618,3073.402500,789.257277,832.050435
271,-1,352.799990,71.575454,934602.207259,545430.612135,3072.940800,789.300072,831.944991
272,-1,352.440008,71.606780,934601.570121,545425.694166,3072.461400,789.299922,831.793456
273,-1,352.079990,71.645019,934600.902143,545420.779805,3071.876500,789.299887,831.609050
274,-1,351.719998,71.684236,934600.203654,545415.870038,3071.277000,789.300158,831.420718
275,-1,351.360010,71.724040,934599.473996,545410.964864,3070.668699,789.300084,831.229688
276,-1,351.000005,71.764162,934598.671176,545406.070845,3070.041700,789.257160,830.992509
277,-1,350.640000,71.805469,934597.922162,545401.168296,3069.425099,789.299875,830.840343
278,-1,350.279999,71.847121,934597.100313,545396.277558,3068.789500,789.299965,830.642185
279,-1,349.919997,71.889388,934596.247625,545391.392069,3068.144799,789.299931,830.441520
280,-1,349.560006,71.932300,934595.364424,545386.512157,3067.490600,789.300040,830.238497
281,-1,349.200007,71.975841,934594.450384,545381.637823,3066.827100,789.299969,830.032891
282,-1,348.839991,72.020030,934593.505832,545376.769067,3066.154100,789.300042,829.824969
283,-1,348.479990,72.064879,934592.530769,545371.906543,3065.471399,789.300136,829.614574
284,-1,348.120008,72.110373,934591.524865,545367.050582,3064.779100,789.299860,829.401386
285,-1,347.759996,72.156545,934590.488778,545362.200526,3064.077000,789.299990,829.186105
286,-1,347.400002,72.203383,934589.422179,545357.357360,3063.365100,789.300003,828.968255
287,-1,347.040008,72.250652,934588.283402,545352.530598,3062.633300,789.257155,828.704073
288,-1,346.679995,72.299546,934587.156108,545347.701211,3061.891000,789.257246,828.478169
289,-1,346.320006,72.371167,934585.998301,545342.879371,3060.804300,789.257067,828.148244
290,-1,345.960002,72.443342,934584.851978,545338.054249,3059.723700,789.299979,827.862539
291,-1,345.600008,72.521018,934583.592138,545333.257671,3058.533500,789.256999,827.463299
292,-1,345.240005,72.598840,934582.385448,545328.447313,3057.369200,789.300086,827.155455
293,-1,344.880005,72.678804,934581.065569,545323.666811,3056.146599,789.257272,826.749775
294,-1,344.520010,72.758657,934579.798183,545318.872201,3054.953400,789.299973,826.436093
295,-1,344.160010,72.840091,934578.459603,545314.096948,3053.724100,789.300056,826.072645
296,-1,343.800007,72.922527,934577.090839,545309.330225,3052.480700,789.299933,825.706530
297,-1,343.439994,73.005968,934575.692220,545304.572032,3051.223300,789.299922,825.338141
298,-1,343.079978,73.064564,934154.745555,545427.442194,2916.818199,350.799934,366.702497
299,-1,342.719996,73.106699,934154.097590,545425.335570,2916.536400,350.800047,366.620618
300,-1,342.360003,73.152893,934153.418130,545423.238790,2916.221800,350.781009,366.511101
301,-1,342.000022,73.199840,934152.761635,545421.134791,2915.913799,350.799892,366.440033
302,-1,341.640003,73.247002,934152.055928,545419.046541,2915.593100,350.780954,366.329333
303,-1,341.279997,73.294943,934151.373186,545416.950745,2915.278800,350.800039,366.257140
304,-1,340.920000,73.343234,934150.659277,545414.865447,2914.956600,350.800084,366.164699
305,-1,340.560012,73.391997,934149.932244,545412.784743,2914.631400,350.800073,366.071607
306,-1,340.199978,73.441085,934149.174044,545410.714865,2914.298500,350.780918,365.958235
307,-1,339.840012,73.503178,934148.421093,545408.643675,2913.884900,350.780995,365.840647
308,-1,339.480012,73.588691,934147.655018,545406.577078,2913.315700,350.781017,365.679444
309,-1,339.119994,73.674885,934146.893537,545404.508512,2912.748000,350.799879,365.537559
310,-1,338.760021,73.763820,934146.083827,545402.458648,2912.151500,350.780863,365.352081
311,-1,338.399990,73.852768,934145.296755,545400.399597,2911.566600,350.800125,365.207478
312,-1,338.039998,73.924617,934632.500505,545201.575519,3062.724900,877.000051,912.687770
313,-1,337.679999,73.976012,934630.423738,545196.471527,3061.873100,876.999960,912.452184
314,-1,337.320003,74.028305,934628.315146,545191.380658,3061.006899,877.000066,912.213560
315,-1,336.960009,74.081510,934626.174402,545186.303240,3060.126000,876.999941,911.971443
316,-1,336.599999,74.135562,934623.958199,545181.257975,3059.218100,876.952415,911.677136
317,-1,336.240008,74.190608,934621.754135,545176.208116,3058.307800,876.952476,911.428773
318,-1,335.880006,74.246638,934619.561555,545171.152680,3057.395099,876.999914,911.226198
319,-1,335.520002,74.303537,934617.294171,545166.130380,3056.455200,877.000161,910.971705
320,-1,335.159996,74.358015,934614.994963,545161.122516,3055.555700,877.000086,910.728693
321,-1,334.800006,74.402465,934612.621280,545156.149757,3054.808800,876.952300,910.481568
322,-1,334.439999,74.447348,934610.302715,545151.150751,3054.081800,877.000184,910.332493
323,-1,334.079991,74.492629,934607.909347,545146.187179,3053.335100,876.999921,910.132316
324,-1,333.719989,74.538318,934605.485139,545141.238698,3052.582100,876.999948,909.931307
325,-1,333.359998,74.584411,934603.030092,545136.305637,3051.822799,877.000116,909.729339
326,-1,332.999995,74.630900,934600.543876,545131.387996,3051.057300,877.000133,909.526171
327,-1,332.639998,74.677769,934597.984498,545126.508084,3050.272800,876.952454,909.272580
328,-1,332.279999,74.725060,934595.478926,545121.600286,3049.507800,877.000001,909.116597
329,-1,331.920007,74.772724,934592.900519,545116.730545,3048.724000,876.999990,908.910408
330,-1,331.560003,74.820770,934590.291600,545111.876880,3047.934299,877.000114,908.703434
331,-1,331.200011,74.869194,934587.652170,545107.039947,3047.138700,877.000062,908.495389
332,-1,330.840001,74.958120,934584.940561,545102.242713,3045.665800,876.952256,908.065873
333,-1,330.479998,75.054984,934582.282102,545097.415951,3044.089600,876.999876,907.704094
334,-1,330.120006,75.126595,934655.594291,545048.938685,3066.207400,964.700067,998.142501
335,-1,329.760004,75.190728,934652.557880,545043.692633,3065.051700,964.699831,997.846248
336,-1,329.400006,75.256116,934649.488988,545038.465609,3063.874200,964.700036,997.546124
337,-1,329.039996,75.322757,934646.386960,545033.257943,3062.674799,964.699951,997.241470
338,-1,328.679996,75.390657,934643.252452,545028.069961,3061.453500,964.699973,996.932746
339,-1,328.319993,75.459786,934640.040844,545022.929223,3060.197300,964.647655,996.565998
340,-1,327.960003,75.530275,934636.885995,545017.753708,3058.944600,964.699987,996.302905
341,-1,327.600009,75.602004,934633.654374,545012.625766,3057.656900,964.700085,995.982025
342,-1,327.239997,75.674978,934630.346310,545007.546380,3056.334300,964.647707,995.603227
343,-1,326.880002,75.749317,934627.094348,545002.431233,3055.014800,964.699944,995.328204
344,-1,326.519999,75.824928,934623.766599,544997.364970,3053.660099,964.700081,994.995723
345,-1,326.160010,75.901831,934620.407025,544992.320032,3052.283100,964.699993,994.659327
346,-1,325.800004,75.980044,934617.015628,544987.296092,3050.883600,964.699864,994.319232
347,-1,325.440005,76.064592,934613.593063,544982.293478,3049.371900,964.700055,993.954276
348,-1,325.080004,76.151087,934610.139001,544977.312516,3047.826500,964.700109,993.583285
349,-1,324.720005,76.224849,934678.246477,544921.700423,3068.010299,1052.399899,1083.565809
350,-1,324.360004,76.297220,934674.363938,544916.347743,3066.587600,1052.342764,1083.172419
351,-1,324.000003,76.383419,934670.540455,544910.952741,3064.924700,1052.399831,1082.835171
352,-1,323.640002,76.471547,934666.590988,544905.649274,3063.197900,1052.342717,1082.374413
353,-1,323.279998,76.561262,934662.700248,544900.302500,3061.469100,1052.400118,1082.027133
354,-1,322.919996,76.656865,934658.729783,544895.014781,3059.613500,1052.399852,1081.597129
355,-1,322.560000,76.754755,934654.726510,544889.751996,3057.715100,1052.399925,1081.160661
356,-1,322.199999,76.853838,934650.690101,544884.514474,3055.795100,1052.399877,1080.722320
357,-1,321.839990,76.954123,934646.620884,544879.302214,3053.853400,1052.399970,1080.282453
358,-1,321.480004,77.037932,934711.134862,544819.497543,3072.417900,1140.099960,1169.910711
359,-1,321.119996,77.122907,934706.607640,544813.945717,3070.623900,1140.038016,1169.449227
360,-1,320.760007,77.215128,934702.142098,544808.344678,3068.707800,1140.099987,1169.084131
361,-1,320.399995,77.312815,934697.593223,544802.810569,3066.664699,1140.100087,1168.633808
362,-1,320.040003,77.411536,934692.962326,544797.345357,3064.587700,1140.038080,1168.118882
363,-1,319.679998,77.511471,934688.344553,544791.869318,3062.500900,1140.038094,1167.665860
364,-1,319.320002,77.612530,934683.692660,544786.422478,3060.392300,1140.038206,1167.211812
365,-1,318.960009,77.714791,934679.053233,544780.964484,3058.273700,1140.100049,1166.819589
366,-1,318.599999,77.819804,934674.332770,544775.576043,3056.085900,1140.100112,1166.356093
367,-1,318.240002,77.938608,934669.578515,544770.217786,3053.612800,1140.099875,1165.836576
368,-1,317.879993,78.058343,934664.790795,544764.889057,3051.122600,1140.100020,1165.318911
369,-1,317.520004,78.179008,934659.969938,544759.590839,3048.615300,1140.100132,1164.802804
370,-1,317.159999,78.300592,934655.115617,544754.322805,3046.091100,1140.100187,1164.288386
371,-1,316.799997,78.423096,934650.228160,544749.085611,3043.550000,1140.099986,1163.775571
372,-1,316.440005,78.546572,934645.263275,544743.921907,3040.978500,1140.038041,1163.201532
373,-1,316.080006,78.670851,934640.355476,544738.703742,3038.417700,1140.100004,1162.756494
374,-1,315.719999,78.796091,934635.370250,544733.559395,3035.826700,1140.099998,1162.250276
375,-1,315.359998,78.922244,934630.352872,544728.446544,3033.219100,1140.099994,1161.746428
376,-1,315.000000,79.049587,934625.303669,544723.365190,3030.589200,1140.100224,1161.244211
377,-1,314.639993,79.179958,934620.178679,544718.359950,3027.887200,1140.038052,1160.672905
378,-1,314.280000,79.309526,934615.109464,544713.298609,3025.227799,1140.099998,1160.237480
379,-1,313.919993,79.438378,934609.965117,544708.313382,3022.573600,1140.100004,1159.748056
380,-1,313.559991,79.566467,934604.789602,544703.360636,3019.937300,1140.100004,1159.267738
381,-1,313.200002,79.693796,934599.583248,544698.440699,3017.318799,1140.099986,1158.796385
382,-1,312.840000,79.820349,934594.346054,544693.553241,3014.718400,1140.100187,1158.334175
383,-1,312.479998,79.909122,934766.758111,544494.659282,3059.717500,1403.200105,1425.247124
384,-1,312.120006,79.998475,934760.237126,544488.725895,3057.460500,1403.199918,1424.853224
385,-1,311.760004,80.095927,934753.679068,544482.833190,3055.000400,1403.200086,1424.428193
386,-1,311.399992,80.194134,934747.033412,544477.038911,3052.509500,1403.123889,1423.926791
387,-1,311.039992,80.292548,934740.452061,544471.172124,3050.041200,1403.200004,1423.583516
388,-1,310.680000,80.391707,934733.784095,544465.404419,3047.542400,1403.199910,1423.164214
389,-1,310.319999,80.498600,934727.080040,544459.678381,3044.850400,1403.200088,1422.717540
390,-1,309.959993,80.637543,934720.339896,544453.994665,3041.353700,1403.200043,1422.144471
391,-1,309.599996,80.776013,934713.564319,544448.353601,3037.871700,1403.199946,1421.582077
392,-1,309.240006,80.914003,934706.753637,544442.755187,3034.404500,1403.200003,1421.030482
393,-1,308.879996,81.051509,934699.907522,544437.199423,3030.952100,1403.200010,1420.489387
394,-1,308.520001,81.188521,934693.026959,544431.686967,3027.514700,1403.200076,1419.958837
395,-1,308.159999,81.295820,934631.925375,544495.175357,3011.398000,1315.499990,1330.827329
396,-1,307.799996,81.396473,934625.410296,544490.088753,3009.033500,1315.500092,1330.471655
397,-1,307.440002,81.497984,934618.863393,544485.043488,3006.650100,1315.499957,1330.117062
398,-1,307.079998,81.600505,934612.241687,544480.096319,3004.233700,1315.428391,1329.691161
399,-1,306.719998,81.703582,934605.675099,544475.076316,3001.826700,1315.500099,1329.412650
400,-1,306.360008,81.807656,934599.034365,544470.155394,2999.387000,1315.499985,1329.062694
401,-1,305.999993,81.912571,934592.362462,544465.275811,2996.928900,1315.500037,1328.714702
402,-1,305.639997,82.049327,934585.660376,544460.438550,2993.726700,1315.500042,1328.267993
403,-1,305.280007,82.317592,934578.928106,544455.643612,2987.451300,1315.499996,1327.414481
404,-1,304.920006,82.573831,934622.367979,544378.981036,2992.895600,1403.200049,1415.069319
405,-1,304.560000,82.715859,934615.122915,544373.956768,2989.359300,1403.200099,1414.616653
406,-1,304.200004,82.862358,934607.803704,544369.041423,2985.704500,1403.123780,1414.082180
407,-1,303.839986,82.999791,934160.996855,545019.634938,2885.379700,613.899937,618.510495
408,-1,303.480012,83.130702,934157.786559,545017.497147,2883.956300,613.899960,618.338657
409,-1,303.119996,83.261960,934154.562485,545015.379369,2882.529899,613.899923,618.169638
410,-1,302.759983,83.393368,934151.307242,545013.309820,2881.098800,613.866701,617.970360
411,-1,302.400010,83.543111,934148.075293,545011.204837,2879.477199,613.900116,617.819094
412,-1,302.040002,83.768913,934144.811848,545009.148411,2877.027900,613.899890,617.548229
413,-1,301.679991,83.996334,934141.518219,545007.140541,2874.559700,613.866728,617.252230
414,-1,301.319998,84.224424,934138.246900,545005.096910,2872.093299,613.899951,617.032194
415,-1,300.959991,84.454085,934134.945398,545003.102163,2869.608400,613.899959,616.787095
416,-1,300.600020,84.684979,934131.631756,545001.128414,2867.112100,613.899949,616.550841
417,-1,300.240005,84.862736,934172.473210,544923.409081,2873.076100,701.600085,704.429751
418,-1,299.879994,84.996995,934168.657601,544921.201080,2871.419100,701.599849,704.283078
419,-1,299.519995,85.130954,934164.809839,544919.049838,2869.763300,701.562080,704.102978
420,-1,299.159999,85.265260,934160.985700,544916.856929,2868.110300,701.599904,704.002296
421,-1,298.800000,85.399252,934157.129409,544914.721106,2866.458600,701.599908,703.867889
422,-1,298.439994,85.533140,934153.259666,544912.609562,2864.808800,701.599855,703.737424
423,-1,298.079990,85.666923,934149.376799,544910.522296,2863.160900,701.599903,703.611047
424,-1,297.720000,85.913503,934145.463421,544908.493100,2860.122399,701.562050,703.350244
425,-1,297.360010,86.185876,934141.554965,544906.455047,2856.771400,701.562024,703.119362
426,-1,296.999992,86.460151,934137.650773,544904.407478,2853.401500,701.600105,702.941248
427,-1,296.639989,86.730044,934173.039810,544824.028702,2855.095500,789.299987,790.587170
428,-1,296.280004,86.862723,934168.600186,544821.819061,2853.262000,789.299983,790.484701
429,-1,295.919996,86.995204,934164.146455,544819.637307,2851.431700,789.299887,790.386549
430,-1,295.559995,87.127479,934159.679272,544817.483440,2849.604700,789.299991,790.292989
431,-1,295.199998,87.259538,934155.198638,544815.357788,2847.781099,789.299997,790.203706
432,-1,294.840010,87.391387,934150.704881,544813.260351,2845.960800,789.300045,790.118814
433,-1,294.479996,87.615548,934146.197672,544811.191129,2842.866899,789.299998,789.984000
434,-1,294.119996,87.923148,934141.677668,544809.150451,2838.623000,789.299832,789.818651
435,-1,293.759993,88.231106,934137.127808,544807.177030,2834.374500,789.257241,789.633528
436,-1,293.400002,88.538828,934132.599930,544805.154068,2830.133300,789.300008,789.556744
437,-1,293.040000,88.623557,935844.215929,540767.982024,2934.328500,5174.300146,5175.793618
438,-1,292.679999,88.554304,935814.258312,540755.352128,2940.586400,5174.300092,5175.947667
439,-1,292.319999,88.483131,935817.528647,540661.781449,2949.340600,5262.000063,5263.844647
440,-1,291.959999,88.436357,935786.904364,540649.321500,2953.639400,5261.999883,5263.960016
441,-1,291.599998,88.392945,935756.202326,540637.053808,2957.629400,5262.000053,5264.070573
442,-1,291.240001,88.352117,935725.424172,540624.979686,2961.382000,5261.999961,5264.177058
443,-1,290.879997,88.343528,935632.055593,540776.980038,2957.099100,5086.600093,5088.726624
444,-1,290.519999,88.335227,935632.802310,540683.810605,2960.377400,5174.019262,5176.204080
445,-1,290.160001,88.340021,935572.191867,540754.574243,2957.410699,5086.599948,5088.735496
446,-1,289.800001,88.360094,935542.155510,540743.653661,2955.627200,5086.600055,5088.684250
447,-1,289.439999,88.406723,935512.050911,540732.922055,2951.484200,5086.600053,5088.567370
448,-1,289.080000,88.453377,935481.879712,540722.380081,2947.339300,5086.599874,5088.453632
449,-1,288.720000,88.522635,935451.642896,540712.027412,2941.186400,5086.600152,5088.291558
450,-1,288.360000,88.608582,935448.877481,540618.896036,2935.674799,5174.019308,5175.545377
451,-1,288.000001,88.690723,935417.991060,540608.753012,2928.253100,5174.019337,5175.370508
452,-1,287.640001,88.773952,935387.126620,540598.536825,2920.739500,5174.300007,5175.484885
453,-1,287.280000,88.853911,935330.062758,540672.523882,2911.760899,5086.599912,5087.617709
454,-1,286.919999,88.915770,935299.515575,540663.126263,2906.267100,5086.599987,5087.510864
455,-1,286.559999,88.974942,935268.909993,540653.920901,2901.012200,5086.599942,5087.414097
456,-1,286.200000,89.032376,935238.247325,540644.907795,2895.911800,5086.600154,5087.325620
457,-1,285.839998,89.089863,935207.528226,540636.087931,2890.806800,5086.599865,5087.241681
458,-1,285.479999,89.145186,935176.754666,540627.460980,2885.894200,5086.599933,5087.166088
459,-1,285.120001,89.199285,935145.927628,540619.027598,2881.090400,5086.599989,5087.096745
460,-1,284.759999,89.252687,935115.047768,540610.788113,2876.348600,5086.599893,5087.032594
461,-1,284.399999,89.312827,935084.117056,540602.742525,2871.008700,5086.600153,5086.966010
462,-1,284.039999,89.374217,935031.860271,540679.972030,2864.600000,4998.899896,4999.198069
463,-1,283.680001,89.452222,935022.107009,540587.235667,2858.632000,5086.600179,5086.832655
464,-1,283.320000,89.560715,934991.029972,540579.775052,2848.999500,5086.599866,5086.749371
465,-1,282.959999,89.669820,934959.906674,540572.509318,2839.312999,5086.600068,5086.684529
466,-1,282.599999,89.756933,934909.607234,540651.027534,2831.206999,4998.899937,4998.944920
467,-1,282.240000,89.839758,934878.933411,540644.272298,2823.980700,4998.899872,4998.919422
468,-1,281.879999,89.922666,934848.217593,540637.709647,2816.747099,4998.900044,4998.904597
469,-1,281.519998,90.006932,934817.406959,540631.606313,2809.395200,4998.628562,4998.628599
470,-1,281.160000,90.092330,934786.665551,540625.164397,2801.944399,4998.900014,4998.906505
471,-1,280.800001,90.182382,934755.831623,540619.182125,2794.087600,4998.899947,4998.925273
472,-1,280.440000,90.207848,941351.818431,504647.917454,2659.199400,41569.799857,41570.073382
473,-1,280.079999,90.170520,941094.804510,504601.395237,2686.282000,41569.800057,41569.984159
474,-1,279.719999,90.108197,940704.243283,505334.458403,2732.990000,40780.499961,40780.572674
475,-1,279.360000,90.022368,940451.556124,505291.991625,2794.079300,40780.500039,40780.503147
476,-1,279.000000,89.972383,940061.413860,506117.316090,2829.233400,39903.500019,39903.504654
477,-1,278.640000,89.851866,939787.308437,506252.282355,2912.714000,39728.100075,39728.232854
478,-1,278.279999,89.733858,939540.405715,506215.558675,2994.540200,39728.100098,39728.528697
479,-1,277.920000,89.615613,939281.193307,506267.250829,3075.943799,39640.399862,39641.291949
480,-1,277.559999,89.510803,939022.856554,506320.644423,3147.712799,39552.700008,39554.141728
481,-1,277.199999,89.348826,938787.390489,506201.714215,3260.537700,39640.399957,39642.960195
482,-1,276.840000,89.256108,938539.933963,506173.410137,3324.666300,39638.248747,39641.589841
483,-1,276.479999,89.256873,938401.675709,505183.851093,3336.678100,40605.100054,40608.515612
484,-1,276.120000,89.184361,938138.737915,505243.055043,3386.827800,40517.399909,40521.505719
485,-1,275.760000,89.124628,937929.535578,504780.423422,3435.777800,40955.900026,40960.680473
486,-1,275.399999,89.111753,937665.168324,504842.712340,3443.623300,40868.199957,40873.111531
487,-1,275.039999,89.115481,937409.256434,504821.559495,3440.929000,40865.982149,40870.852308
488,-1,274.680000,89.158498,937189.370063,504360.557464,3416.714200,41306.699843,41311.155322
489,-1,274.319999,89.234180,936923.858127,504429.875567,3360.939100,41216.763154,41220.445155
490,-1,273.959999,89.278307,936829.243487,502046.701199,3359.045499,43586.900035,43590.357944
491,-1,273.599999,89.290580,936572.495313,501766.065606,3352.965700,43850.000139,43853.361604
492,-1,273.239999,89.284282,936307.381998,501574.510215,3359.977300,44025.399962,44028.835061
493,-1,272.879999,89.396023,936053.189265,501121.797537,3278.728300,44463.900080,44466.370625
494,-1,272.519999,89.532603,935758.701009,501459.098044,3169.865100,44113.099992,44114.567818
495,-1,272.160000,89.622522,935475.061156,501625.439575,3099.459900,43935.315459,43936.268976
496,-1,271.800000,89.734737,935223.963889,500827.034019,3017.063200,44724.572648,44725.051970
497,-1,271.440000,89.852058,934938.717084,500992.007771,2925.035800,44551.599893,44551.748408
498,-1,271.079999,90.014658,934665.425308,500637.551130,2798.513200,44899.963030,44899.964500
499,-1,270.719999,90.132361,936665.704772,319018.323490,2286.683900,226529.100084,226529.704553
500,-1,270.359999,90.097944,935236.935648,319881.891973,2424.257300,225652.099995,225652.429700
501,-1,270.000000,89.977267,933819.131069,321994.370032,2898.691000,223535.167758,223535.185352
502,-1,269.639999,90.048652,932405.734617,320583.478168,2618.984300,224950.499952,224950.581052
503,-1,269.279999,90.070582,930953.822495,317527.541367,2529.101500,228019.999925,228020.172945
504,-1,268.919999,90.108138,925784.294448,119318.702877,2005.433999,426286.563706,426287.322967
505,-1,268.559999,90.124524,922953.857852,113305.082031,1870.318700,432360.999997,432362.021134
506,-1,268.199999,90.161838,919718.466357,96839.112994,1541.990800,448911.935738,448913.726562
507,-1,267.840000,90.123381,916436.823314,84667.955906,1816.863800,461189.269475,461190.338796
508,-1,267.479999,90.155018,913424.725992,82132.806449,1555.024900,463845.300047,463846.997768
509,-1,267.119999,90.184801,911086.375681,93656.694490,1350.683999,452444.300084,452446.653521
510,-1,266.760000,90.192923,908183.205635,92670.169888,1282.708499,453584.399829,453586.971140
511,-1,266.399999,90.182396,904594.922457,81024.045543,1328.353600,465423.900005,465426.258361
512,-1,266.039999,90.170068,901387.989566,77042.711314,1416.079900,469608.012623,469610.081380
513,-1,265.680000,90.176949,912277.609847,260367.840070,1926.810700,285974.178874,285975.542671
514,-1,265.320000,90.182645,910520.834162,260930.386189,1899.726599,285551.199841,285552.650711
515,-1,264.960000,90.181068,922833.039196,420959.630434,2414.799300,125053.412721,125054.037187
516,-1,264.600000,90.101692,922049.926589,421024.359307,2588.034799,125060.200076,125060.397055
517,-1,264.240000,89.980653,921294.280134,421362.536124,2852.138800,124797.100100,124797.107214
518,-1,263.879999,89.917976,920505.018261,421356.482331,2988.783000,124884.800123,124884.928094
519,-1,263.519999,89.887323,919685.493982,421094.029115,3056.285099,125235.600035,125235.842204
520,-1,263.160000,89.850464,918643.629924,419015.260307,3142.556300,127421.184431,127421.618400
521,-1,262.799999,89.942787,917782.204809,418584.195552,2937.767600,127954.300121,127954.363912
522,-1,262.439999,90.076024,916974.281556,418607.414666,2640.113200,128035.051034,128035.163743
523,-1,262.080000,90.104547,917638.376029,429219.355384,2595.724700,117430.300028,117430.495522
524,-1,261.719999,90.141780,916870.012408,429062.959700,2518.763100,117693.400135,117693.760473
525,-1,261.359999,90.083539,871387.217219,134657.989128,2204.058300,415587.744485,415588.186227
526,-1,260.999999,89.995622,868395.327862,132459.901332,2841.951500,418218.601438,418218.602659
527,-1,260.639999,89.957007,865658.618112,132013.845466,3124.476500,419095.553930,419095.671917
528,-1,260.279999,90.051371,863131.978152,132860.055716,2434.607500,418679.800113,418679.968403
529,-1,259.920000,90.095430,869136.244359,181666.262565,2194.459000,369567.800126,369568.312739
530,-1,259.559999,90.129185,866835.423829,181993.608695,1976.531800,369655.500132,369656.439748
531,-1,259.200000,90.081283,878753.993168,256867.975350,2393.101800,293866.750487,293867.046206
532,-1,258.840000,90.147137,863087.271549,186994.030781,1871.522900,365445.899877,365447.104895
533,-1,258.480000,90.150895,882889.539359,295649.097919,2138.377200,255017.759267,255018.643669
534,-1,258.119999,90.079596,881353.768808,296132.127137,2455.946000,254856.199998,254856.445929
535,-1,257.759999,90.035690,878749.584056,291680.915567,2648.194300,259753.302217,259753.352613
536,-1,257.399999,90.027855,877917.874761,295441.693806,2685.414800,256259.400149,256259.430434
537,-1,257.039999,90.049483,876623.000054,296994.390176,2589.743300,255031.600007,255031.695119
538,-1,256.679999,90.058568,874961.521094,296931.963792,2548.855400,255470.100108,255470.233581
539,-1,256.320000,90.073377,868941.401901,278986.079736,2458.676100,274325.599923,274325.824890
540,-1,255.959999,90.097329,866544.569096,276506.253659,2338.932500,277307.399997,277307.800102
541,-1,255.600000,90.169788,814168.905475,79522.676498,1384.253500,481122.199919,481124.312427
542,-1,255.239999,90.156336,860197.652328,266093.667529,2021.512300,288971.499841,288972.575573
543,-1,254.880000,90.106081,858191.736064,265630.453888,2273.190500,289936.199954,289936.696898
544,-1,254.519999,90.115087,856860.090761,267647.572558,2230.819500,288341.950618,288342.532305
545,-1,254.159999,90.151206,855661.937318,270062.053293,2054.331600,286340.500017,286341.497140
546,-1,253.799999,90.133374,848896.978079,253225.570562,2101.430200,304390.179417,304391.004132
547,-1,253.440000,90.181998,847057.358070,253749.082966,1843.054999,304406.700108,304408.235850
548,-1,253.079999,90.194613,802907.192434,115187.732793,1282.137200,449813.299942,449815.894750
549,-1,252.720000,90.178716,801671.879944,120731.352283,1422.337900,444877.954488,444880.118679
550,-1,252.359999,90.197449,819302.314827,185399.311858,1507.700900,377899.299856,377901.543811
551,-1,251.999999,90.192108,782090.040499,78555.413669,1163.685500,491005.651213,491008.411205
552,-1,251.640000,90.178876,825371.945405,218763.789092,1735.123100,344291.513983,344293.191859
553,-1,251.279999,90.189452,822780.184184,217855.781065,1666.002700,345976.500027,345978.391378
554,-1,250.919999,90.220659,821016.357659,219406.442990,1481.006500,345080.771198,345083.330334
555,-1,250.560000,90.207829,775531.120874,97045.973473,1084.851000,475597.100111,475600.228945
556,-1,250.200000,90.216023,794855.850925,159544.177872,1263.259500,410238.334750,410241.250613
557,-1,249.839999,90.206821,820504.914784,236885.767283,1623.166000,328787.300065,328789.442135
558,-1,249.480000,90.189835,792260.549357,167316.432669,1471.981199,403836.581975,403838.798576
559,-1,249.120000,90.196738,771562.373890,120175.632594,1246.784199,455250.700071,455253.383907
560,-1,248.759999,90.180120,798567.644026,197551.134011,1636.334900,373338.899987,373340.744807
561,-1,248.400000,90.181449,826737.179223,275071.400230,1888.795499,290885.112344,290886.571022
562,-1,248.039999,90.187646,834878.298111,300149.307751,1943.495300,264576.540381,264577.959306
563,-1,247.680000,90.204766,834204.417241,302885.057529,1872.590100,262296.463972,262298.139050
564,-1,247.320000,90.205502,818575.170612,269759.632966,1738.000000,298881.600016,298883.522483
565,-1,246.959999,90.202568,816673.125860,270085.649374,1751.755200,299320.099896,299321.970600
566,-1,246.600000,90.194519,814352.677089,269458.851087,1788.742900,300810.999936,300812.733522
567,-1,246.239999,90.183808,751500.971100,131376.097398,1358.323500,452507.440428,452509.768964
568,-1,245.880000,90.205443,748928.186547,132587.431261,1187.675200,452444.300119,452447.208686
569,-1,245.520000,90.201154,823125.241893,302409.107365,1872.140499,267134.199964,267135.846286
570,-1,245.159999,90.218760,821563.024545,303029.825612,1789.717399,267221.900035,267223.847803
571,-1,244.799999,90.254812,818510.605125,300486.447168,1605.580400,270817.599902,270820.278124
572,-1,244.440000,90.253254,801535.052790,268935.987632,1454.781900,306599.199860,306602.194987
573,-1,244.080000,90.250001,797077.998056,264172.280624,1445.024300,312825.899851,312828.877785
574,-1,243.720000,90.188794,846296.543647,368285.303368,2158.637500,197675.800098,197676.873249
575,-1,243.360000,90.102592,839836.663850,358177.693662,2434.690000,209603.000079,209603.336090
576,-1,242.999999,90.047854,841806.742587,364945.057752,2640.722500,202674.700109,202674.770801
577,-1,242.640000,90.043411,836850.194102,358137.411263,2650.134300,210994.748325,210994.808888
578,-1,242.279999,90.123019,836572.110012,360458.252421,2361.116800,209065.453321,209065.935217
579,-1,241.920000,90.150244,829750.398590,350462.270773,2230.237299,221091.699846,221092.459993
580,-1,241.560000,90.130533,828783.114435,351593.221923,2307.524200,220553.529561,220554.101943
581,-1,241.200000,90.173126,825448.401288,348403.912029,2130.279800,224950.499899,224951.526832
582,-1,240.840000,90.227153,824297.435414,349241.882138,1918.856700,224775.100000,224776.866507
583,-1,240.479999,90.263897,822899.464785,349639.268482,1773.147400,225113.682342,225116.070153
584,-1,240.119999,90.322880,821277.651428,349655.717924,1536.949400,225902.939220,225906.526259
585,-1,239.759999,90.329326,819998.826886,350280.340034,1510.960900,226002.900132,226006.633466
586,-1,239.399999,90.328325,845966.608611,396979.035023,1821.018300,172584.233273,172587.066894
587,-1,239.039999,90.335261,844854.522909,397233.153281,1798.073200,172935.014278,172937.974890
588,-1,238.680000,90.351858,894022.983627,480127.813279,2339.845000,76557.944853,76559.388490
589,-1,238.320000,90.321885,893566.785393,480304.520930,2379.402600,76645.640167,76646.849712
590,-1,237.960000,90.284915,892922.925788,480183.486724,2426.659300,77088.299996,77089.253118
591,-1,237.600000,90.243106,892703.354049,480741.440004,2484.417400,76733.335224,76734.025951
592,-1,237.240000,90.225965,892439.453986,481222.295670,2508.411600,76470.249539,76470.844249
593,-1,236.880000,90.214820,892132.051385,481630.453974,2523.944600,76294.859099,76295.395357
594,-1,236.519999,90.160670,891293.688561,481231.849128,2593.826100,77088.300199,77088.603300
595,-1,236.159999,90.079019,890892.866200,481503.786905,2703.689900,77084.116340,77084.189649
596,-1,235.800000,90.032533,890590.014771,481919.824786,2766.329800,76908.725670,76908.738068
597,-1,235.439999,89.989869,890139.081618,482117.033710,2823.614600,77000.599957,77000.601160
598,-1,235.079999,89.940828,889791.716171,482464.643251,2889.431100,76912.899996,76912.941012
599,-1,234.719999,89.882260,889396.339337,482742.518679,2968.052300,76912.900049,76913.062444
600,-1,234.360000,89.812988,888851.851253,482812.456859,3061.887300,77171.811527,77172.222604
601,-1,234.000000,89.749566,888353.118983,482950.940506,3148.096100,77351.400071,77352.138961
602,-1,233.640000,89.711422,887963.314972,483241.226015,3199.572300,77347.201976,77348.183044
603,-1,233.279999,89.713018,886993.544602,482753.937620,3202.271400,78316.100035,78317.082437
604,-1,232.919999,89.706405,886549.729217,482982.816755,3211.738300,78399.545047,78400.574343
605,-1,232.559999,89.695905,886157.672258,483281.051723,3226.106199,78399.545111,78400.649346
606,-1,232.199999,89.705330,885767.496857,483581.744363,3213.209300,78399.545029,78400.581876
607,-1,231.839999,89.777721,885379.218434,483884.882536,3114.151700,78399.545007,78400.134984
608,-1,231.480000,89.934384,884990.202480,484187.125042,2899.788799,78403.800091,78403.851505
609,-1,231.119999,90.088449,884550.694501,484426.864064,2688.830500,78491.500038,78491.593565
610,-1,230.760000,90.141551,888217.527718,489696.076950,2631.899600,72089.399896,72089.619899
611,-1,230.400000,90.192513,888037.809246,490189.426029,2568.676800,71822.401780,71822.807202
612,-1,230.039999,90.262760,888254.227776,491150.347008,2484.639600,70945.449481,70946.195539
613,-1,229.679999,90.338073,887854.216765,491367.909237,2390.842200,71036.999897,71038.236518
614,-1,229.319999,90.352871,882258.361815,485542.270954,2322.827900,79101.106872,79102.607069
615,-1,228.959999,90.347515,882055.209334,486065.851599,2331.818100,78838.021085,78839.471247
616,-1,228.600000,90.440921,881914.587896,486655.390118,2205.986999,78487.240147,78489.564259
617,-1,228.239999,90.435061,880433.084954,485736.536641,2201.329000,80157.800033,80160.110943
618,-1,227.880000,90.426288,879881.993536,485877.996988,2211.646100,80420.899803,80423.125732
619,-1,227.520000,90.495745,880044.217621,486803.375387,2121.017000,79627.278409,79630.259100
620,-1,227.160000,90.515061,789279.222971,389659.056552,899.018400,212573.262557,212581.852012
621,-1,226.799999,90.513101,790643.948588,393063.454271,936.919800,209153.148439,209161.535496
622,-1,226.440000,90.499698,792710.408366,397143.485481,1024.091000,204768.386580,204776.174428
623,-1,226.079999,90.456221,891603.046210,501691.172711,2325.383500,60860.496823,60862.426231
624,-1,225.719999,90.353096,892981.532954,503652.461767,2449.523000,58492.725325,58493.836082
625,-1,225.359999,90.253444,892595.981232,503785.080268,2550.483100,58668.115840,58668.689820
626,-1,225.000000,90.204198,892334.508658,504044.915379,2600.909700,58668.115643,58668.488236
627,-1,224.639999,90.136945,891263.495708,503505.340342,2667.049700,59808.153892,59808.324728
628,-1,224.279999,90.106337,891000.291510,503773.553061,2699.000000,59808.153974,59808.256979
629,-1,223.919999,90.134157,890738.777925,504043.414069,2669.960000,59808.154028,59808.317979
630,-1,223.559999,90.129998,890733.159498,504556.641061,2675.097299,59457.373071,59457.526111
631,-1,223.200000,89.990694,890602.080364,504946.025781,2819.629100,59285.199827,59285.200609
632,-1,222.839999,89.929206,890414.603377,505280.182265,2883.139700,59194.287260,59194.332446
633,-1,222.479999,89.938056,890097.891412,505494.470222,2874.090700,59281.982357,59282.017002
634,-1,222.120000,89.935926,890042.349856,505946.414857,2876.000000,59018.896927,59018.933830
635,-1,221.760000,89.953192,890252.416037,506631.094590,2857.713800,58405.030109,58405.049599
636,-1,221.400000,89.946233,890008.871577,506905.598306,2864.807700,58405.030074,58405.055790
637,-1,221.040000,90.022156,889833.200668,507239.206234,2787.448300,58317.335020,58317.339380
638,-1,220.679999,90.127205,889926.008881,507802.145725,2681.500199,57878.858725,57879.001369
639,-1,220.320000,90.196664,889622.966180,508021.933343,2611.031900,57966.553995,57966.895470
640,-1,219.960000,90.275392,889455.390728,508356.687267,2531.803100,57878.858601,57879.527179
641,-1,219.599999,90.454052,888952.422574,508412.568717,2348.537700,58229.639568,58231.468054
642,-1,219.239999,90.670631,888652.176783,508639.731976,2127.379800,58317.334750,58321.329740
643,-1,218.880000,90.805211,888489.551781,508979.295930,1991.610900,58229.639690,58235.390435
644,-1,218.520000,90.872134,888809.691560,509701.753803,1934.261600,57528.077929,57534.743138
645,-1,218.160000,90.921547,837904.460366,470160.501520,847.835099,121984.079634,121999.859735
646,-1,217.800000,90.955169,837363.506395,470710.885918,774.771200,122071.774784,122088.739674
647,-1,217.440000,90.952639,841142.694047,474570.475640,869.113700,116722.364953,116738.500589
648,-1,217.079999,90.951025,840558.751645,475048.427768,869.491399,116897.755496,116913.860657
649,-1,216.719999,90.996620,840750.392010,476107.688117,790.168300,116108.498405,116126.065644
650,-1,216.359999,91.029024,849849.966986,483712.570217,937.129900,104269.640819,104286.459519
651,-1,215.999999,91.022087,850740.264418,485169.208051,977.920400,102691.126637,102707.468110
652,-1,215.640000,91.085769,861694.487917,493817.165821,1128.009000,88747.583428,88763.520987
653,-1,215.279999,91.106572,861728.940604,494524.607976,1104.245400,88309.107268,88325.579677
654,-1,214.919999,91.081202,861553.704078,495078.967103,1146.671300,88133.716708,88149.411133
655,-1,214.560000,91.020596,862032.561388,496081.231503,1257.113500,87169.068947,87182.899915
656,-1,214.200000,91.026039,861723.287400,496533.252909,1248.829000,87169.069092,87183.048016
657,-1,213.840000,91.000336,861271.181349,496889.537957,1284.884200,87344.459425,87357.773383
658,-1,213.479999,91.003361,861182.493206,497488.850407,1284.795600,87086.099948,87099.454950
659,-1,213.119999,91.037454,861473.616639,498332.097080,1245.749800,86379.811690,86393.974016
660,-1,212.759999,91.089778,860736.015424,498502.863471,1156.828899,86905.983049,86921.705370
661,-1,212.400000,91.122746,860516.026035,499009.972693,1108.524100,86818.288075,86834.959346
662,-1,212.040000,91.146460,860002.171748,499331.894949,1067.311200,87081.373941,87098.809703
663,-1,211.679999,91.160070,842698.140739,489295.997698,641.733300,107075.888555,107097.839802
664,-1,211.320000,91.084428,842721.196467,490097.561384,791.449200,106637.412276,106656.515245
665,-1,210.959999,91.021897,842901.114414,490986.834540,918.819499,106023.545640,106040.411136
666,-1,210.599999,90.973904,842711.175490,491648.443124,1010.636700,105848.155071,105863.448084
667,-1,210.239999,90.937213,842753.241022,492442.777822,1085.612200,105409.678938,105423.782549
668,-1,209.879999,90.909990,842345.448859,492972.317445,1134.315000,105497.374125,105510.681296
669,-1,209.520000,90.825774,872465.108436,510788.824135,1793.749100,70506.973261,70514.296737
670,-1,209.160000,90.810586,841539.073175,494040.469836,1314.905199,105672.764719,105683.340749
671,-1,208.799999,90.778177,841755.316837,494917.027795,1383.026800,105058.898047,105068.588604
672,-1,208.440000,90.784510,841593.352266,495580.004487,1373.813899,104883.507535,104893.340033
673,-1,208.079999,90.849952,841822.941702,496449.407932,1263.101200,104269.640859,104281.114784
674,-1,207.719999,90.896560,842137.424669,497354.734205,1189.241500,103568.079005,103580.760023
675,-1,207.359999,90.906802,843705.793251,498899.005723,1204.035800,101463.393268,101476.102085
676,-1,206.999999,90.853745,843727.133760,499625.372381,1303.242300,101112.612373,101123.838435
677,-1,206.640000,90.816492,842813.404616,499877.770826,1359.000000,101814.174229,101824.513134
678,-1,206.279999,90.888099,844022.356266,501188.202260,1257.556000,100147.964539,100159.996424
679,-1,205.920000,90.784175,895328.834034,526823.047316,2224.248100,42795.277212,42799.285706
680,-1,205.559999,90.663985,895528.509487,527216.603287,2318.100300,42444.496359,42447.346636
681,-1,205.200000,90.625184,895731.598648,527606.905328,2350.675000,42093.715448,42096.221442
682,-1,204.839999,90.543244,895938.068380,527993.926864,2414.206700,41742.934264,41744.810615
683,-1,204.480000,90.509528,896227.697065,528413.978845,2442.672000,41304.458214,41306.091539
684,-1,204.120000,90.469166,896361.015696,528758.018840,2473.925500,41041.372481,41042.748460
685,-1,203.759999,90.481995,896336.639433,529029.037654,2465.472599,40953.677294,40955.126456
686,-1,203.400000,90.455547,897279.979738,529717.635031,2493.442599,39813.638980,39814.897431
687,-1,203.039999,90.439119,897181.352310,529947.527943,2504.859400,39813.639160,39814.808476
688,-1,202.679999,90.416861,897084.171402,530178.036013,2520.326400,39813.639227,39814.693007
689,-1,202.320000,90.379106,897231.815464,530509.064222,2548.303600,39550.553591,39551.419372
690,-1,201.959999,90.302844,897463.492166,530870.422095,2602.802100,39199.772358,39200.319947
691,-1,201.600000,90.274823,897535.178374,531163.704645,2622.815000,39024.381930,39024.830855
692,-1,201.239999,90.262224,897609.108345,531455.505242,2632.199600,38848.991464,38849.398332
693,-1,200.880000,90.221942,897603.330141,531714.551312,2659.852400,38761.296265,38761.587074
694,-1,200.520000,90.203465,897681.505510,532003.853555,2672.975200,38585.905653,38586.148951
695,-1,200.159999,90.227591,897597.235009,532231.178560,2656.727499,38585.905618,38586.210034
696,-1,199.800000,90.240459,897514.394295,532459.028170,2648.061100,38585.905897,38586.245711
697,-1,199.440000,90.268686,897515.683007,532716.580804,2629.462700,38498.210450,38498.633763
698,-1,199.080000,90.308329,897601.649042,533002.266585,2603.769200,38322.819940,38323.374842
699,-1,198.720000,90.338953,897855.877208,533342.654355,2585.360200,37972.039135,37972.703605
700,-1,198.359999,90.353258,898029.708881,533651.725916,2577.501600,37708.953252,37709.669992
701,-1,198.000000,90.348896,898289.397666,533985.227545,2582.508900,37358.172528,37358.865171
702,-1,197.639999,90.365875,898301.136160,534235.268712,2571.997300,37270.477275,37271.237189
703,-1,197.279999,90.428458,898314.610871,534484.705549,2531.941800,37182.781952,37183.821617
704,-1,196.920000,90.498261,898497.612801,534784.570763,2488.926800,36919.696222,36921.092306
705,-1,196.560000,90.521149,898935.144735,535156.682223,2478.963800,36393.524632,36395.030157
706,-1,196.200000,90.534580,898954.872057,535400.534098,2471.249700,36305.829727,36307.410042
707,-1,195.840000,90.573487,898976.283760,535643.727837,2447.471600,36218.134228,36219.948562
708,-1,195.480000,90.651025,898999.371312,535886.251630,2399.448999,36130.439209,36132.771684
709,-1,195.119999,90.696861,899024.127824,536128.094322,2371.607800,36042.743930,36045.409940
710,-1,194.760000,90.745758,898626.538396,536257.533040,2336.277300,36393.524851,36396.607867
711,-1,194.400000,90.778873,898653.915966,536500.645087,2316.431800,36305.829513,36309.184323
712,-1,194.039999,90.815272,898597.880317,536721.771613,2293.362700,36305.829415,36309.505141
713,-1,193.680000,90.888618,898628.442592,536963.985367,2248.236099,36218.134184,36222.490561
714,-1,193.320000,90.991178,898660.654470,537205.466512,2184.905499,36130.439236,36135.846226
715,-1,192.960000,91.061899,899036.354178,537524.874009,2148.422400,35691.962827,35698.093722
716,-1,192.599999,91.122762,899072.329500,537762.707523,2112.212799,35604.267604,35611.104709
717,-1,192.240000,91.196377,899195.618951,538018.363836,2070.111800,35428.877000,35436.601982
718,-1,191.879999,91.250239,898462.573501,538091.631406,2021.480200,36130.438890,36139.042293
719,-1,191.520000,91.311347,898588.395100,538348.955694,1986.941100,35955.048548,35964.467771
720,-1,191.160000,91.348708,899404.343599,538740.190804,1984.130200,35078.096143,35087.816831
721,-1,190.799999,91.406104,899448.506241,538972.990536,1951.122900,34990.401011,35000.940456
722,-1,190.440000,91.457624,899407.988933,539189.075405,1919.640199,34990.401059,35001.727198
723,-1,190.079999,91.563162,898419.072604,539236.575310,1828.819000,35955.048547,35968.433830
724,-1,189.720000,91.591343,899244.595231,539607.181852,1835.484200,35078.096131,35091.630188
725,-1,189.359999,91.592349,861395.478672,533591.820852,769.534799,73400.916289,73429.272162
726,-1,188.999999,91.514738,861235.286407,534033.386242,866.715599,73488.611405,73514.300381
727,-1,188.640000,91.470133,861597.987454,534555.538084,935.219800,73050.135212,73074.188708
728,-1,188.280000,91.461842,861009.775047,534933.756160,932.368700,73576.306733,73600.260949
729,-1,187.920000,91.490560,861031.496133,535403.520640,897.748000,73488.611518,73513.486726
730,-1,187.560000,91.516121,861056.242802,535872.593193,867.261899,73400.916123,73426.621324
731,-1,187.199999,91.546766,861084.006854,536340.954789,830.342799,73313.220854,73339.944059
732,-1,186.840000,91.581900,861027.709395,536798.141211,785.353600,73313.220878,73341.172260
733,-1,186.479999,91.605538,861148.555610,537275.466700,760.000000,73137.830341,73166.554703
734,-1,186.120000,91.633294,861272.519273,537750.927691,729.542300,72962.440050,72992.095205
735,-1,185.759999,91.625307,861399.582011,538224.504828,744.697899,72787.049619,72816.344766
736,-1,185.399999,91.649041,861529.725123,538696.177113,719.572300,72611.659051,72641.743633
737,-1,185.039999,91.696007,861488.217004,539150.516755,660.000000,72611.659110,72643.482424
738,-1,184.680000,91.687663,861362.161482,539597.952868,668.000000,72699.354477,72730.903372
739,-1,184.320000,91.708478,873306.437134,540958.322523,999.920400,60685.106379,60712.095371
740,-1,183.960000,91.722720,872404.051471,541278.060400,958.447000,61562.058623,61589.896171
741,-1,183.600000,91.755083,872466.073001,541669.530418,926.328699,61474.363690,61503.216247
742,-1,183.239999,91.809887,880673.207177,542520.999188,1127.952699,53231.010988,53257.579873
743,-1,182.879999,91.766252,880742.937681,542859.388275,1171.235700,53143.315694,53168.576729
744,-1,182.519999,91.778841,880902.429160,543200.637920,1164.994900,52967.925346,52993.463345
745,-1,182.160000,91.779011,880012.511648,543500.114355,1137.600200,53844.877685,53870.843450
746,-1,181.800000,91.741934,888678.367348,544110.932031,1436.507199,45163.048962,45183.929378
747,-1,181.440000,91.674662,860441.395607,543684.965692,664.000000,73400.916259,73432.280529
748,-1,181.079999,91.657366,860431.254223,544146.045150,686.176200,73400.916342,73431.635875
749,-1,180.719999,91.683763,860424.010143,544607.179070,652.330000,73400.916352,73432.622594
750,-1,180.359999,91.692823,860419.663695,545068.349408,640.714000,73400.916244,73432.964717
751,-1,180.000000,91.687140,860418.214879,545529.537790,648.000000,73400.916190,73432.749788
752,-1,179.639999,91.677444,860507.357089,545990.175320,663.000000,73313.221120,73344.652156
753,-1,179.279999,91.649744,860599.386761,546449.692774,701.000000,73225.525889,73255.890703
754,-1,178.919999,91.623327,861658.769484,546889.889728,764.612099,72173.182979,72202.160307
755,-1,178.560000,91.610741,861756.408725,547341.052868,782.945600,72085.487710,72113.982611
756,-1,178.199999,91.578532,861243.301483,547810.325223,809.000000,72611.659059,72639.225163
757,-1,177.839999,91.567968,861609.596354,548253.063511,832.000000,72260.878046,72287.944915
758,-1,177.480000,91.582106,861803.354825,548699.000939,819.000000,72085.487614,72112.978066
759,-1,177.119999,91.609363,862262.613093,549129.393123,797.000000,71647.011265,71675.284389
760,-1,176.759999,91.688790,903437.523853,547249.410991,1912.810100,30430.248451,30443.471723
761,-1,176.399999,91.639616,903623.974268,547429.256103,1943.969300,30254.857856,30267.250173
762,-1,176.039999,91.601327,903636.506395,547618.939123,1964.204000,30254.857959,30266.678063
763,-1,175.679999,91.576196,903387.892063,547828.357011,1970.244900,30517.943529,30529.495015
764,-1,175.319999,91.544268,903315.533612,548026.670591,1984.899399,30605.638860,30616.758826
765,-1,174.959999,91.516524,903331.825574,548218.279788,1999.729900,30605.638857,30616.362741
766,-1,174.599999,91.496494,903436.627201,548401.530077,2012.727900,30517.943589,30528.356060
767,-1,174.239999,91.451594,903629.777078,548574.768576,2041.104000,30342.553039,30352.293587
768,-1,173.880000,91.458836,903562.311005,548773.741603,2035.033000,30430.248417,30440.114858
769,-1,173.520000,91.478335,903496.156938,548973.682476,2022.406500,30517.943783,30528.105022
770,-1,173.159999,91.493500,863901.054698,553916.273969,974.000000,70419.278235,70443.208637
771,-1,172.800000,91.501631,864216.141338,554322.440152,970.896699,70156.192252,70180.293618
772,-1,172.439999,91.519768,864359.695185,554748.054786,951.000000,70068.497121,70093.153516
773,-1,172.079999,91.533695,864679.563640,555148.045784,941.000000,69805.411540,69830.427761
774,-1,171.719999,91.533731,865001.706368,555544.382590,948.000000,69542.325664,69567.248779
775,-1,171.360000,91.544511,865326.089577,555937.052408,942.000000,69279.239987,69304.419175
776,-1,171.000000,91.604244,865825.911412,556298.605819,882.000000,68840.763690,68867.756820
777,-1,170.640000,91.630424,866327.555422,556654.291787,863.000000,68402.287496,68429.991551
778,-1,170.279999,91.655754,866571.658609,557048.520001,837.805099,68226.897214,68255.395802
779,-1,169.919999,91.687965,866731.703236,557455.469319,802.000000,68139.201756,68168.782298
780,-1,169.559999,91.741348,866980.446833,557844.972148,743.789399,67963.811207,67995.212037
781,-1,169.200000,91.763615,867317.571487,558215.388730,725.452399,67700.725556,67732.810214
782,-1,168.839999,91.750571,870323.847955,558055.882816,832.006899,64719.087582,64749.306978
783,-1,168.480000,91.696455,870403.806128,558454.585431,893.189799,64719.087554,64747.466785
784,-1,168.119999,91.662081,870228.817305,558906.937544,924.416899,64982.173161,65009.524320
785,-1,167.760000,91.683972,870142.721020,559343.404519,894.411699,65157.563725,65185.716144
786,-1,167.399999,91.693956,869888.439377,559819.740509,872.673100,65508.344766,65536.985508
787,-1,167.039999,91.685428,870064.950178,560201.476622,885.012499,65420.649416,65448.964445
788,-1,166.680000,91.667196,870414.402892,560541.151467,913.505300,65157.563647,65185.157762
789,-1,166.319999,91.691976,870509.974551,560939.236301,885.301399,65157.563699,65185.984474
790,-1,165.959999,91.714485,870437.894643,561379.262324,854.430900,65332.954155,65362.214996
791,-1,165.599999,91.735490,870453.791592,561798.991799,827.801300,65420.649497,65450.672207
792,-1,165.240000,91.745195,870472.464455,562219.146143,814.037599,65508.344491,65538.744753
793,-1,164.879999,91.756734,870409.259201,562662.582264,795.453099,65683.735149,65714.621374
794,-1,164.520000,91.758000,870518.160230,563060.657255,794.000000,65683.735116,65714.665903
795,-1,164.160000,91.770813,870629.560270,563458.040319,779.297399,65683.735130,65715.118608
796,-1,163.799999,91.786988,870659.241969,563879.181865,758.000000,65771.430186,65803.432530
797,-1,163.439999,91.817529,870859.839665,564250.667670,725.689899,65683.735262,65716.797142
798,-1,163.079999,91.835361,871062.609272,564620.357876,708.036500,65596.039815,65629.708898
799,-1,162.719999,91.859086,871100.061297,565040.338335,678.000000,65683.735056,65718.326781
800,-1,162.359999,91.920900,871307.460161,565407.451446,610.000000,65596.039903,65632.922006
801,-1,161.999999,91.973285,871600.396255,565745.630232,556.000000,65420.649305,65459.467393
802,-1,161.639999,92.010968,871811.876147,566108.537642,516.000000,65332.954149,65373.215722
803,-1,161.280000,91.931198,873769.633386,565878.536790,672.121400,63403.658666,63439.691496
804,-1,160.920000,91.847287,874064.429384,566198.101768,770.735300,63228.268284,63261.145348
805,-1,160.559999,91.823467,874112.776728,566602.327993,794.256299,63315.963512,63348.042260
806,-1,160.200000,91.824751,874163.847821,567006.761240,790.042799,63403.658778,63435.827208
807,-1,159.840000,91.756493,874135.324912,567441.607155,860.271699,63579.049231,63608.937592
808,-1,159.480000,91.691958,874192.048552,567846.916711,929.358900,63666.744627,63694.514539
809,-1,159.119999,91.685950,874497.321235,568158.610642,941.202799,63491.354215,63518.851241
810,-1,158.760000,91.700866,874640.673967,568530.891393,924.659899,63491.354156,63519.340045
811,-1,158.400000,91.716943,874949.436801,568837.698523,912.085999,63315.963705,63344.402574
812,-1,158.040000,91.768303,875097.047398,569207.125277,855.276599,63315.963704,63346.130138
813,-1,157.680000,91.783545,874760.227205,569775.445991,822.032200,63842.134911,63873.078883
814,-1,157.320000,91.761102,875075.561548,570078.415201,852.456699,63666.744397,63696.831302
815,-1,156.959999,91.751341,874423.965739,570790.241205,836.498999,64543.696838,64573.860871
816,-1,156.600000,91.755331,874583.854526,571162.930749,832.000000,64543.696993,64573.998680
817,-1,156.240000,91.782584,874826.344527,571499.275548,804.000000,64456.001607,64487.209423
818,-1,155.880000,91.817023,875070.719366,571833.586560,768.000000,64368.306325,64400.688064
819,-1,155.520000,91.834556,876993.014078,571402.739324,810.078699,62439.011281,62471.031807
820,-1,155.159999,91.811199,877395.447000,571648.756877,843.876999,62175.925642,62207.004181
821,-1,154.799999,91.781500,877640.020658,571965.420614,878.865500,62088.230343,62118.255188
822,-1,154.439999,91.773744,877807.229969,572317.880210,887.278399,62088.230401,62117.994275
823,-1,154.080000,91.760861,877897.777032,572707.614995,898.556500,62175.925548,62205.299887
824,-1,153.719999,91.764881,877991.013723,573097.268415,891.486900,62263.620664,62293.170980
825,-1,153.359999,91.748720,878165.327678,573447.500327,909.066600,62263.620710,62292.632082
826,-1,153.000000,91.742107,878263.701826,573836.442790,913.592399,62351.315856,62380.148692
827,-1,152.639999,91.733232,878442.654880,574184.947014,923.258799,62351.315887,62379.855604
828,-1,152.279999,91.722823,878468.532781,574613.902849,929.321299,62526.706468,62554.983607
829,-1,151.919999,91.726205,878420.248428,575084.939965,917.698600,62789.792128,62818.299882
830,-1,151.560000,91.740039,878529.930952,575474.199357,899.859700,62877.487274,62906.494433
831,-1,151.199999,91.754075,878796.016706,575778.750913,887.127600,62789.792234,62819.228322
832,-1,150.840000,91.757105,878987.162977,576123.871942,883.804300,62789.792220,62819.330121
833,-1,150.479999,91.712787,921380.442364,552572.742207,2382.561300,14294.324229,14300.713584
834,-1,150.120000,91.615144,921424.941290,552650.757143,2406.942100,14294.324235,14300.005629
835,-1,149.759999,91.481240,921394.167730,552772.656506,2438.105700,14382.019423,14386.826893
836,-1,149.400000,91.370754,921590.888465,552761.300229,2470.053100,14206.628916,14210.695586
837,-1,149.039999,91.263813,921711.769129,552792.875625,2498.518100,14118.933729,14122.369157
838,-1,148.680000,91.206411,921457.980266,553051.146434,2505.282700,14469.714778,14472.922938
839,-1,148.320000,91.083687,921356.227517,553220.775360,2532.970700,14645.104994,14647.724927
840,-1,147.959999,90.948809,921330.461164,553345.453260,2566.004800,14732.800501,14734.820809
841,-1,147.599999,90.867468,921379.816381,553423.767080,2586.925800,14732.800344,14734.489068
842,-1,147.239999,90.806656,921282.168610,553596.676839,2600.096600,14908.191041,14909.668660
843,-1,146.880000,90.729621,921259.655860,553723.205130,2619.027500,14995.886169,14997.102136
844,-1,146.519999,90.642921,921384.530610,553753.579741,2642.706700,14908.190855,14909.129472
845,-1,146.160000,90.585996,921436.448813,553831.545792,2657.520200,14908.190926,14908.970682
846,-1,145.800000,90.577691,921488.855861,553909.184088,2659.681200,14908.190996,14908.948807
847,-1,145.439999,90.583217,921541.749784,553986.491676,2658.243400,14908.191045,14908.963422
848,-1,145.080000,90.587550,921523.222590,554113.664650,2656.216400,14995.886078,14996.674587
849,-1,144.719999,90.621762,921648.989727,554140.101934,2648.212900,14908.190874,14909.068724
850,-1,144.359999,90.662426,921632.061939,554267.498004,2636.617000,14995.886191,14996.888488
851,-1,144.000000,90.694696,921687.204217,554343.898442,2628.169899,14995.886197,14996.988531
852,-1,143.640000,90.712295,921813.447403,554367.960402,2624.653400,14908.190854,14909.342973
853,-1,143.280000,90.727260,921798.923810,554495.652732,2619.645699,14995.886092,14997.094200
854,-1,142.919999,90.736453,921855.496532,554571.000678,2617.239300,14995.886185,14997.125030
855,-1,142.560000,90.730701,921912.541365,554645.991342,2618.744800,14995.886227,14997.105797
856,-1,142.200000,90.734268,921970.056342,554720.622098,2617.811200,14995.886190,14997.117695
857,-1,141.839999,90.759095,922028.039165,554794.890322,2611.312200,14995.886296,14997.202494
858,-1,141.480000,90.769962,922086.487539,554868.792405,2608.467399,14995.886134,14997.240291
859,-1,141.119999,90.760427,922213.666419,554887.280557,2612.127500,14908.191018,14909.504115
860,-1,140.759999,90.725611,922272.691563,554960.014664,2621.187900,14908.191014,14909.386618
861,-1,140.400000,90.679757,922399.742818,554976.477229,2634.161200,14820.495699,14821.538788
862,-1,140.040000,90.654801,922459.324720,555048.040406,2640.617499,14820.495684,14821.463583
863,-1,139.679999,90.646679,922519.355112,555119.227928,2642.718599,14820.495727,14821.439764
864,-1,139.319999,90.636728,922513.326909,555247.199457,2644.318300,14908.190902,14909.111522
865,-1,138.959999,90.637287,922574.607626,555318.043475,2644.172900,14908.190735,14909.112972
866,-1,138.599999,90.640125,922570.550876,555446.495318,2642.454600,14995.886201,14996.822144
867,-1,138.240000,90.647659,922567.667023,555575.381871,2639.491200,15083.581354,15084.545062
868,-1,137.880000,90.635044,922631.008760,555645.878121,2642.812500,15083.581222,15084.507753
869,-1,137.519999,90.595185,922759.468477,555656.751787,2654.217900,14995.886102,14996.695237
870,-1,137.160000,90.522858,922951.923473,555606.783711,2674.750300,14820.495481,14821.112602
871,-1,136.799999,90.444712,923015.454842,555674.865268,2694.965500,14820.495594,14820.942028
872,-1,136.440000,90.365292,923079.412391,555742.545907,2715.509700,14820.495676,14820.796891
873,-1,136.080000,90.285469,923143.794152,555809.823660,2736.158000,14820.495803,14820.679758
874,-1,135.720000,90.213356,923208.597500,555876.695245,2754.811700,14820.495606,14820.598360
875,-1,135.360000,90.178382,923336.217980,555881.539396,2764.131200,14732.800279,14732.871682
876,-1,134.999999,90.109502,923277.448084,556071.220775,2781.507700,14908.191047,14908.218274
877,-1,134.639999,90.038106,923343.891193,556137.247546,2800.084800,14908.190927,14908.194224
878,-1,134.279999,89.991659,923471.973614,556140.071359,2812.157500,14820.495606,14820.495763
879,-1,133.919999,89.948360,923538.845199,556204.874707,2823.357500,14820.495803,14820.501822
880,-1,133.559999,89.903410,922337.051015,557603.777421,2838.089100,16662.095457,16662.119133
881,-1,133.200000,89.810959,922473.173118,557611.755751,2864.685500,16574.400523,16574.490737
882,-1,132.840000,89.700137,922728.197542,557489.896415,2895.367400,16311.314629,16311.538018
883,-1,132.479999,89.588070,922803.565173,557559.346407,2927.272700,16311.314703,16311.736273
884,-1,132.119999,89.539855,922879.367515,557628.321335,2940.999600,16311.314780,16311.840815
885,-1,131.760000,89.495509,922546.759257,558154.727106,2959.030499,16925.181580,16925.837693
886,-1,131.399999,89.465900,922394.332068,558488.428539,2971.047500,17275.962538,17276.713169
887,-1,131.039999,89.445208,922418.400918,558626.100507,2978.136400,17363.657535,17364.471568
888,-1,130.679999,89.436709,922386.587989,558830.483957,2982.436600,17539.048155,17539.895797
889,-1,130.320000,89.439489,922413.641741,558968.916095,2982.443499,17626.743205,17627.586698
890,-1,129.959999,89.458572,922329.341056,559241.966730,2979.058300,17889.829008,17890.627788
891,-1,129.600000,89.478580,921968.532395,559854.450741,2979.195300,18591.391018,18592.160902
892,-1,129.240000,89.511263,921892.351773,560132.387521,2970.833799,18854.476514,18855.162480
893,-1,128.879999,89.546309,921874.247806,560343.572138,2960.689000,19029.867309,19030.463919
894,-1,128.520000,89.603465,921858.331172,560555.554982,2942.918600,19205.257791,19205.717747
895,-1,128.159999,89.624492,921790.428092,560837.270954,2937.594400,19468.343276,19468.761394
896,-1,127.800000,89.686733,921779.348062,561051.132403,2917.403900,19643.733712,19644.027331
897,-1,127.439999,89.747769,921610.547218,561474.619745,2898.407500,20082.209992,20082.404588
898,-1,127.079999,89.849561,921763.847437,561481.050506,2862.498800,19994.514782,19994.583704
899,-1,126.719999,89.982754,921864.311146,561556.480802,2816.018300,19994.514789,19994.515695
900,-1,126.359999,90.067760,920197.562183,564032.414826,2782.827500,22976.152800,22976.168868
901,-1,126.000000,90.146266,920004.811257,564543.317676,2750.002299,23502.324510,23502.401093
902,-1,125.640000,90.266565,919869.054310,564986.086803,2698.615999,23940.800761,23941.059865
903,-1,125.279999,90.377027,919940.927854,565144.942129,2651.881500,24028.495829,24029.016070
904,-1,124.920000,90.438417,919964.048871,565375.565355,2624.792600,24203.886316,24204.594906
905,-1,124.560000,90.468740,920038.523131,565535.532883,2611.253900,24292.900089,24293.713071
906,-1,124.200000,90.520930,920165.236789,565620.633106,2589.135899,24291.581669,24292.585720
907,-1,123.839999,90.582962,920340.576989,565633.186559,2563.726299,24203.886338,24205.139219
908,-1,123.479999,90.617618,915435.978531,573324.527147,2450.769000,33324.191372,33326.127550
909,-1,123.120000,90.533971,915658.897376,573366.035266,2500.241400,33236.496198,33237.939616
910,-1,122.759999,90.441314,915786.702895,573553.336073,2553.319099,33324.191453,33325.179986
911,-1,122.400000,90.377065,915963.136269,573666.083223,2590.688899,33324.191500,33324.913151
912,-1,122.039999,90.267963,916186.798223,573703.382361,2654.556800,33236.496197,33236.859690
913,-1,121.679999,90.160485,916364.166635,573813.612455,2716.904100,33236.495950,33236.626331
914,-1,121.319999,90.073607,916587.809560,573847.810221,2767.413900,33148.800799,33148.828154
915,-1,120.960000,90.031462,916766.077248,573955.518011,2791.797400,33148.800825,33148.805822
916,-1,120.599999,89.986520,916989.659150,573986.620967,2817.778200,33061.105668,33061.106583
917,-1,120.239999,89.990809,917168.791338,574091.801203,2815.303000,33061.105614,33061.106039
918,-1,119.880000,90.016793,917348.580677,574195.853817,2800.309599,33061.105619,33061.107039
919,-1,119.520000,90.054147,917529.020276,574298.774871,2778.755300,33061.105726,33061.120490
920,-1,119.160000,90.081848,917667.373674,574477.140984,2762.646100,33148.800847,33148.834670
921,-1,118.799999,90.102706,917806.458042,574656.482161,2750.418000,33238.299984,33238.353386
922,-1,118.440000,89.974927,927387.502200,557404.763383,2815.909799,13505.066930,13505.068223
923,-1,118.080000,89.891194,927462.242864,557444.939812,2835.646400,13505.066937,13505.091289
924,-1,117.720000,89.830640,927578.026097,557407.015347,2849.660300,13417.371739,13417.430355
925,-1,117.360000,89.752580,927652.777260,557445.994600,2867.940300,13417.371657,13417.496759
926,-1,117.000000,89.628634,927767.584445,557406.366398,2896.398200,13329.676452,13329.956451
927,-1,116.640000,89.473217,927842.327734,557444.154709,2932.557700,13329.676456,13330.239863
928,-1,116.279999,89.401535,927955.816680,557403.486155,2948.327399,13242.700079,13243.422513
929,-1,115.919999,89.231073,928797.511847,555861.974146,2964.182600,11488.076456,11489.111059
930,-1,115.559999,89.124121,928862.531074,555893.321852,2985.631400,11488.076584,11489.419044
931,-1,115.200000,89.008282,928965.084675,555844.911188,3007.345900,11400.381341,11402.089288
932,-1,114.840000,88.926057,928992.892034,555955.354209,3025.367400,11488.700153,11490.718617
933,-1,114.479999,88.834963,928368.316183,557501.332088,3077.512500,13154.286055,13157.005911
934,-1,114.120000,88.726381,928443.644116,557535.344159,3102.452699,13154.286242,13157.536818
935,-1,113.759999,88.656464,928554.517582,557488.619843,3116.456300,13066.590936,13070.184167
936,-1,113.400000,88.519303,928803.901926,557119.048403,3136.421400,12628.114650,12632.332743
937,-1,113.040000,88.405897,929220.035608,556343.331451,3137.029100,11751.162172,11755.711821
938,-1,112.680000,88.289805,928983.483588,557100.868978,3184.444500,12541.100112,12546.688834
939,-1,112.319999,88.193696,929089.846892,557049.269015,3202.714000,12452.724052,12458.914905
940,-1,111.960000,88.072725,929162.320172,557078.756489,3229.033899,12452.724211,12459.772457
941,-1,111.600000,87.954848,929234.977507,557107.787927,3254.684299,12452.724204,12460.661469
942,-1,111.240000,87.842033,929339.585566,557054.623992,3275.932000,12365.028906,12373.804285
943,-1,110.880000,87.698550,929411.848545,557083.169210,3306.971100,12365.700070,12375.682547
944,-1,110.520000,87.566190,929484.764081,557110.004130,3335.557600,12365.028824,12376.192816
945,-1,110.160000,87.441820,929466.940626,557383.976679,3374.203400,12628.114785,12640.712341
946,-1,109.800000,87.326135,929541.509703,557411.087846,3399.753700,12628.114517,12641.878250
947,-1,109.439999,87.193156,929645.207986,557355.676539,3424.863600,12541.100095,12556.163779
948,-1,109.079999,87.063112,929719.818073,557381.025242,3453.364900,12540.419524,12556.912050
949,-1,108.720000,86.939012,929766.218243,557489.603765,3485.291000,12628.114684,12646.157457
950,-1,108.360000,86.849667,929841.445127,557514.832717,3505.040800,12628.114663,12647.227429
951,-1,107.999999,86.779486,929916.829162,557539.588573,3520.556700,12628.114664,12648.089610
952,-1,107.639999,86.717164,930018.941819,557480.298337,3529.306700,12540.419290,12561.031730
953,-1,107.279999,86.646286,930094.105054,557503.939694,3544.872200,12540.419441,12561.932849
954,-1,106.920000,86.605874,930194.937858,557443.209172,3548.546900,12452.724289,12474.605956
955,-1,106.559999,86.608102,930269.672288,557466.393181,3548.101100,12453.400108,12475.254205
956,-1,106.200000,86.625110,930344.931652,557487.810133,3544.351400,12452.724160,12474.358139
957,-1,105.839999,86.629117,930443.889460,557425.683289,3538.351800,12365.699885,12387.131629
958,-1,105.480000,86.655789,930518.880123,557446.009036,3532.536300,12365.029043,12386.121344
959,-1,105.119999,86.711776,930616.692920,557381.850371,3515.374700,12277.333734,12297.580131
960,-1,104.760000,86.759832,930691.055960,557402.382154,3505.081600,12278.000129,12297.659355
961,-1,104.399999,86.803713,930809.500277,557251.276157,3485.816900,12101.943143,12120.798502
962,-1,104.039999,86.850028,930883.049671,557270.592064,3476.040400,12102.600110,12120.913300
963,-1,103.679999,86.910605,930977.773563,557202.962278,3458.437999,12014.247864,12031.734022
964,-1,103.320000,87.002920,931030.971291,557305.920733,3443.617400,12101.943239,12118.518935
965,-1,102.959999,87.100134,931124.686655,557237.745345,3418.587199,12014.247993,12029.652248
966,-1,102.599999,87.196986,931179.174078,557340.026964,3402.521700,12101.943126,12116.439634
967,-1,102.239999,87.330668,931253.433116,557356.380934,3374.221200,12101.943015,12115.088538
968,-1,101.879999,87.476293,931327.658361,557372.911085,3343.428000,12102.600020,12114.349866
969,-1,101.519999,87.592664,931384.738628,557473.616592,3322.460500,12189.638427,12200.405761
970,-1,101.160000,87.713068,931442.859575,557574.713503,3300.303799,12277.333756,12287.120166
971,-1,100.800000,87.865431,931666.480190,556814.128738,3238.189300,11488.076369,11496.053441
972,-1,100.440000,87.949341,931737.312398,556828.044720,3221.364800,11488.700006,11496.062318
973,-1,100.080000,88.035181,931808.452675,556840.288134,3204.109900,11488.076468,11494.834647
974,-1,99.720000,88.127754,931864.647445,556939.753815,3188.414999,11576.399957,11582.583212
975,-1,99.360000,88.250173,931808.117702,557729.937930,3187.748300,12365.028844,12370.797553
976,-1,98.999999,88.347140,931871.095923,557828.948230,3169.333900,12452.724124,12457.907487
977,-1,98.640000,88.491391,932080.153904,556973.944691,3114.862599,11575.771719,11579.785494
978,-1,98.280000,88.591413,932152.095033,556984.645129,3094.641600,11575.771822,11579.270881
979,-1,97.920000,88.702392,932224.102107,556994.893140,3072.207299,11575.771710,11578.741009
980,-1,97.559999,88.829265,932296.172172,557004.688724,3046.562600,11575.771799,11578.188745
981,-1,97.199999,89.001713,932368.302278,557014.031225,3011.709600,11575.771837,11577.529114
982,-1,96.839972,88.936335,933798.242659,545703.679830,2813.256400,175.390352,175.420580
983,-1,96.479995,88.850975,933799.337145,545703.807783,2813.517800,175.390506,175.425781
984,-1,96.119952,88.765619,933800.432615,545703.928845,2813.779200,175.390627,175.431339
985,-1,95.759956,88.680339,933801.527758,545704.052205,2814.040599,175.399992,175.446527
986,-1,95.399945,88.594826,933802.625524,545704.149973,2814.302300,175.390557,175.443316
987,-1,95.039951,88.509420,933803.722963,545704.250039,2814.563899,175.390363,175.449733
988,-1,94.679998,88.424110,933804.820074,545704.353057,2814.825500,175.400063,175.466428
989,-1,94.319997,88.338568,933805.919481,545704.429829,2815.087300,175.390339,175.464104
990,-1,93.960011,88.253154,933807.018560,545704.509553,2815.349000,175.390509,175.472056
991,-1,93.599974,88.167712,933808.118296,545704.582059,2815.610799,175.390357,175.480080
992,-1,93.239964,88.082315,933809.218359,545704.648004,2815.872500,175.390561,175.488846
993,-1,92.880039,87.996999,933810.318094,545704.716245,2816.134300,175.399999,175.507234
994,-1,92.520004,87.911475,933811.419470,545704.758568,2816.396100,175.390392,175.506979
995,-1,92.160018,87.826101,933812.520518,545704.803515,2816.657800,175.390347,175.516666
996,-1,91.800010,87.740705,933813.621893,545704.841573,2816.919599,175.390328,175.526773
997,-1,91.439994,87.655479,933814.723269,545704.882255,2817.181300,175.399858,175.546806
998,-1,91.079977,87.570010,933815.825301,545704.897019,2817.443000,175.390385,175.548243
999,-1,90.719993,87.484816,933816.927005,545704.923922,2817.704700,175.399980,175.569119
1000,-1,90.360009,87.399393,933818.029037,545704.924906,2817.966300,175.390578,175.571401
1001,-1,90.000000,87.314146,933819.131069,545704.928187,2818.227799,175.390397,175.583279
