"OBJECTID","FEATURE_ID","HORIZ_ANG","ZENITH_ANG","VERTEX_X","VERTEX_Y","VERTEX_Z","DIST_2D","DIST_3D"
1,-1,90.000000,78.375017,940868.520185,554048.975147,4546.794800,5963.276459,6088.159952
2,-1,89.640000,78.331458,940905.988286,554048.857365,4551.520999,5963.276387,6089.113994
3,-1,89.280000,78.284836,940943.459012,554048.827838,4556.648300,5963.600010,6090.469941
4,-1,88.919999,78.238509,940980.924816,554048.239256,4561.678400,5963.599989,6091.493255
5,-1,88.559999,78.196591,941018.386027,554047.415439,4566.231199,5963.600119,6092.423047
6,-1,88.199999,78.150446,941053.086745,553958.699409,4552.844100,5875.900125,6003.841008
7,-1,87.840000,78.081620,941089.971842,553957.104924,4560.147700,5875.580994,6005.032751
8,-1,87.479998,77.976643,941126.858579,553955.597709,4571.396900,5875.581098,6007.366099
9,-1,87.119998,77.871952,941163.750894,553954.177109,4582.692700,5875.899943,6010.041014
10,-1,86.760001,77.804711,941200.617290,553952.206312,4589.908800,5875.899947,6011.561240
11,-1,86.400000,77.738603,941237.450878,553949.685648,4596.937500,5875.581070,6012.738336
12,-1,86.039998,77.691346,941274.288074,553947.251926,4602.013500,5875.581157,6013.818466
13,-1,85.680000,77.658040,941311.108867,553944.586577,4605.592000,5875.580995,6014.582181
14,-1,85.319999,77.620144,941355.094015,554029.415475,4628.984500,5963.599863,6105.568258
15,-1,84.959999,77.590334,941392.429570,554026.240941,4632.237200,5963.599860,6106.266434
16,-1,84.600000,77.560787,941429.744456,554022.832155,4635.461899,5963.600127,6106.960495
17,-1,84.239999,77.546141,941467.037361,554019.188461,4637.060500,5963.599894,6107.304811
18,-1,83.880000,77.524785,941494.956596,553928.110560,4619.989100,5875.899850,6017.987264
19,-1,83.519999,77.503072,941531.653045,553924.059387,4622.325100,5875.900002,6018.492460
20,-1,83.160000,77.481907,941568.285190,553919.460971,4624.531700,5875.581114,6018.659019
21,-1,82.799998,77.460528,941604.965891,553915.265441,4626.903200,5875.899999,6019.484760
22,-1,82.439999,77.435725,941641.537340,553910.207052,4629.501900,5875.581095,6019.738236
23,-1,82.080001,77.378440,941641.909386,553644.960535,4576.827200,5612.799937,5751.794307
24,-1,81.719998,77.293020,941676.824015,553639.991385,4585.617499,5612.799875,5753.721413
25,-1,81.359998,77.242818,941711.706491,553634.803075,4590.786500,5612.799893,5754.860639
26,-1,80.999999,77.214965,941746.507931,553629.095082,4593.586200,5612.495528,5755.182696
27,-1,80.640000,77.184256,941781.370066,553623.769633,4596.818900,5612.800076,5756.195896
28,-1,80.280000,77.166907,941816.148539,553617.924828,4598.606499,5612.800153,5756.592754
29,-1,79.920000,77.146979,941850.889612,553611.861520,4600.660099,5612.800133,5757.049211
30,-1,79.559999,77.134399,941885.591970,553605.580037,4601.956700,5612.800113,5757.337761
31,-1,79.200000,77.127382,941920.253974,553599.080706,4602.679999,5612.800124,5757.498868
32,-1,78.839999,77.118141,941954.874640,553592.363528,4603.632500,5612.799983,5757.711008
33,-1,78.479998,77.117009,941989.391631,553585.130603,4603.679600,5612.495361,5757.424554
34,-1,78.120001,77.118284,942023.985722,553578.277598,4603.617800,5612.799986,5757.707733
35,-1,77.760000,77.138930,942039.817055,553484.909674,4581.397900,5524.800053,5666.969233
36,-1,77.399998,77.206185,942092.914718,553563.324216,4594.559700,5612.799960,5755.695077
37,-1,77.039999,77.265673,942127.238796,553555.226135,4588.364200,5612.495259,5754.029090
38,-1,76.679998,77.341496,942161.579935,553547.209747,4580.559899,5612.495573,5752.314127
39,-1,76.320001,77.416762,942195.869565,553538.977152,4572.817400,5612.495200,5750.622037
40,-1,75.959999,77.502360,942230.181176,553530.825265,4564.085200,5612.800022,5749.023575
41,-1,75.600000,77.609869,942264.291016,553521.867278,4552.973700,5612.495447,5746.331811
42,-1,75.239999,77.722604,942298.497312,553513.284618,4541.468900,5612.799979,5744.171818
43,-1,74.880000,77.848483,942332.571391,553504.192772,4528.559700,5612.800020,5741.440639
44,-1,74.519999,77.976830,942389.912484,553579.107321,4534.022300,5700.190604,5828.037669
45,-1,74.160001,78.109417,942424.482624,553569.737589,4520.305300,5700.500133,5825.498655
46,-1,73.799999,78.240563,942458.909065,553559.852766,4506.685200,5700.499947,5822.707396
47,-1,73.440001,78.389141,942468.276172,553465.689897,4473.251000,5612.800069,5730.053445
48,-1,73.079999,78.565690,942502.048086,553455.532108,4455.237100,5612.800046,5726.455067
49,-1,72.719999,78.760195,942535.664817,553444.871697,4435.356600,5612.495573,5722.248413
50,-1,72.359999,78.918854,942595.972767,553518.157311,4436.445700,5700.499900,5808.799369
51,-1,72.000001,79.008073,942630.071452,553507.196375,4427.231400,5700.499981,5807.035509
52,-1,71.639999,79.093188,942664.003471,553495.727566,4418.386499,5700.190583,5805.051730
53,-1,71.280000,79.200346,942698.059177,553484.632444,4407.392800,5700.499857,5803.285425
54,-1,70.920000,79.312677,942731.844214,553472.738439,4395.755999,5700.190673,5800.812416
55,-1,70.560001,79.422316,942765.757861,553461.216152,4384.521599,5700.499873,5799.043459
56,-1,70.199999,79.529448,942799.390995,553448.898592,4373.437800,5700.190811,5796.715146
57,-1,69.839998,79.634237,942833.157332,553436.951109,4362.716799,5700.500117,5795.080665
58,-1,69.480001,79.741879,942897.372755,553506.342702,4367.467399,5787.885993,5881.905493
59,-1,69.120001,79.831379,942931.503264,553493.781376,4358.189199,5788.199853,5880.569220
60,-1,68.760000,79.965654,942965.442501,553480.712832,4344.193799,5788.200135,5878.114812
61,-1,68.400000,80.097077,942999.298732,553467.431035,4330.506899,5788.200088,5875.745438
62,-1,68.039998,80.246494,943000.274780,553372.599860,4299.884100,5700.500122,5784.105332
63,-1,67.679999,80.429928,943033.333441,553358.815110,4281.052700,5700.190631,5780.639716
64,-1,67.319999,80.627253,943066.541708,553345.394533,4260.926000,5700.499890,5777.632797
65,-1,66.959999,80.803273,943133.869329,553412.184754,4257.144499,5788.200113,5863.574027
66,-1,66.600000,80.959365,943167.166835,553397.557815,4240.919299,5787.885952,5860.692464
67,-1,66.240000,81.064159,943059.164754,553061.961045,4174.912800,5437.104990,5503.906482
68,-1,65.880001,81.171568,943090.508523,553048.367897,4164.517000,5437.399916,5502.592735
69,-1,65.520000,81.268308,943121.645928,553034.308870,4155.117300,5437.399961,5501.157991
70,-1,65.159999,81.360272,943152.694423,553020.054633,4146.186300,5437.400163,5499.809482
71,-1,64.800002,81.451803,943183.526710,553005.338455,4137.257199,5437.104987,5498.183334
72,-1,64.440000,81.512366,943252.357937,553070.079139,4144.512600,5525.100081,5586.282479
73,-1,64.080000,81.560094,943283.628544,553055.002726,4139.808200,5525.100089,5585.590075
74,-1,63.720000,81.651937,943314.803678,553039.730119,4130.758900,5525.100030,5584.269006
75,-1,63.359999,81.740469,943345.882356,553024.261974,4122.039800,5525.100058,5583.009806
76,-1,63.000001,81.835959,943376.862938,553008.598947,4112.639800,5525.100028,5581.667150
77,-1,62.640000,81.934997,943407.606971,552992.474964,4102.852799,5524.800007,5579.988676
78,-1,62.279998,82.031774,943438.387093,552976.424799,4093.335900,5524.800251,5578.661687
79,-1,61.919998,82.169404,943469.206585,552960.445828,4079.850500,5525.099947,5577.105182
80,-1,61.559999,82.321588,943499.641235,552943.745730,4064.862700,5524.800362,5574.786048
81,-1,61.200000,82.470169,943530.257316,552927.380606,4050.319800,5525.099849,5573.158472
82,-1,60.840000,82.586100,943560.479696,552910.299275,4038.909199,5524.800162,5571.377502
83,-1,60.479999,82.687974,943590.888100,552893.550949,4028.960300,5525.100037,5570.399907
84,-1,60.120002,82.779391,943621.042567,552876.351180,4020.001600,5525.100068,5569.266828
85,-1,59.760000,82.876234,943651.088767,552858.962107,4010.515000,5525.100142,5568.082483
86,-1,59.400001,82.964851,943680.872172,552841.126513,4001.800800,5524.800222,5566.710862
87,-1,59.039998,83.045872,943710.695931,552823.362113,3993.870599,5524.800240,5565.745168
88,-1,58.679999,83.124772,943740.562998,552805.666938,3986.186900,5525.100017,5565.117715
89,-1,58.319999,83.199865,943770.005196,552787.273274,3978.805700,5524.800345,5563.941391
90,-1,57.959999,83.275638,943753.121699,552694.862698,3961.091600,5437.400000,5475.063214
91,-1,57.600000,83.301616,943688.040793,552528.552335,3937.992400,5262.000093,5298.165681
92,-1,57.239999,83.319923,943715.745790,552510.509064,3936.254600,5261.714597,5297.679703
93,-1,56.879999,83.383810,943743.647309,552492.771239,3930.341000,5262.000042,5297.278601
94,-1,56.520001,83.409359,943819.499848,552547.526050,3938.062300,5349.409722,5384.996321
95,-1,56.160001,83.431101,943847.637587,552529.137636,3936.038799,5349.700007,5385.052829
96,-1,55.799998,83.494007,943875.497767,552510.331571,3930.088099,5349.700022,5384.375341
97,-1,55.439999,83.553955,943903.238853,552491.350966,3924.418600,5349.699934,5383.735806
98,-1,55.080001,83.609401,943930.860189,552472.196477,3919.176100,5349.699912,5383.149742
99,-1,54.720000,83.645927,944008.843629,552524.220979,3925.456300,5437.105062,5470.711908
100,-1,54.360000,83.690946,944036.669361,552504.402121,3921.131599,5437.104857,5470.234768
101,-1,53.999999,83.734048,944064.370421,552484.409051,3916.991800,5437.105073,5469.781603
102,-1,53.640000,83.782947,944091.944841,552464.242096,3912.296000,5437.104825,5469.270832
103,-1,53.280000,83.829006,944119.392292,552443.902570,3907.873700,5437.104977,5468.793836
104,-1,52.919999,83.880880,944146.889285,552423.626036,3902.925700,5437.399895,5468.557396
105,-1,52.559999,83.934934,944173.901042,552402.707771,3897.706100,5437.104930,5467.710157
106,-1,52.199997,83.980173,944201.141145,552382.087405,3893.396200,5437.399972,5467.549877
107,-1,51.840000,84.016201,944227.887810,552360.831542,3889.908400,5437.105089,5466.891927
108,-1,51.480001,84.068828,944254.866431,552339.870626,3884.890600,5437.400093,5466.664537
109,-1,51.120000,84.117425,944226.480661,552250.238587,3871.193400,5349.700097,5378.020573
110,-1,50.759998,84.165183,944307.870590,552296.752930,3875.619200,5437.104839,5465.420544
111,-1,50.400000,84.216447,944278.362119,552207.489657,3861.821800,5349.409575,5376.779116
112,-1,50.039999,84.257018,944304.192776,552185.983795,3857.995300,5349.409696,5376.394986
113,-1,49.679998,84.299760,944330.075598,552164.537315,3853.993600,5349.700031,5376.284924
114,-1,49.319998,84.346604,944355.445954,552142.487162,3849.547900,5349.409691,5375.556252
115,-1,48.959999,84.379787,944380.866507,552120.498361,3846.419599,5349.409788,5375.249080
116,-1,48.600000,84.399310,944406.148281,552098.350112,3844.579199,5349.409685,5375.069053
117,-1,48.239999,84.441625,944431.483860,552076.259933,3840.619000,5349.699916,5374.972868
118,-1,47.880001,84.451361,944338.848546,551923.693309,3822.662000,5174.300111,5198.658550
119,-1,47.520000,84.465980,944422.121346,551966.492764,3829.826400,5261.999987,5286.640409
120,-1,47.159999,84.486568,944446.434945,551944.088281,3827.918000,5262.000026,5286.456750
121,-1,46.800000,84.505350,944470.411603,551921.323563,3826.149600,5261.714546,5286.002968
122,-1,46.440001,84.547574,944494.636949,551898.823608,3822.263600,5262.000041,5285.916491
123,-1,46.079998,84.612073,944518.325878,551875.759021,3816.259800,5261.714447,5285.065062
124,-1,45.719999,84.670281,944542.266775,551852.956573,3810.893900,5262.000188,5284.848417
125,-1,45.360000,84.719091,944565.663710,551829.596384,3806.346200,5261.714568,5284.143527
126,-1,45.000000,84.769001,944589.316221,551806.494724,3801.750100,5262.000217,5284.006949
127,-1,44.639999,84.819715,944612.417881,551782.842212,3797.028000,5261.714568,5283.294039
128,-1,44.280000,84.861659,944635.778071,551759.445278,3793.170400,5262.000188,5283.231606
129,-1,43.920001,84.897418,944658.786227,551735.702543,3789.860000,5262.000076,5282.936042
130,-1,43.559998,84.940704,944681.645105,551711.815452,3785.853200,5262.000041,5282.581153
131,-1,43.199999,84.978374,944704.145060,551687.590106,3782.341600,5261.714546,5281.988235
132,-1,42.840000,85.007138,944726.909778,551663.613448,3779.704700,5262.000026,5282.042473
133,-1,42.479998,85.033357,944749.103631,551639.106936,3777.253700,5261.714364,5281.545133
134,-1,42.119999,85.060091,944771.353587,551614.654557,3774.780199,5261.714367,5281.331566
135,-1,41.760001,85.080123,944793.449343,551590.063070,3772.926900,5261.714418,5281.172350
136,-1,41.399998,85.088115,944815.390572,551565.332805,3772.187500,5261.714496,5281.109066
137,-1,41.039999,85.101076,944837.175634,551540.465401,3770.988500,5261.714464,5281.006507
138,-1,40.679999,85.112233,944859.020734,551515.647865,3769.980800,5262.000188,5281.205232
139,-1,40.320000,85.118741,944880.274957,551490.322456,3769.354300,5261.714487,5280.867224
140,-1,39.960000,85.113626,944901.806410,551465.232283,3769.851899,5262.000103,5281.194166
141,-1,39.600001,85.099242,944922.740751,551439.641783,3771.158100,5261.714424,5281.020953
142,-1,39.240000,85.091182,944943.955276,551414.282910,3771.928300,5262.000009,5281.371345
143,-1,38.879998,85.088075,944896.299203,551333.385762,3764.654700,5174.019245,5193.090886
144,-1,38.520000,85.055169,944916.845094,551308.189618,3767.672600,5174.300180,5193.630052
145,-1,38.160000,85.032752,944937.012376,551282.689669,3769.712300,5174.299956,5193.806041
146,-1,37.799999,85.050335,944956.797442,551256.891493,3768.088099,5174.019204,5193.385954
147,-1,37.440000,85.060990,944976.864659,551231.312476,3767.143000,5174.299992,5193.584241
148,-1,37.079998,85.074257,944996.323937,551205.267580,3765.911700,5174.019123,5193.198545
149,-1,36.720000,85.099740,945016.068321,551179.438564,3763.617600,5174.300141,5193.282057
150,-1,36.360000,85.135702,945035.198532,551153.151215,3760.322300,5174.019080,5192.721557
151,-1,35.999998,85.175751,945054.389766,551126.910781,3756.679800,5174.019244,5192.414120
152,-1,35.639999,85.246232,945073.643665,551100.713983,3750.293800,5174.300021,5192.160770
153,-1,35.279998,85.305755,945092.504519,551074.233065,3744.881599,5174.300085,5191.715107
154,-1,34.920001,85.352905,945110.968065,551047.473604,3740.572300,5174.019198,5191.084253
155,-1,34.560001,85.424603,945129.724917,551020.918539,3734.078100,5174.300082,5190.842129
156,-1,34.199999,85.492682,945147.850865,550993.928764,3727.869000,5174.019061,5190.070362
157,-1,33.840002,85.551136,945166.039149,550966.983936,3722.558000,5174.019126,5189.655756
158,-1,33.479998,85.606220,945184.058142,550939.924935,3717.554000,5174.019262,5189.270132
159,-1,33.119999,85.669601,945201.906203,550912.753401,3711.797200,5174.019011,5188.832024
160,-1,32.759998,85.753120,945219.583662,550885.470319,3704.212700,5174.019188,5188.265024
161,-1,32.399997,85.823248,945237.089204,550858.076673,3697.845500,5174.019227,5187.797431
162,-1,32.040001,85.872477,945180.084725,550784.050575,3687.048100,5086.323985,5099.550567
163,-1,31.679999,85.893419,945196.953786,550756.906928,3685.179399,5086.323907,5099.416328
164,-1,31.319999,85.922288,945213.651915,550729.657967,3682.603500,5086.323860,5099.232463
165,-1,30.959998,85.952252,945230.415333,550702.446735,3679.949600,5086.600006,5099.319889
166,-1,30.600000,86.011877,945246.533083,550674.848365,3674.610900,5086.324112,5098.670598
167,-1,30.239999,86.104673,945262.714481,550647.289365,3666.334000,5086.323849,5098.101366
168,-1,29.880001,86.192661,945278.722651,550619.629644,3658.487599,5086.324004,5097.574494
169,-1,29.519999,86.300365,945294.556609,550591.869529,3648.885200,5086.323889,5096.945769
170,-1,29.160000,86.442498,945386.796910,550606.740234,3641.668900,5174.019234,5184.008672
171,-1,28.800000,86.586398,945402.793925,550578.436813,3628.642800,5174.300117,5183.497090
172,-1,28.439999,86.736105,945418.119682,550549.764298,3615.060900,5174.019221,5182.425671
173,-1,28.079999,86.879861,945433.759742,550521.262058,3602.054099,5174.300063,5181.981827
174,-1,27.719999,87.036853,945448.723951,550492.399255,3587.821800,5174.019149,5180.946117
175,-1,27.360002,87.198776,945463.755089,550463.573854,3573.162500,5174.019146,5180.209009
176,-1,27.000000,87.367847,945478.605125,550434.654292,3557.860400,5174.019287,5179.483869
177,-1,26.640002,87.531373,945493.272747,550405.642211,3543.064100,5174.019153,5178.825329
178,-1,26.280000,87.691697,945507.757954,550376.538266,3528.561000,5174.019042,5178.220808
179,-1,25.920001,87.832885,945443.186561,550309.011171,3512.473300,5086.323902,5089.964323
180,-1,25.560000,87.967151,950362.062878,552626.095775,3693.526900,10523.429030,10530.056073
181,-1,25.199999,87.975733,950390.403372,552566.356721,3691.948699,10523.428901,10530.000079
182,-1,24.839999,87.987193,950418.367883,552506.440831,3689.841200,10523.428725,10529.925672
183,-1,24.480000,87.992344,950445.955755,552446.350728,3688.894100,10523.429018,10529.892741
184,-1,24.119999,87.998988,950473.165018,552386.088053,3687.672300,10523.428673,10529.849665
185,-1,23.759999,88.016782,950499.995673,552325.655759,3684.400100,10523.428910,10529.736153
186,-1,23.399999,88.037675,950445.962973,552230.228129,3677.553499,10435.733545,10441.857073
187,-1,23.040000,88.060577,950471.814627,552169.970047,3673.377299,10435.733642,10441.715002
188,-1,22.680000,88.103260,950497.809654,552109.769052,3665.613100,10436.300012,10442.021182
189,-1,22.319999,88.132289,950522.903435,552049.187152,3660.319900,10436.299954,10441.847268
190,-1,21.960000,88.137560,950465.758209,551955.442917,3656.488700,10348.038368,10353.507749
191,-1,21.600000,88.146072,950489.882832,551895.065741,3654.949800,10348.038293,10353.457775
192,-1,21.239999,88.163377,950513.627863,551834.537975,3651.821100,10348.038370,10353.357106
193,-1,20.880000,88.175110,950536.991990,551773.862572,3649.700000,10348.038455,10353.289427
194,-1,20.519999,88.187521,950559.974227,551713.041171,3647.456200,10348.038217,10353.217978
195,-1,20.160000,88.196600,950664.896590,551682.300419,3648.576000,10435.733547,10440.904982
196,-1,19.800000,88.202227,950687.301401,551620.677510,3647.550000,10435.733794,10440.872991
197,-1,19.440000,88.203029,950709.318089,551558.914839,3647.403800,10435.733506,10440.868118
198,-1,19.080000,88.206263,950731.482087,551497.200395,3646.831999,10436.300176,10441.416595
199,-1,18.720000,88.215001,950752.185785,551434.980703,3645.221200,10435.733597,10440.799995
200,-1,18.360000,88.219281,950773.034825,551372.814161,3644.440800,10435.733725,10440.775843
201,-1,17.999999,88.210485,950710.089413,551283.418342,3643.304600,10348.038260,10353.087544
202,-1,17.639999,88.205830,950729.987011,551221.519188,3644.146100,10348.038372,10353.113968
203,-1,17.280000,88.206476,950750.031262,551159.663341,3644.047000,10348.599897,10353.672116
204,-1,16.919999,88.203695,950768.613246,551097.352114,3644.532200,10348.038411,10353.126103
205,-1,16.560000,88.197581,950787.340571,551035.089115,3645.637500,10348.038544,10353.160942
206,-1,16.199999,88.188093,950805.676164,550972.709318,3647.352799,10348.038428,10353.214919
207,-1,15.839999,88.186952,950823.619369,550910.215677,3647.558999,10348.038267,10353.221280
208,-1,15.480000,88.182805,950757.192337,550824.353316,3645.544100,10260.899867,10266.062782
209,-1,15.120000,88.175521,950773.667042,550762.022076,3646.832200,10260.343128,10265.547253
210,-1,14.759999,88.170163,950790.825800,550699.875546,3647.810400,10260.900026,10266.135057
211,-1,14.399999,88.158703,950806.515729,550637.342207,3649.846999,10260.343077,10265.643629
212,-1,14.039999,88.148875,950822.892337,550574.985048,3651.626699,10260.900131,10266.257730
213,-1,13.679999,88.136535,950752.587687,550491.519664,3650.967699,10172.647883,10178.030485
214,-1,13.319999,88.110838,950852.844705,550449.573225,3658.427600,10260.343022,10265.922860
215,-1,12.959999,88.071175,950867.500187,550386.793495,3665.538200,10260.342995,10266.159702
216,-1,12.600000,88.019613,950881.760985,550323.923214,3674.782600,10260.343091,10266.475103
217,-1,12.240000,87.963589,950896.170734,550261.082461,3684.847299,10260.900061,10267.384459
218,-1,11.879999,87.912256,950995.462530,550216.088456,3697.249200,10348.599992,10355.473855
219,-1,11.519999,87.867773,951008.648199,550152.417324,3705.294599,10348.600004,10355.770081
220,-1,11.159999,87.833905,951020.882426,550088.555903,3711.399100,10348.038272,10355.437670
221,-1,10.799999,87.778457,951033.266260,550024.727618,3721.428000,10348.038266,10355.821570
222,-1,10.440000,87.721184,951045.248847,549960.822891,3731.788000,10348.038318,10356.228386
223,-1,10.079999,87.668827,950970.488170,549881.495293,3737.689300,10260.343201,10268.841559
224,-1,9.719999,87.600536,950982.120693,549818.081706,3749.962799,10260.899870,10269.904291
225,-1,9.360000,87.545438,950992.256499,549754.411886,3759.824100,10260.343108,10269.765622
226,-1,8.999999,87.512791,951002.541584,549690.769953,3765.681300,10260.343243,10270.018271
227,-1,8.639999,87.499867,951012.426407,549627.064700,3768.000000,10260.343201,10270.119113
228,-1,8.279999,87.495250,950935.129645,549550.669511,3764.992300,10172.647911,10182.376131
229,-1,7.919999,87.494069,950944.135533,549487.390767,3765.202399,10172.647900,10182.385304
230,-1,7.559999,87.494519,950953.291026,549424.129082,3765.146500,10173.200029,10182.934461
231,-1,7.200000,87.495167,950960.953740,549360.669563,3765.007100,10172.647924,10182.376791
232,-1,6.839999,87.497800,950968.765405,549297.232026,3764.538700,10172.647960,10182.356366
233,-1,6.479999,87.505289,950976.178119,549233.746917,3763.206400,10172.647819,10182.298147
234,-1,6.120000,87.523649,950983.191885,549170.216532,3759.940500,10172.647764,10182.156460
235,-1,5.760000,87.560208,950990.355913,549106.698615,3753.461200,10173.200054,10182.430355
236,-1,5.399999,87.615647,950908.715328,549034.776514,3739.925800,10084.952514,10093.691341
237,-1,5.040000,87.637533,950914.480408,548971.673950,3736.066900,10084.952601,10093.531623
238,-1,4.680000,87.652844,950920.394438,548908.580901,3733.389800,10085.500043,10093.968608
239,-1,4.319999,87.664708,950924.820611,548845.365804,3731.275500,10084.952769,10093.335420
240,-1,3.959999,87.679607,950929.941007,548782.203529,3728.671000,10085.499885,10093.776297
241,-1,3.600000,87.697021,950933.572562,548718.938235,3725.578599,10084.952734,10093.104857
242,-1,3.239999,87.725860,950937.352410,548655.685409,3720.494400,10084.952514,10092.901614
243,-1,2.880000,87.785736,950940.734949,548592.410273,3709.939100,10084.952497,10092.488264
244,-1,2.519999,87.821292,950856.109462,548525.259161,3700.335300,9997.257272,10004.489387
245,-1,2.159999,87.845004,950858.674417,548462.497147,3696.192000,9997.257557,10004.333015
246,-1,1.799999,87.860339,950860.844689,548399.720042,3693.512500,9997.257543,10004.232603
247,-1,1.439999,87.862720,950863.162926,548336.944249,3693.116599,9997.800149,10004.760058
248,-1,1.079999,87.865038,950864.001507,548274.131382,3692.691300,9997.257310,10004.201743
249,-1,0.719999,87.866849,950777.837637,548210.229279,3689.128600,9910.099909,9916.972126
250,-1,0.360000,87.873324,950777.886849,548147.962015,3687.987100,9909.562271,9916.392434
251,-1,0.000000,87.886066,950778.082387,548085.698688,3685.780199,9909.562201,9916.310714
252,-1,359.639999,87.896720,950777.886849,548023.435361,3683.935100,9909.562271,9916.242895
253,-1,359.280000,87.905550,950777.837637,547961.168097,3682.425600,9910.099909,9916.724889
254,-1,358.919999,87.918330,950776.321892,547898.918878,3680.192500,9909.562117,9916.106090
255,-1,358.559999,87.943262,950775.490529,547836.656863,3675.894100,9910.100060,9916.488482
256,-1,358.200000,87.967959,950773.192633,547774.431922,3671.598000,9909.562215,9915.797721
257,-1,357.839999,87.980818,950771.041391,547712.205341,3669.371199,9909.562225,9915.719022
258,-1,357.479999,88.017668,950768.499073,547649.993851,3662.990000,9909.562083,9915.496095
259,-1,357.119999,88.055618,950765.566008,547587.799421,3656.418600,9909.562033,9915.270907
260,-1,356.759999,88.077007,950674.687253,547530.581032,3649.770800,9821.866837,9827.401332
261,-1,356.399999,88.081320,950671.005830,547468.978465,3649.030499,9821.866861,9827.376542
262,-1,356.039999,88.085586,950666.937596,547407.400176,3648.298400,9821.867064,9827.352261
263,-1,355.679999,88.090268,950662.482225,547345.848790,3647.495000,9821.866945,9827.325336
264,-1,355.319999,88.095034,950658.171538,547284.282968,3646.694699,9822.399949,9827.831408
265,-1,354.959999,88.100861,950652.412035,547222.835912,3645.677000,9821.867026,9827.265001
266,-1,354.599999,88.106005,950646.797217,547161.379342,3644.794299,9821.866826,9827.235587
267,-1,354.239999,88.110192,950641.327083,547099.905712,3644.093299,9822.400035,9827.745363
268,-1,353.879999,88.114740,950634.410102,547038.578079,3643.295300,9821.866800,9827.186132
269,-1,353.519999,88.133572,950627.638134,546977.238307,3640.063599,9821.866806,9827.080353
270,-1,353.159999,88.168830,950620.480996,546915.942169,3634.013100,9821.866929,9826.885274
271,-1,352.799999,88.251653,950612.938688,546854.692292,3619.801400,9821.866865,9826.441349
272,-1,352.439999,88.346318,950605.011867,546793.490971,3603.559299,9821.866984,9825.959339
273,-1,352.080000,88.452876,950596.700532,546732.340830,3585.278400,9821.866948,9825.448741
274,-1,351.719999,88.578073,950588.005011,546671.243840,3563.802300,9821.866818,9824.892231
275,-1,351.359999,88.662430,950665.626247,546597.028765,3551.380699,9909.562317,9912.263230
276,-1,351.000000,88.691446,950742.694663,546521.783181,3548.362700,9997.257290,9999.865141
277,-1,350.640000,88.709849,950732.673685,546459.773134,3545.149999,9997.257532,9999.792532
278,-1,350.279999,88.762372,950722.797721,546397.735529,3535.992800,9997.800026,10000.132912
279,-1,349.920000,88.800151,950797.804789,546320.599528,3531.222899,10084.952542,10087.164264
280,-1,349.560000,88.843870,950786.518394,546258.247290,3523.524399,10084.952507,10087.005961
281,-1,349.199999,88.886696,950774.840596,546195.966903,3515.983500,10084.952666,10086.856786
282,-1,348.839999,88.921961,950762.771722,546133.761319,3509.774100,10084.952799,10086.738183
283,-1,348.479999,88.955377,950750.312101,546071.632834,3503.890199,10084.952788,10086.629186
284,-1,348.119999,88.983872,950737.997822,546009.471213,3498.882700,10085.499954,10087.086217
285,-1,347.759999,88.997915,950809.924843,545929.024852,3497.934400,10172.648062,10174.204109
286,-1,347.400000,89.001499,950796.177823,545866.604373,3497.297900,10172.647922,10174.192857
287,-1,347.039999,89.021720,950782.039072,545804.271164,3493.706700,10172.648045,10174.131033
288,-1,346.679999,89.041260,950767.508589,545742.028179,3490.236500,10172.647781,10174.072112
289,-1,346.320000,89.062200,950752.587687,545679.877712,3486.517600,10172.647883,10174.010667
290,-1,345.960000,89.084525,950737.812126,545617.688204,3482.561700,10173.200045,10174.498782
291,-1,345.600000,89.111284,950721.575610,545555.864181,3477.800700,10172.647828,10173.871677
292,-1,345.240001,89.139865,950706.019867,545493.865289,3472.733400,10173.200104,10174.346556
293,-1,344.880000,89.168245,950689.007762,545432.249927,3467.685200,10172.647962,10173.719943
294,-1,344.520000,89.194049,950587.627715,545394.004924,3461.869300,10084.952478,10085.950297
295,-1,344.159999,89.214683,950570.523747,545332.991267,3458.236600,10084.952714,10085.900089
296,-1,343.799999,89.215954,950553.036577,545272.086533,3458.012800,10084.952707,10085.897017
297,-1,343.440000,89.227901,950535.167190,545211.293020,3455.909600,10084.952764,10085.868514
298,-1,343.080000,89.238391,950433.016804,545176.135281,3452.897100,9997.257363,9998.140648
299,-1,342.720000,89.242254,950414.546697,545116.097672,3452.223000,9997.257241,9998.131589
300,-1,342.360000,89.244737,950395.699950,545056.177188,3451.789699,9997.257363,9998.125989
301,-1,341.999999,89.248644,950376.476891,544996.376127,3451.107800,9997.257354,9998.117015
302,-1,341.640000,89.255741,950356.878505,544936.697440,3449.869300,9997.257247,9998.100744
303,-1,341.279999,89.267875,950336.905776,544877.142769,3447.751800,9997.257462,9998.073679
304,-1,340.920000,89.287395,950316.559032,544817.715067,3444.345300,9997.257373,9998.030643
305,-1,340.559999,89.328593,950295.839257,544758.415973,3437.155799,9997.257381,9997.943820
306,-1,340.199999,89.356905,950357.258097,544669.542791,3433.199400,10084.952567,10085.587855
307,-1,339.840000,89.385228,950253.284224,544640.214765,3427.272600,9997.257400,9997.832912
308,-1,339.480000,89.457872,950313.581348,544550.576821,3415.425800,10084.952502,10085.403960
309,-1,339.119999,89.520210,950291.183426,544491.301677,3404.452399,10084.952772,10085.306372
310,-1,338.760000,89.577830,950268.413131,544432.168922,3394.309800,10084.952510,10085.226278
311,-1,338.399999,89.624458,950245.272101,544373.179866,3386.102100,10084.952775,10085.169407
312,-1,338.039999,89.659064,950221.760665,544314.337792,3380.010700,10084.952676,10085.131221
313,-1,337.680000,89.671055,1030024.750337,511483.702666,3873.322600,96377.069304,96378.657666
314,-1,337.319999,89.660356,1029712.100700,510958.057392,3890.800900,96289.374007,96291.065839
315,-1,336.959999,89.646652,1028992.868871,510606.502977,3910.587199,95763.202444,95765.023550
316,-1,336.599999,89.657572,1028272.745967,510262.512524,3889.189700,95237.031117,95238.732000
317,-1,336.240000,89.752768,1027953.109795,509749.419062,3730.571600,95149.335694,95150.221503
318,-1,335.879999,89.804424,950072.971593,543964.492035,3354.424499,10084.952651,10085.011404
319,-1,335.519999,89.846314,950046.895857,543906.740511,3347.051100,10084.952723,10084.989002
320,-1,335.159999,89.885261,950020.457590,543849.154012,3340.195800,10084.952605,10084.972827
321,-1,334.800000,89.905123,949993.658103,543791.734835,3336.699700,10084.952532,10084.966359
322,-1,334.440000,89.913474,949966.498380,543734.484950,3335.229800,10084.952564,10084.964064
323,-1,334.080000,89.910412,949938.979406,543677.406980,3335.768800,10084.952467,10084.964795
324,-1,333.719999,89.895614,1024925.220838,506578.791545,3490.793600,93746.212004,93746.367586
325,-1,333.360000,89.912480,949882.868626,543563.775317,3335.404800,10084.952592,10084.964357
326,-1,332.999999,89.910394,949854.278788,543507.225890,3335.771900,10084.952694,10084.965026
327,-1,332.640000,89.911905,949825.334293,543450.857564,3335.506100,10084.952711,10084.964632
328,-1,332.279999,89.916585,949796.036123,543394.671981,3334.682300,10084.952770,10084.963458
329,-1,331.919999,89.917476,949843.758140,543297.393304,3334.651700,10172.647875,10172.658426
330,-1,331.560000,89.926875,949813.495405,543241.095188,3332.982999,10172.647873,10172.656158
331,-1,331.199999,89.928399,949860.215456,543142.472354,3332.822600,10260.900079,10260.908091
332,-1,330.839999,89.937662,949905.073634,543043.615596,3331.258700,10348.038468,10348.044593
333,-1,330.480000,89.957629,949873.215102,542986.937232,3327.652400,10348.038410,10348.041239
334,-1,330.120000,89.984316,949917.039162,542886.771750,3322.856600,10435.733657,10435.734048
335,-1,329.760000,90.018353,949884.194739,542830.021207,3316.657200,10435.733488,10435.734023
336,-1,329.399999,90.075952,949850.994674,542773.478013,3306.166200,10435.733632,10435.742801
337,-1,329.039999,90.175955,949892.640916,542672.030710,3287.682400,10523.428906,10523.478530
338,-1,328.679999,90.230528,1077515.422416,464937.734079,2676.414999,159956.118694,159957.413424
339,-1,328.320000,90.275455,1076990.294529,464080.803378,2550.988700,159956.118628,159957.967181
340,-1,327.959999,90.210571,1077426.177844,462622.385691,2727.941500,161096.156793,161097.244752
341,-1,327.599999,90.183701,1087993.034991,454717.642314,2761.316900,174250.442776,174251.338401
342,-1,327.240000,90.112113,1087919.713943,453462.904666,2977.834400,174864.309491,174864.644257
343,-1,326.879999,90.153980,1088056.754680,452061.666655,2847.699100,175741.261806,175741.896454
344,-1,326.519999,90.177019,1088328.253152,450558.236591,2773.781500,176793.604832,176794.448624
345,-1,326.160000,90.295668,1074601.487955,458424.012526,2489.125400,161008.461373,161010.605198
346,-1,325.800000,90.288914,1074035.491055,457585.518796,2508.105100,161008.461551,161010.508553
347,-1,325.440000,90.342521,1074403.095307,456103.889870,2350.644400,162148.499550,162151.397023
348,-1,325.080000,90.394657,1074325.865803,454915.291525,2198.863900,162762.366258,162766.227505
349,-1,324.720000,90.376244,1082185.338273,448101.854365,2183.219400,173110.404655,173114.137118
350,-1,324.360000,90.463786,1081768.143897,447062.616614,1916.580800,173373.490112,173379.170200
351,-1,324.000000,90.492620,1164918.956270,385303.528518,938.837899,276941.569351,276951.805857
352,-1,323.640000,90.483549,1178651.678476,373032.939870,828.000000,295269.874414,295280.390138
353,-1,323.280000,90.458072,1177898.571387,371280.202234,955.799899,295708.350827,295717.801613
354,-1,322.920000,90.465067,1176922.923732,369688.650299,918.270399,295883.741201,295893.488628
355,-1,322.559999,90.488514,1177955.874422,366556.317325,774.000000,298602.293756,298613.147655
356,-1,322.199999,90.503905,1165515.887163,373831.338864,819.500700,284307.969299,284318.965080
357,-1,321.839999,90.505975,1160417.270063,375565.920697,854.146200,279221.645599,279232.533573
358,-1,321.479999,90.503273,1159821.136085,373798.102382,861.790299,279850.699901,279861.496155
359,-1,321.119999,90.494653,1175094.102258,359224.434351,722.316699,300882.369813,300893.583219
360,-1,320.760000,90.499070,1175261.241031,356647.021527,683.842399,302636.274591,302647.755692
361,-1,320.399999,90.503867,1151215.001394,374071.955837,919.178400,272995.283582,273005.840235
362,-1,320.039999,90.460369,1146218.864077,376020.458502,1167.313100,267908.959568,267917.608002
363,-1,319.680000,90.380805,1143997.036171,375698.252781,1549.274200,266418.140360,266424.024785
364,-1,319.320000,90.359818,1143109.405729,374253.881654,1645.214900,266681.226183,266686.485041
365,-1,318.960000,90.357924,1140293.452699,374483.669909,1668.276900,264401.149968,264406.309103
366,-1,318.599999,90.346938,1138935.624706,373466.056786,1721.096999,264050.368739,264055.209609
367,-1,318.240000,90.350812,1131620.083563,377773.596071,1754.255300,255719.321187,255724.114594
368,-1,317.880000,90.351872,1130220.986624,376872.518149,1752.213399,255280.844829,255285.659000
369,-1,317.520000,90.367873,1135544.454651,369823.045043,1625.176500,263962.673771,263968.114687
370,-1,317.160000,90.398318,1131141.108799,371644.449209,1516.003000,259490.216570,259496.487261
371,-1,316.799999,90.426324,1129836.965738,370632.516522,1391.115500,259227.130670,259234.306894
372,-1,316.440000,90.435504,1156997.412402,342556.463094,1052.952900,298251.512543,298260.128473
373,-1,316.079999,90.451649,1153806.746211,343027.453622,989.641099,295620.655524,295629.840417
374,-1,315.720000,90.438994,1131481.418158,362204.217761,1280.036100,266242.749807,266250.564840
375,-1,315.359999,90.428099,1121948.364390,369267.192153,1418.466600,254491.587791,254498.691717
376,-1,315.000000,90.431322,1133285.237385,355668.981488,1271.454600,272118.331091,272126.041852
377,-1,314.640000,90.439500,1131209.790421,355337.373884,1242.029700,270890.597602,270898.567420
378,-1,314.279999,90.440578,1128770.452123,355400.921329,1250.420300,269136.692875,269144.649978
379,-1,313.920000,90.440381,1125244.533322,356624.481546,1276.960800,265804.273648,265812.125192
380,-1,313.559999,90.457170,1215350.669054,259447.818944,141.750700,398311.781988,398324.461889
381,-1,313.199999,90.451761,1213471.666251,257792.832753,180.045599,398224.086737,398236.465647
382,-1,312.840000,90.447006,1111823.931555,363728.986694,1358.428799,251422.254253,251429.906127
383,-1,312.479999,90.462625,1213829.507071,249992.216464,56.387100,404187.363119,404200.538934
384,-1,312.119999,90.414931,1240829.777873,216344.860859,81.022800,447245.726192,447257.454460
385,-1,311.760000,90.413790,1247033.143419,205177.710293,0.000000,459698.450100,459710.438673
386,-1,311.399999,90.410734,1247134.322022,200695.336712,0.000000,463118.564699,463130.464738
387,-1,311.039999,90.410190,1245348.629072,198314.871984,0.000000,463732.431387,463744.315674
388,-1,310.679999,90.409571,1243602.260189,195876.645890,0.000000,464433.993383,464445.859718
389,-1,310.319999,90.353546,954770.733522,531704.366621,3187.421800,21485.333973,21485.743015
390,-1,309.960000,90.309546,954611.210548,531684.558262,3204.395999,21397.638787,21397.951069
391,-1,309.599999,90.336004,954228.393072,531936.386499,3197.086000,20959.162381,20959.522790
392,-1,309.240000,90.400067,954071.187677,531920.683446,3174.262700,20871.467286,20871.976093
393,-1,308.880000,90.386107,1084812.620092,369566.346410,1774.604900,229323.053868,229328.260974
394,-1,308.519999,90.403326,1234590.809052,179090.630249,0.000000,471625.003057,471636.688468
395,-1,308.159999,90.372643,1080011.356072,371012.460644,1855.303900,225201.377460,225206.140557
396,-1,307.799999,90.360674,1081368.488200,366954.231227,1876.955200,229235.358347,229239.900312
397,-1,307.440000,90.371233,1078041.823594,368929.821436,1858.003000,225639.853576,225644.589913
398,-1,307.080000,90.398436,1228714.854596,167208.350536,0.000000,477412.888985,477424.432731
399,-1,306.720000,90.387262,1074206.710529,369329.049968,1812.656900,223008.996378,223014.090471
400,-1,306.359999,90.345860,1072509.026589,369271.633745,1979.636100,222044.348605,222048.394101
401,-1,305.999999,90.371912,1072980.838637,366248.691956,1861.022400,224762.901084,224767.636281
402,-1,305.640000,90.392737,1223089.300887,154464.746430,0.000000,484340.812978,484352.191608
403,-1,305.280000,90.390475,1222231.364939,150408.432364,0.000000,487147.060504,487158.373589
404,-1,304.919999,90.353112,1063706.874902,372131.967919,1997.469100,214590.253182,214594.328557
405,-1,304.560000,90.261143,1063146.122414,370569.211202,2337.534100,215554.900979,215557.139931
406,-1,304.199999,90.337895,1062274.807228,369441.772184,2046.186700,215993.377237,215997.133338
407,-1,303.840000,90.353314,1117115.266116,285208.639469,1368.326100,316492.122673,316498.140193
408,-1,303.479999,90.347371,1060600.895221,367052.544351,2004.084400,217045.720070,217049.709133
409,-1,303.120000,90.382220,1212074.119505,132374.417579,8.764599,496355.060761,496366.105433
410,-1,302.759999,90.382258,1209978.783473,129867.384208,2.000000,497319.708410,497330.776744
411,-1,302.399999,90.381504,1206687.893073,129221.390421,16.713900,496091.975083,496102.972619
412,-1,302.040000,90.381549,1203678.675010,128154.175692,21.004499,495390.413194,495401.397713
413,-1,301.680000,90.382417,1196751.852906,133451.610307,67.932700,487234.755751,487245.608654
414,-1,301.319999,90.376622,1191406.465631,136347.006747,151.800300,481973.041309,481983.454112
415,-1,300.960000,90.384155,1181280.485883,147339.536271,186.622099,467327.936188,467338.440532
416,-1,300.600000,90.379071,1177731.062863,147573.012182,241.434399,465310.945686,465321.129696
417,-1,300.239999,90.372127,1177462.341616,142228.815850,268.782999,469783.402949,469793.311586
418,-1,299.879999,90.369050,1178839.575738,133906.856444,243.176200,477675.974530,477685.883702
419,-1,299.520000,90.378841,1174936.238072,134709.154708,178.940100,475045.117509,475055.501943
420,-1,299.160000,90.363588,1108368.226524,247888.331892,1138.500600,343765.342427,343772.264143
421,-1,298.799999,90.372456,1168836.053094,133414.295421,243.854500,473203.517260,473213.515676
422,-1,298.440000,90.386940,1166810.806817,130910.561911,115.931800,474431.250691,474442.069894
423,-1,298.079999,90.378036,1161543.351801,134451.023991,226.695699,468818.755406,468828.960231
424,-1,297.720000,90.369940,1161673.102525,127871.408869,255.009800,474694.336337,474704.231196
425,-1,297.359999,90.375337,1157335.752604,129763.540583,234.418900,471011.136463,471021.243133
426,-1,297.000000,90.364400,1155977.111293,125911.318301,306.486900,473817.384045,473826.967029
427,-1,296.640000,90.379603,1149348.854208,132485.043014,239.440000,464960.164606,464970.369508
428,-1,296.279999,90.381817,1148597.193966,127409.039387,193.421000,469169.536086,469179.953842
429,-1,295.920000,90.374574,1150166.548767,117436.062286,189.669200,478816.012787,478826.245179
430,-1,295.559999,90.357472,1149083.559135,112727.660613,309.070500,482586.907987,482596.300708
431,-1,295.200000,90.370252,1082121.266222,247908.333821,1176.152900,331751.094409,331758.021337
432,-1,294.839999,90.347278,1080195.580769,247106.329519,1309.711899,331663.399361,331669.491714
433,-1,294.479999,90.337050,1076811.844427,249509.149189,1390.072600,328067.894370,328073.570920
434,-1,294.119999,90.384443,1136966.279564,110113.887626,100.132199,479868.355404,479879.157775
435,-1,293.760000,90.375087,1122268.022871,136019.077941,372.535199,450227.364237,450237.012091
436,-1,293.400000,90.367233,1123367.134190,126356.284931,374.679000,459523.059858,459532.498804
437,-1,293.040000,90.367892,1122258.217444,121586.446701,344.052599,463469.345498,463478.899713
438,-1,292.680000,90.368835,1120217.344558,118917.801448,325.699099,465135.555322,465145.193098
439,-1,292.319999,90.372230,1117583.890179,117637.148826,297.000000,465310.945573,465320.765278
440,-1,291.959999,90.368176,1114547.887393,117348.642513,335.557000,464433.993325,464443.582209
441,-1,291.599999,90.363921,1115518.311961,106970.677705,306.549299,474431.250556,474440.820745
442,-1,291.239999,90.348095,1118334.764661,91496.111869,343.828999,489865.612918,489874.653675
443,-1,290.880000,90.357961,1118119.171917,83425.501370,212.899900,497319.708548,497329.414555
444,-1,290.520000,90.362387,1097182.393909,130449.729172,499.517300,445930.297414,445939.217018
445,-1,290.159999,90.363133,1094887.700335,128570.282799,487.600200,446894.945174,446903.920894
446,-1,289.799999,90.369321,1092189.373055,127775.860504,440.464800,446719.554740,446728.835324
447,-1,289.440000,90.363954,1104109.677298,85568.191310,204.330000,490479.479699,490489.375426
448,-1,289.080000,90.364335,1098591.737218,92093.508968,251.817899,482499.212721,482508.967811
449,-1,288.719999,90.362365,1098538.081814,82805.910746,212.946899,491268.736774,491278.562030
450,-1,288.359999,90.237374,949763.067685,521285.247696,3203.010700,28237.867281,28238.109623
451,-1,288.000000,90.149668,949648.699803,521063.084754,3245.778300,28413.257784,28413.354726
452,-1,287.640000,90.073158,949505.314263,520924.878994,3283.608200,28500.953289,28500.976522
453,-1,287.279999,90.113356,949438.684803,520536.200638,3262.918600,28851.734166,28851.790632
454,-1,286.920000,90.272504,949265.418418,520482.896938,3182.777100,28851.734165,28852.060489
455,-1,286.559999,90.348129,1083564.020227,68199.725719,278.000000,500652.127514,500661.369139
456,-1,286.199999,90.357914,1080252.416614,68323.180197,199.070300,499599.784560,499609.532470
457,-1,285.839999,90.353242,1076971.945812,68384.898905,245.752699,498635.136928,498644.613704
458,-1,285.480000,90.335767,1067565.382933,90611.526696,538.142000,474694.336462,474702.487673
459,-1,285.119999,90.344244,1063796.398017,93126.217861,488.452200,471274.222022,471282.728312
460,-1,284.759999,90.342676,1064599.513208,78455.390575,415.335900,485656.241525,485664.927708
461,-1,284.399999,90.347753,1059552.659785,85841.493913,423.400899,477237.498359,477246.288751
462,-1,284.040000,90.352169,1060347.785163,70301.774337,292.821800,492496.470168,492505.773505
463,-1,283.679999,90.353768,1057384.921010,69390.084887,278.000000,492671.860708,492681.252025
464,-1,283.319999,90.369269,1054172.867067,69520.805754,150.354900,491794.908240,491805.122402
465,-1,282.960000,90.373246,1051439.083164,67621.885667,108.214099,493022.641487,493033.102933
466,-1,282.599999,90.360491,1048245.906152,67706.888122,222.939199,492233.384338,492243.127370
467,-1,282.239999,90.361924,1043775.320277,73726.440059,253.842999,485393.155855,485402.839990
468,-1,281.879999,90.348697,1039131.929629,80984.378956,415.000000,477325.193690,477334.033519
469,-1,281.519999,90.348663,1037175.887609,75564.193274,385.398900,482236.126912,482245.055944
470,-1,281.159999,90.356177,1035240.441349,69720.152140,288.901299,487585.536729,487594.958123
471,-1,280.800000,90.362886,1029833.801572,81713.362078,312.897500,474782.031723,474791.554593
472,-1,280.439999,90.350204,1028697.430485,71418.074925,357.424100,484691.593725,484700.647703
473,-1,280.079999,90.365404,1025977.001871,69321.493161,218.765499,486270.108220,486279.997331
474,-1,279.720000,90.312616,1004578.262844,176150.128912,1261.073699,377352.619407,377358.236363
475,-1,279.360000,90.355542,1001669.580341,179218.279272,1000.118700,373844.810078,373852.007981
476,-1,278.999999,90.340447,999529.074124,177717.536539,1091.839900,374984.847856,374991.467662
477,-1,278.640000,90.363884,1013404.944994,70715.209861,253.384999,482849.993814,482859.731862
478,-1,278.279999,90.339201,1010315.722170,70876.343725,465.038199,482236.127148,482244.578128
479,-1,277.920000,90.345704,1007436.811917,69580.829256,405.015799,483113.079448,483121.873513
480,-1,277.560000,90.349911,1002790.648309,81516.496658,445.590200,470660.355494,470669.132689
481,-1,277.200000,90.352253,997154.087076,102539.560255,558.986099,449087.326155,449095.813508
482,-1,276.839999,90.341706,987857.219187,156352.915554,966.971300,394540.886621,394547.903250
483,-1,276.479999,90.314134,984553.735964,163471.884912,1197.705900,387086.791075,387092.609019
484,-1,276.119999,90.326728,989008.018394,99116.342692,745.051500,451542.793001,451550.134837
485,-1,275.760000,90.335047,986414.961572,96554.173603,666.158500,453822.869045,453830.628476
486,-1,275.400000,90.333749,986102.397565,69561.261382,520.124100,480657.612820,480665.767521
487,-1,275.039999,90.334408,975252.060342,158215.083746,1035.649600,391383.857905,391390.524266
488,-1,274.679999,90.349945,980035.582927,69642.453149,388.000000,480043.745929,480052.699846
489,-1,274.320000,90.321338,975945.330609,83746.963325,708.350600,465661.726779,465669.050399
490,-1,273.960000,90.327978,971149.698140,110656.355701,810.000000,438476.202141,438483.386167
491,-1,273.600000,90.320421,970685.837191,74153.018603,664.305900,474869.727026,474877.152911
492,-1,273.240000,90.311443,967702.504903,74062.582432,739.195300,474782.031548,474789.045823
493,-1,272.879999,90.316254,962877.426955,110601.233436,902.145600,438037.725903,438044.398816
494,-1,272.520000,90.314911,958092.355160,156729.892819,1166.910000,391734.638855,391740.555821
495,-1,272.159999,90.297915,955636.375492,156541.764914,1282.662700,391822.334260,391827.630941
496,-1,271.799999,90.293206,955076.613160,95976.847002,1005.210400,452332.050244,452337.973123
497,-1,271.440000,90.251368,950730.479464,155773.433445,1598.292700,392436.200802,392439.977546
498,-1,271.079999,90.253836,948250.453912,156508.330270,1584.879200,391646.943564,391650.787114
499,-1,270.720000,90.240013,945871.518053,149980.742275,1652.188800,398136.391590,398139.884842
500,-1,270.359999,90.269277,943767.891683,86642.452285,1151.257600,461452.355076,461457.451396
501,-1,270.000000,90.259105,940868.520185,77863.819580,1193.525100,470221.879108,470226.687340
502,-1,269.639999,90.243142,937928.925343,80240.825981,1334.584099,467854.107747,467858.320448
503,-1,269.280000,90.221652,935754.222343,141124.222258,1745.511600,406993.610933,406996.656440
504,-1,268.919999,90.202946,933180.796387,140287.592698,1875.282700,407870.563225,407873.121882
505,-1,268.560000,90.150552,930627.509171,140694.615506,2249.185800,407519.782296,407521.189149
506,-1,268.200000,90.104566,933761.719110,321943.621117,2907.078500,226253.720122,226254.096921
507,-1,267.840000,90.180532,924616.607807,117194.579173,1961.338300,431197.497132,431199.637632
508,-1,267.480000,90.204616,921682.085789,112136.182137,1761.609600,436371.516308,436374.298998
509,-1,267.120000,90.067945,938762.362652,506220.318508,3270.289999,41918.324837,41918.354312
510,-1,266.759999,89.971827,938410.142556,504658.386921,3341.387600,43496.839286,43496.844544
511,-1,266.400000,89.901863,938137.331094,504674.690366,3394.501500,43496.839395,43496.903198
512,-1,266.040000,89.841876,937870.683661,504780.193764,3439.799700,43409.143974,43409.309284
513,-1,265.680000,89.834689,937598.648116,504799.884341,3445.244900,43409.144048,43409.324727
514,-1,265.319999,89.848882,937290.965989,504384.269687,3435.648000,43847.620126,43847.772637
515,-1,264.960000,89.921251,937016.454399,504407.610519,3380.265100,43847.620196,43847.661611
516,-1,264.599999,89.949707,936478.003376,501638.882461,3360.951400,46653.867743,46653.885716
517,-1,264.240000,89.993494,936168.655569,501492.880457,3325.317400,46829.258355,46829.258657
518,-1,263.880000,90.117997,935875.999002,501523.330199,3223.557400,46829.258237,46829.357547
519,-1,263.519999,90.238816,935603.333209,501729.887857,3125.539600,46653.867918,46654.273186
520,-1,263.160000,90.239274,940795.410423,547476.201219,3317.436400,613.866599,613.871952
521,-1,262.800003,90.123193,940791.582347,547476.672675,3318.680100,613.866528,613.867947
522,-1,262.439999,90.007102,940787.757223,547477.168081,3319.923899,613.866561,613.866566
523,-1,262.080005,89.890993,940783.935381,547477.687437,3321.167900,613.866655,613.867766
524,-1,261.720006,89.774893,940780.116819,547478.230743,3322.411800,613.866809,613.871547
525,-1,261.359984,89.658796,940776.301538,547478.798327,3323.655700,613.866701,613.877586
526,-1,260.999990,89.542701,940772.490194,547479.389861,3324.899600,613.866559,613.886112
527,-1,260.640013,89.426628,940768.682786,547480.005018,3326.143300,613.866702,613.897441
528,-1,260.280000,89.310570,940764.878988,547480.644452,3327.386900,613.866537,613.910980
529,-1,259.920007,89.194545,940761.079455,547481.307508,3328.630200,613.866604,613.927266
530,-1,259.559985,89.078546,940757.283859,547481.994515,3329.873300,613.866637,613.946032
531,-1,259.200015,88.962592,940753.493184,547482.705143,3331.115999,613.866781,613.967418
532,-1,258.840011,88.846673,940749.706775,547483.440050,3332.358400,613.866511,613.990898
533,-1,258.480008,88.730802,940745.924958,547484.198251,3333.600400,613.866733,614.017375
534,-1,258.120008,88.614988,940742.148063,547484.980401,3334.841900,613.866739,614.046134
535,-1,257.759997,88.499222,940738.376089,547485.786502,3336.083000,613.866530,614.077177
536,-1,257.400004,88.383534,940734.609364,547486.615897,3337.323399,613.866678,614.111064
537,-1,257.040001,88.267905,940730.847888,547487.469241,3338.563299,613.866542,614.147155
538,-1,256.679989,88.152366,940727.091662,547488.345880,3339.802400,613.866764,614.186078
539,-1,256.319998,88.012463,940723.341342,547489.246469,3341.303000,613.866554,614.236081
540,-1,255.959998,87.864838,940719.596599,547490.170352,3342.886700,613.866625,614.293118
541,-1,255.599998,87.717195,940715.857761,547491.117856,3344.470900,613.866582,614.354137
542,-1,255.239992,87.569537,940712.124829,547492.088655,3346.055600,613.866743,614.419460
543,-1,254.879986,87.421854,940708.398130,547493.083075,3347.640900,613.866709,614.488694
544,-1,254.520005,87.274168,940704.677993,547494.100790,3349.226599,613.866709,614.562064
545,-1,254.160004,87.126463,940700.964090,547495.141798,3350.812900,613.866830,614.639666
546,-1,253.799990,86.978749,940697.256748,547496.206429,3352.399699,613.866670,614.721098
547,-1,253.439996,86.831029,940693.556296,547497.294025,3353.986999,613.866768,614.806901
548,-1,253.079999,86.683296,940689.862734,547498.404915,3355.574900,613.866810,614.896766
549,-1,252.720013,86.535568,940686.176390,547499.539099,3357.163200,613.866698,614.990590
550,-1,252.359997,86.339963,940602.758250,547249.935924,3376.098800,876.999888,878.792284
551,-1,251.999995,86.112565,940597.526961,547251.667548,3379.591400,876.952262,878.974633
552,-1,251.640000,85.885174,940592.292063,547253.386704,3383.088800,876.952229,879.218636
553,-1,251.280002,85.657674,940587.067992,547255.138669,3386.589900,876.952268,879.476831
554,-1,250.919992,85.417017,940610.521357,547339.800902,3383.266200,789.257184,791.788807
555,-1,250.559995,85.174920,940605.839936,547341.436725,3386.623700,789.257108,792.064075
556,-1,250.200012,84.932362,940601.169014,547343.101748,3389.990000,789.257159,792.354380
557,-1,249.839997,84.689338,940596.508262,547344.796298,3393.365300,789.257142,792.659639
558,-1,249.479989,84.445844,940591.858337,547346.520048,3396.749800,789.257144,792.980057
559,-1,249.119997,84.201897,940587.219567,547348.272998,3400.143400,789.257047,793.315606
560,-1,248.759992,83.957481,940582.591623,547350.054818,3403.546500,789.257274,793.666846
561,-1,248.399997,83.712602,940577.975163,547351.865838,3406.959099,789.257284,794.033341
562,-1,248.039996,83.467264,940573.370185,547353.706058,3410.381299,789.257077,794.415201
563,-1,247.679993,83.224167,940568.776690,547355.574820,3413.775599,789.257261,794.808711
564,-1,247.320000,82.985030,940564.195335,547357.472782,3417.117900,789.256982,795.209702
565,-1,246.960009,82.746021,940559.625790,547359.398960,3420.461899,789.257273,795.625311
566,-1,246.599999,82.507140,940555.068384,547361.354336,3423.807600,789.257101,796.054514
567,-1,246.240006,82.272573,940550.523446,547363.337928,3427.096500,789.257241,796.490209
568,-1,245.879997,82.104791,940545.990975,547365.350391,3429.451200,789.257093,796.810093
569,-1,245.519999,81.937175,940541.471299,547367.391070,3431.805500,789.257124,797.136926
570,-1,245.159997,81.769728,940536.964418,547369.459963,3434.159400,789.257333,797.470693
571,-1,244.800012,81.602447,940532.470989,547371.557400,3436.512900,789.257145,797.810815
572,-1,244.439985,81.415650,940565.810489,547452.761634,3425.910999,701.599939,709.548881
573,-1,244.080004,81.177879,940561.856428,547454.710121,3428.884900,701.561994,709.961374
574,-1,243.720003,80.940381,940557.881043,547456.615301,3431.871000,701.600018,710.463022
575,-1,243.359996,80.704355,940553.951589,547458.613656,3434.830400,701.561857,710.897362
576,-1,243.000007,80.484062,940550.017869,547460.602497,3437.601800,701.561809,711.350234
577,-1,242.640012,80.326502,940546.096617,547462.615945,3439.586200,701.561873,711.681053
578,-1,242.279999,80.169931,940542.187833,547464.653998,3441.560000,701.562050,712.015550
579,-1,241.919999,80.014354,940538.292171,547466.716658,3443.523100,701.562038,712.353318
580,-1,241.559999,79.859784,940534.409633,547468.803924,3445.475300,701.561836,712.694227
581,-1,241.199999,79.706262,940530.521845,547470.882004,3447.423100,701.599908,713.077189
582,-1,240.839992,79.553726,940526.683927,547473.050963,3449.346500,701.562016,713.386136
583,-1,240.479995,79.402267,940522.822714,547475.177927,3451.272100,701.599843,713.774968
584,-1,240.119995,79.251830,940519.012354,547477.394787,3453.172500,701.562086,714.089823
585,-1,239.760010,79.102476,940515.197401,547479.602787,3455.068100,701.561993,714.445674
586,-1,239.400016,78.954211,940511.376871,547481.801930,3456.959200,701.600058,714.842964
587,-1,239.040003,78.795480,940552.722917,547559.291604,3441.599200,613.866705,625.794453
588,-1,238.680002,78.609974,940549.421742,547561.286351,3443.666000,613.866529,626.199165
589,-1,238.320008,78.473983,940546.133035,547563.301439,3445.182900,613.866728,626.500693
590,-1,237.960002,78.338709,940542.857123,547565.337524,3446.693199,613.866574,626.804066
591,-1,237.600000,78.204178,940539.594006,547567.393950,3448.196700,613.866624,627.109740
592,-1,237.240016,78.070387,940536.344012,547569.470718,3449.693400,613.866701,627.417488
593,-1,236.879991,77.937333,940533.106814,547571.568155,3451.183300,613.866707,627.727164
594,-1,236.519998,77.805029,940529.883067,547573.685604,3452.666300,613.866838,628.038886
595,-1,236.160004,77.669708,940477.837568,547502.984302,3473.353800,701.561802,718.126974
596,-1,235.800007,77.532706,940474.184032,547505.450505,3475.112400,701.561797,718.504567
597,-1,235.439997,77.396876,940470.545916,547507.939673,3476.857800,701.561828,718.883417
598,-1,235.079997,77.262234,940466.923547,547510.451479,3478.589800,701.561979,719.263467
599,-1,234.720001,77.128776,940463.317255,547512.986251,3480.308300,701.561793,719.644148
600,-1,234.360004,77.027310,940510.826019,547586.812875,3461.414099,613.866574,629.944536
601,-1,233.999990,76.900417,940507.678715,547589.043185,3462.854300,613.900036,630.301995
602,-1,233.640007,76.774331,940504.585218,547591.346986,3464.271299,613.866651,630.592161
603,-1,233.279984,76.649034,940501.486142,547593.643570,3465.688599,613.866620,630.917899
604,-1,232.920004,76.524550,940498.401831,547595.959182,3467.098199,613.866744,631.245008
605,-1,232.559992,76.400862,940495.331955,547598.294479,3468.500199,613.866693,631.573136
606,-1,232.199993,76.277994,940492.276843,547600.648805,3469.894400,613.866794,631.902502
607,-1,231.840000,76.155942,940489.236823,547603.022488,3471.280700,613.866583,632.232578
608,-1,231.479994,76.034716,940486.211567,547605.415200,3472.659100,613.866523,632.563759
609,-1,231.120002,75.914316,940483.201402,547607.826612,3474.029599,613.866667,632.896044
610,-1,230.760005,75.794738,940480.185332,547610.231135,3475.400599,613.900115,633.263530
611,-1,230.399993,75.676014,940477.226676,547612.706196,3476.746400,613.866848,633.562894
612,-1,230.040014,75.558107,940474.262772,547615.174039,3478.092699,613.866723,633.897196
613,-1,229.680001,75.441045,940471.292633,547617.635320,3479.439400,613.899865,634.266479
614,-1,229.320007,75.329311,940468.381222,547620.165498,3480.709300,613.866712,634.554820
615,-1,228.959995,75.218979,940465.463905,547622.688787,3481.973100,613.866869,634.876223
616,-1,228.600011,75.116282,940462.562992,547625.230449,3483.150500,613.866632,635.177398
617,-1,228.239993,75.044827,940459.655517,547627.765549,3483.979300,613.899891,635.422920
618,-1,227.880015,74.973601,940456.786429,547630.343300,3484.797200,613.900005,635.634590
619,-1,227.519985,74.902606,940453.955726,547632.964029,3485.604000,613.866730,635.812116
620,-1,227.160017,74.810091,940510.748263,547699.880562,3462.858100,526.171430,545.219966
621,-1,226.799997,74.705192,940508.330945,547702.136135,3463.893000,526.171569,545.492178
622,-1,226.439998,74.601144,940505.928063,547704.406800,3464.920499,526.171598,545.764145
623,-1,226.080006,74.498612,940503.539616,547706.692556,3465.933999,526.171515,546.034061
624,-1,225.720006,74.397795,940501.165605,547708.993405,3466.931500,526.171320,546.301312
625,-1,225.359983,74.297984,940498.805702,547711.309017,3467.920100,526.171478,546.568185
626,-1,224.999999,74.199180,940496.460890,547713.639393,3468.899600,526.171301,546.833913
627,-1,224.640016,74.101388,940494.130514,547715.984204,3469.870100,526.171478,547.099142
628,-1,224.279993,74.004598,940491.814902,547718.344108,3470.831500,526.171320,547.363133
629,-1,223.919993,73.908826,940489.514053,547720.718119,3471.783800,526.171515,547.626502
630,-1,223.560001,73.814067,940487.228297,547723.106565,3472.726899,526.171598,547.888727
631,-1,223.199998,73.720265,940484.936963,547725.490091,3473.669599,526.199887,548.179412
632,-1,222.839982,73.627579,940482.702059,547727.926766,3474.585500,526.171430,548.409565
633,-1,222.480003,73.535851,940480.461906,547730.357863,3475.501000,526.171388,548.668288
634,-1,222.120001,73.445154,940478.236845,547732.803068,3476.407100,526.171458,548.925846
635,-1,221.759986,73.355469,940476.027204,547735.262381,3477.303900,526.171403,549.181994
636,-1,221.400020,73.266797,940473.833311,547737.735145,3478.191400,526.171413,549.436871
637,-1,221.039989,73.179150,940471.654509,547740.222017,3479.069500,526.171545,549.690459
638,-1,220.680003,73.092515,940469.491784,547742.722340,3479.938200,526.171493,549.942422
639,-1,220.319996,73.006902,940467.344806,547745.236442,3480.797400,526.171288,550.192719
640,-1,219.960005,72.922270,940465.191596,547747.745296,3481.656400,526.200006,550.471832
641,-1,219.600001,72.838740,940463.098096,547750.304346,3482.487500,526.171488,550.689225
642,-1,219.239981,72.780790,940460.998691,547752.858474,3483.070600,526.171432,550.861504
643,-1,218.880003,72.717696,940527.182941,547810.470892,3456.421600,438.476286,459.208347
644,-1,218.519997,72.635830,940525.460504,547812.621150,3457.109000,438.476095,459.412847
645,-1,218.160012,72.554677,940523.751518,547814.781907,3457.791100,438.476152,459.616931
646,-1,217.799994,72.474246,940522.037282,547816.939055,3458.475200,438.499877,459.845107
647,-1,217.440010,72.394537,940520.374228,547819.135573,3459.138900,438.476341,460.022972
648,-1,217.079990,72.315550,940518.706252,547821.328482,3459.804500,438.476217,460.224610
649,-1,216.719995,72.237278,940517.052056,547823.531561,3460.464700,438.476279,460.425650
650,-1,216.359988,72.159729,940515.392611,547825.731032,3461.126999,438.500018,460.650731
651,-1,215.999983,72.082913,940513.785330,547827.968889,3461.768400,438.476301,460.825070
652,-1,215.639986,72.006816,940512.153772,547830.189028,3462.419599,438.499950,461.048315
653,-1,215.279987,71.931454,940510.555350,547832.433118,3463.057500,438.500025,461.245835
654,-1,214.920000,71.856825,940508.990721,547834.700830,3463.681900,438.476180,461.417217
655,-1,214.560023,71.782919,940507.420842,547836.964605,3464.308500,438.476201,461.612741
656,-1,214.199997,71.709755,940505.865071,547839.238551,3464.929300,438.476146,461.807138
657,-1,213.840003,71.637314,940504.323735,547841.522011,3465.544500,438.476115,462.000546
658,-1,213.480014,71.565624,940502.776822,547843.801862,3466.161800,438.500036,462.218080
659,-1,213.120001,71.494664,940501.264030,547846.104679,3466.765499,438.500139,462.409434
660,-1,212.760002,71.424434,940499.766001,547848.417010,3467.363400,438.499991,462.599410
661,-1,212.400003,71.354959,940498.302422,547850.751323,3467.947400,438.476289,462.763319
662,-1,212.040015,71.286205,940496.833593,547853.082027,3468.533700,438.476263,462.951070
663,-1,211.679974,71.218210,940495.379199,547855.422246,3469.114000,438.476265,463.137582
664,-1,211.319993,71.150947,940493.919556,547857.758855,3469.696600,438.499941,463.347893
665,-1,210.959984,71.084432,940492.515032,547860.129257,3470.257100,438.476274,463.506892
666,-1,210.600008,71.018657,940491.105258,547862.496050,3470.819800,438.476276,463.689612
667,-1,210.239980,70.953631,940489.710247,547864.872030,3471.376500,438.476204,463.870916
668,-1,209.879982,70.889355,940488.330329,547867.256540,3471.927200,438.476110,464.050830
669,-1,209.519978,70.825828,940486.965174,547869.649579,3472.471999,438.476275,464.229635
670,-1,209.159998,70.763047,940485.615439,547872.051149,3473.010700,438.476128,464.406707
671,-1,208.799998,70.701009,940484.259799,547874.449767,3473.551800,438.499887,464.607691
672,-1,208.440002,70.639738,940482.960917,547876.879552,3474.070100,438.476203,464.756900
673,-1,208.080017,70.579214,940481.656458,547879.306056,3474.590700,438.476296,464.929829
674,-1,207.719990,70.518502,940480.346093,547881.729936,3475.121700,438.500145,465.129143
675,-1,207.359982,70.456232,940479.093471,547884.183999,3475.649600,438.476151,465.282853
676,-1,206.999980,70.394730,940477.834943,547886.634782,3476.179800,438.476222,465.460553
677,-1,206.640011,70.333987,940476.570838,547889.082611,3476.712300,438.499911,465.661805
678,-1,206.280010,70.273994,940475.343150,547891.549142,3477.230300,438.499974,465.836446
679,-1,205.919979,70.214740,940474.130882,547894.023546,3477.742300,438.500036,466.009565
680,-1,205.559984,70.129745,940552.068718,547934.352206,3446.774999,350.780969,372.986848
681,-1,205.199971,70.036909,940551.106778,547936.335470,3447.424900,350.800002,373.226134
682,-1,204.840018,69.968473,940550.174693,547938.332513,3447.899399,350.800002,373.388401
683,-1,204.480002,69.912267,940549.272464,547940.343664,3448.282400,350.780829,373.501759
684,-1,204.119975,69.856840,940548.365314,547942.352518,3448.667300,350.780937,373.634233
685,-1,203.760004,69.802183,940547.453570,547944.359076,3449.054099,350.800024,373.785524
686,-1,203.400028,69.748263,940546.572010,547946.379085,3449.429000,350.799913,373.915024
687,-1,203.040024,69.695109,940545.702917,547948.404671,3449.798899,350.799993,374.043299
688,-1,202.680000,69.642703,940544.846620,547950.435835,3450.163799,350.799966,374.170056
689,-1,202.319990,69.591066,940544.003118,547952.472248,3450.523600,350.799959,374.295366
690,-1,201.959982,69.540181,940543.172411,547954.513911,3450.878400,350.799971,374.419251
691,-1,201.600009,69.490069,940542.354499,547956.560495,3451.228099,350.800125,374.541776
692,-1,201.240028,69.440689,940541.549711,547958.612328,3451.572799,350.799991,374.662562
693,-1,200.880005,69.392087,940540.757717,547960.669411,3451.912300,350.799879,374.781817
694,-1,200.519976,69.344238,940539.978519,547962.731414,3452.246799,350.799909,374.899710
695,-1,200.159996,69.297160,940539.212445,547964.798011,3452.576100,350.799888,375.015978
696,-1,199.799981,69.250847,940538.459166,547966.869529,3452.900299,350.800008,375.130824
697,-1,199.439987,69.204260,940537.719010,547968.945641,3453.226599,350.800073,375.246610
698,-1,199.080000,69.149800,940537.010021,547971.032579,3453.601000,350.780993,375.361868
699,-1,198.720002,69.096252,940536.278068,547973.111643,3453.983800,350.800039,375.516079
700,-1,198.359983,69.043456,940535.577282,547975.201534,3454.354300,350.799940,375.648341
701,-1,198.000022,68.991432,940534.907663,547977.301267,3454.712400,350.781007,375.758893
702,-1,197.640023,68.940307,940534.215080,547979.393783,3455.079000,350.799995,375.908197
703,-1,197.280003,68.889945,940533.553664,547981.496469,3455.433200,350.800047,376.035669
704,-1,196.920008,68.840332,940532.923744,547983.608669,3455.774999,350.781047,376.141189
705,-1,196.559997,68.791624,940532.270858,547985.713980,3456.125300,350.799874,376.285329
706,-1,196.200019,68.743684,940531.649140,547987.828477,3456.463200,350.800056,376.407869
707,-1,195.839985,68.696540,940531.040873,547989.947239,3456.795600,350.799979,376.528434
708,-1,195.479984,68.650187,940530.446058,547992.069610,3457.122600,350.799828,376.647218
709,-1,195.119986,68.604655,940529.864366,547994.195590,3457.444099,350.799915,376.764463
710,-1,194.759992,68.559912,940529.296126,547996.325179,3457.760200,350.799923,376.879900
711,-1,194.399989,68.515969,940528.741337,547998.458377,3458.070800,350.799853,376.993479
712,-1,194.039999,68.472835,940528.199672,548000.594856,3458.376000,350.800105,377.105597
713,-1,193.679984,68.430480,940527.671786,548002.734943,3458.675700,350.799963,377.215540
714,-1,193.320019,68.388932,940527.157351,548004.877984,3458.969900,350.799901,377.323739
715,-1,192.959975,68.348182,940526.656040,548007.024633,3459.258700,350.800087,377.430373
716,-1,192.600018,68.308223,940526.168508,548009.173907,3459.542000,350.800104,377.535008
717,-1,192.240017,68.269046,940525.694427,548011.326461,3459.819900,350.800125,377.637832
718,-1,191.880022,68.230666,940525.234126,548013.481969,3460.092200,350.799904,377.738530
719,-1,191.519976,68.193013,940524.805650,548015.644366,3460.352000,350.780971,377.817381
720,-1,191.160000,68.156283,940524.353551,548017.801514,3460.620599,350.800083,377.934983
721,-1,190.800012,68.120195,940523.952633,548019.968833,3460.869400,350.780860,378.009788
722,-1,190.440028,68.085019,940523.527765,548022.131558,3461.127200,350.799871,378.123573
723,-1,190.080014,68.050592,940523.135049,548024.300517,3461.372200,350.799982,378.215185
724,-1,189.720024,68.016919,940522.756113,548026.471772,3461.611900,350.799973,378.304839
725,-1,189.360013,67.983975,940522.409657,548028.648605,3461.838800,350.780857,378.372111
726,-1,188.999999,67.951946,940522.039251,548030.821501,3462.074700,350.799862,378.478221
727,-1,188.640023,67.920568,940521.720026,548033.002271,3462.290700,350.780932,378.541815
728,-1,188.279990,67.890090,940521.376851,548035.179760,3462.515799,350.800023,378.644173
729,-1,187.919998,67.860341,940521.066156,548037.361842,3462.728099,350.800161,378.724258
730,-1,187.560005,67.831339,940520.769568,548039.545893,3462.935000,350.799903,378.802040
731,-1,187.199992,67.803052,940520.505133,548041.734209,3463.129300,350.781059,378.857952
732,-1,186.840028,67.775683,940520.217076,548043.919244,3463.332500,350.799911,378.952217
733,-1,186.480023,67.749007,940519.961499,548046.108544,3463.523100,350.799853,379.024296
734,-1,186.120000,67.723115,940519.719374,548048.299485,3463.708300,350.800094,379.094687
735,-1,185.760009,67.697982,940519.491356,548050.491737,3463.888000,350.800018,379.162774
736,-1,185.399978,67.673598,940519.277117,548052.685631,3464.062400,350.799917,379.228898
737,-1,185.040000,67.649935,940519.095359,548054.882149,3464.224000,350.781082,379.272896
738,-1,184.679998,67.622715,940518.889651,548057.076698,3464.426700,350.800126,379.367632
739,-1,184.319993,67.585620,940518.735780,548059.275513,3464.684500,350.781006,379.448176
740,-1,183.960011,67.549406,940518.576659,548061.473671,3464.944000,350.781018,379.547211
741,-1,183.599989,67.514077,940518.412290,548063.671829,3465.205200,350.800115,379.664682
742,-1,183.240006,67.479420,940518.281056,548065.871956,3465.453700,350.799867,379.759562
743,-1,182.879986,67.445569,940518.163274,548068.073067,3465.696700,350.799982,379.852808
744,-1,182.519972,67.412489,940518.059272,548070.274834,3465.934299,350.800152,379.944162
745,-1,182.160006,67.380147,940517.969377,548072.476930,3466.166600,350.800062,380.033365
746,-1,181.800018,67.348589,940517.893262,548074.679681,3466.393400,350.800025,380.120619
747,-1,181.439993,67.317786,940517.830926,548076.883089,3466.614900,350.800044,380.205997
748,-1,181.079976,67.287630,940517.801398,548079.087153,3466.823900,350.781099,380.269164
749,-1,180.719993,67.258436,940517.747921,548081.290560,3467.041900,350.799961,380.370784
750,-1,180.359989,67.229860,940517.727252,548083.494624,3467.247600,350.799857,380.450254
751,-1,180.000000,67.201944,940517.739063,548085.698688,3467.440800,350.781122,380.507799
752,-1,179.640010,67.174962,940517.727252,548087.902752,3467.643100,350.799857,380.603501
753,-1,179.280006,67.148610,940517.747921,548090.106816,3467.833100,350.799961,380.677341
754,-1,178.920023,67.122879,940517.801398,548092.310223,3468.010700,350.781099,380.728968
755,-1,178.560006,67.098079,940517.830926,548094.514287,3468.197600,350.800044,380.819117
756,-1,178.199981,67.073883,940517.893262,548096.717695,3468.372200,350.800025,380.887079
757,-1,177.839993,67.050406,940517.969377,548098.920446,3468.541700,350.800062,380.953173
758,-1,177.479974,67.027633,940518.059272,548101.122870,3468.706200,350.800166,381.017441
759,-1,177.120013,67.005543,940518.163274,548103.324309,3468.865699,350.799982,381.079550
760,-1,176.759993,66.984157,940518.281056,548105.525420,3469.020200,350.799867,381.139825
761,-1,176.400010,66.963489,940518.412290,548107.725547,3469.169700,350.800115,381.198531
762,-1,176.039989,66.943476,940518.557631,548109.925018,3469.314400,350.800092,381.255157
763,-1,175.680006,66.924019,940518.735780,548112.121864,3469.447000,350.781006,381.289549
764,-1,175.320001,66.905518,940518.889651,548114.320678,3469.589000,350.800126,381.362816
765,-1,174.960001,66.887539,940519.076658,548116.516868,3469.719000,350.799855,381.413578
766,-1,174.600021,66.870247,940519.277117,548118.711745,3469.844200,350.799917,381.462798
767,-1,174.239990,66.853610,940519.491356,548120.905639,3469.964700,350.800018,381.510241
768,-1,173.879999,66.837639,940519.719374,548123.097891,3470.080400,350.800094,381.555805
769,-1,173.519976,66.822302,940519.961499,548125.288832,3470.191400,350.799853,381.599258
770,-1,173.159971,66.807635,940520.217076,548127.478132,3470.297700,350.799911,381.641161
771,-1,172.800018,66.793602,940520.486432,548129.665464,3470.399399,350.799900,381.681215
772,-1,172.439994,66.780206,940520.769568,548131.851483,3470.496499,350.799903,381.719489
773,-1,172.080001,66.767477,940521.066156,548134.035534,3470.588900,350.800161,381.756165
774,-1,171.720009,66.755347,940521.376851,548136.217616,3470.676800,350.800023,381.790721
775,-1,171.360019,66.743855,940521.700997,548138.397730,3470.760200,350.800140,381.823750
776,-1,171.000000,66.732962,940522.039251,548140.575875,3470.839100,350.799862,381.854655
777,-1,170.640016,66.722722,940522.390628,548142.751724,3470.913500,350.800112,381.884280
778,-1,170.279975,66.715603,940522.756113,548144.925604,3470.965100,350.799973,381.904546
779,-1,169.919985,66.713384,940523.135049,548147.096859,3470.981199,350.799982,381.910919
780,-1,169.559971,66.711766,940523.527765,548149.265818,3470.992900,350.799871,381.915443
781,-1,169.199980,66.710748,940523.933932,548151.432152,3471.000300,350.799906,381.918400
782,-1,168.839999,66.710317,940524.353551,548153.595862,3471.003500,350.800083,381.919828
783,-1,168.480003,66.710455,940524.786949,548155.756947,3471.002500,350.800081,381.919431
784,-1,168.119977,66.711161,940525.234126,548157.915407,3470.997300,350.799904,381.917212
785,-1,167.759982,66.712456,940525.694427,548160.070915,3470.988000,350.800125,381.913739
786,-1,167.399981,66.714315,940526.168508,548162.223469,3470.974500,350.800104,381.908382
787,-1,167.040024,66.716739,940526.656040,548164.372743,3470.956900,350.800087,381.901409
788,-1,166.679980,66.719705,940527.157351,548166.519393,3470.935300,350.799901,381.892701
789,-1,166.320015,66.723251,940527.671786,548168.662433,3470.909600,350.799963,381.882602
790,-1,165.960000,66.727339,940528.199672,548170.802520,3470.880000,350.800105,381.871036
791,-1,165.600010,66.731955,940528.741337,548172.938999,3470.846399,350.799853,381.857530
792,-1,165.240007,66.737129,940529.296126,548175.072197,3470.808900,350.799923,381.842782
793,-1,164.880013,66.742835,940529.864366,548177.201786,3470.767500,350.799915,381.826425
794,-1,164.520015,66.749076,940530.446058,548179.327766,3470.722200,350.799828,381.808461
795,-1,164.160014,66.755841,940531.040873,548181.450137,3470.673200,350.799979,381.789260
796,-1,163.800017,66.762914,940531.667512,548183.563322,3470.613700,350.780857,381.748210
797,-1,163.440002,66.770949,940532.270858,548185.683396,3470.563599,350.799874,381.745923
798,-1,163.079978,66.779270,940532.905699,548187.794284,3470.503300,350.799934,381.722199
799,-1,162.719996,66.788119,940533.553664,548189.900907,3470.439199,350.800047,381.697034
800,-1,162.359976,66.797457,940534.215080,548192.003594,3470.371499,350.799995,381.670308
801,-1,161.999971,66.807309,940534.889619,548194.102015,3470.300099,350.799994,381.642183
802,-1,161.640003,66.817417,940535.595326,548196.189937,3470.218700,350.780954,381.592630
803,-1,161.279997,66.828497,940536.278068,548198.285733,3470.146599,350.800039,381.581798
804,-1,160.920000,66.839820,940536.991977,548200.371031,3470.064600,350.800084,381.549581
805,-1,160.560012,66.851639,940537.719010,548202.451735,3469.979000,350.800073,381.515913
806,-1,160.200018,66.863926,940538.459166,548204.527847,3469.890000,350.800008,381.480874
807,-1,159.840003,66.876696,940539.212445,548206.599365,3469.797500,350.799888,381.444429
808,-1,159.480012,66.889716,940539.996236,548208.659400,3469.695200,350.781017,381.386909
809,-1,159.119994,66.903666,940540.757717,548210.727966,3469.602300,350.799879,381.367806
810,-1,158.759971,66.917853,940541.549711,548212.785048,3469.499700,350.799991,381.327673
811,-1,158.399990,66.932514,940542.354499,548214.836881,3469.393700,350.800125,381.286251
812,-1,158.040017,66.947604,940543.172411,548216.883465,3469.284499,350.799971,381.243337
813,-1,157.680009,66.963162,940544.003118,548218.925128,3469.172000,350.799959,381.199287
814,-1,157.319999,66.979168,940544.846620,548220.961541,3469.056300,350.799966,381.154032
815,-1,156.959975,66.995635,940545.702917,548222.992705,3468.937300,350.799993,381.107536
816,-1,156.599971,67.012529,940546.572010,548225.018291,3468.815200,350.799913,381.059763
817,-1,156.239979,67.029614,940547.470959,548227.030754,3468.683800,350.781069,380.991117
818,-1,155.880011,67.047648,940548.347925,548229.052732,3468.561600,350.800025,380.960899
819,-1,155.520003,67.065842,940549.255076,548231.061586,3468.430200,350.799917,380.909577
820,-1,155.159981,67.088375,940550.174693,548233.064863,3468.267600,350.800002,380.846324
821,-1,154.800028,67.127839,940551.106778,548235.061906,3467.982900,350.800002,380.735578
822,-1,154.440009,67.195877,940552.051658,548237.053372,3467.492400,350.799898,380.545105
823,-1,154.080005,67.265212,940553.008677,548239.038933,3466.993200,350.800145,380.352130
824,-1,153.720003,67.335834,940553.978491,548241.018259,3466.485100,350.800009,380.155929
825,-1,153.359964,67.407756,940554.960773,548242.991681,3465.968200,350.799929,379.956979
826,-1,152.999995,67.480970,940555.955194,548244.958540,3465.442599,350.799906,379.755348
827,-1,152.639989,67.555978,940556.978814,548246.910636,3464.896900,350.781012,379.529221
828,-1,152.280022,67.631808,940557.997840,548248.864700,3464.353700,350.780949,379.322112
829,-1,151.919998,67.708450,940559.012274,548250.821717,3463.813200,350.800173,379.134538
830,-1,151.560018,67.786890,940560.055907,548252.762986,3463.252500,350.800072,378.922115
831,-1,151.199988,67.866635,940561.111679,548254.698022,3462.683200,350.800177,378.707353
832,-1,150.839990,67.947684,940562.179591,548256.626168,3462.105200,350.800175,378.489961
833,-1,150.480008,68.030043,940563.259641,548258.547424,3461.518500,350.800064,378.269971
834,-1,150.119982,68.113710,940564.351830,548260.462118,3460.923200,350.800006,378.047606
835,-1,149.760017,68.198700,940565.455831,548262.369595,3460.319200,350.799960,377.822828
836,-1,149.399979,68.285008,940566.571970,548264.270509,3459.706600,350.799971,377.595754
837,-1,149.039974,68.372633,940567.699921,548266.164206,3459.085400,350.799992,377.366378
838,-1,148.679988,68.461580,940568.839682,548268.050686,3458.455600,350.800021,377.134734
839,-1,148.319966,68.552333,940570.007659,548269.920104,3457.806300,350.780926,376.879072
840,-1,147.960013,68.643430,940571.154638,548271.801990,3457.170400,350.800096,376.664872
841,-1,147.599997,68.736341,940572.329833,548273.666816,3456.515000,350.800145,376.426735
842,-1,147.240010,68.831059,940573.532914,548275.513597,3455.840200,350.780828,376.164524
843,-1,146.880001,68.926142,940574.715327,548277.373830,3455.178600,350.800021,375.944023
844,-1,146.519985,68.958921,940502.776822,548327.595514,3488.685200,438.500036,469.826541
845,-1,146.160028,68.982304,940504.303722,548329.888488,3488.479800,438.500046,469.752843
846,-1,145.799994,69.005885,940505.845386,548332.172276,3488.272700,438.499988,469.678551
847,-1,145.439988,69.029694,940507.401157,548334.446222,3488.063700,438.500043,469.603764
848,-1,145.079995,69.053698,940508.971036,548336.710325,3487.853099,438.500208,469.528589
849,-1,144.720012,69.077889,940510.555350,548338.964258,3487.640799,438.500025,469.452563
850,-1,144.360013,69.102274,940512.153772,548341.208348,3487.426900,438.499950,469.376153
851,-1,143.999986,69.126867,940513.766302,548343.442595,3487.211300,438.499988,469.299327
852,-1,143.639996,69.151441,940515.411968,548345.652236,3486.986800,438.476066,469.197029
853,-1,143.280013,69.176596,940517.033027,548347.879922,3486.775500,438.499967,469.144209
854,-1,142.920003,69.201742,940518.687223,548350.083330,3486.555300,438.500102,469.066101
855,-1,142.559977,69.227056,940520.355527,548352.276239,3486.333600,438.499965,468.987298
856,-1,142.200005,69.252552,940522.037282,548354.458321,3486.110400,438.499877,468.908101
857,-1,141.839980,69.278225,940523.732817,548356.630233,3485.885800,438.499978,468.828678
858,-1,141.480015,69.304060,940525.441803,548358.790990,3485.659799,438.499921,468.748707
859,-1,141.120001,69.330063,940527.164569,548360.941248,3485.432400,438.499855,468.668328
860,-1,140.760013,69.356237,940528.900458,548363.080679,3485.203700,438.500089,468.587868
861,-1,140.400000,69.354565,939652.187972,549091.936177,3914.785800,1578.599992,1686.934522
862,-1,140.039994,69.341637,939658.534416,549099.558865,3915.192599,1578.600018,1687.078021
863,-1,139.680000,69.328574,939664.928432,549107.141199,3915.603700,1578.599984,1687.223067
864,-1,139.319998,69.313257,939671.370020,549114.683507,3916.085900,1578.600099,1687.393455
865,-1,138.960006,69.321578,939677.858853,549122.184804,3915.823900,1578.599973,1687.300802
866,-1,138.599995,69.343877,939684.459233,549129.588989,3915.089800,1578.514269,1686.961519
867,-1,138.239997,69.364539,939690.977593,549137.065024,3914.471999,1578.599926,1686.823845
868,-1,137.880001,69.366724,939632.555794,549203.262070,3947.425700,1666.300059,1780.510853
869,-1,137.519999,69.341995,939639.602039,549211.005821,3948.247000,1666.300078,1780.800450
870,-1,137.160000,69.317531,939646.696841,549218.704952,3949.059700,1666.299936,1781.087191
871,-1,136.799999,69.293337,939653.839872,549226.359464,3949.863700,1666.299874,1781.371255
872,-1,136.439996,69.269413,939661.030802,549233.969029,3950.659000,1666.299908,1781.652648
873,-1,136.079998,69.235632,939541.927038,549363.200070,4018.285900,1841.700073,1969.635082
874,-1,135.719999,69.198006,939549.979843,549371.510093,4019.669599,1841.700193,1970.126176
875,-1,135.359999,69.196114,939558.084814,549379.769263,4019.739200,1841.700169,1970.150872
876,-1,134.999999,69.177847,939628.254949,549325.963924,3987.058200,1753.999917,1876.561310
877,-1,134.639998,69.140212,939636.072191,549333.732281,3988.377299,1753.999973,1877.030666
878,-1,134.279997,69.103376,939643.937989,549341.451426,3989.669100,1754.000140,1877.491197
879,-1,133.919999,69.067337,939651.852343,549349.120702,3990.933399,1753.999949,1877.942344
880,-1,133.559995,69.032103,939659.814597,549356.740437,3992.170199,1754.000093,1878.384706
881,-1,133.200003,68.997669,939667.824424,549364.309648,3993.379400,1754.000084,1878.817743
882,-1,132.840001,68.971500,939675.881822,549371.828662,3994.298800,1754.000163,1879.147531
883,-1,132.479996,69.001382,939683.986465,549379.296823,3993.249000,1754.000076,1878.771003
884,-1,132.119998,69.032868,939692.137695,549386.713803,3992.143300,1754.000025,1878.375017
885,-1,131.759993,69.065537,939700.335514,549394.079601,3990.996600,1754.000011,1877.964983
886,-1,131.399998,69.099337,939708.642256,549401.322041,3989.774300,1753.904677,1877.439541
887,-1,131.040001,69.131135,939486.538369,549673.247022,4122.434700,2104.800098,2252.572951
888,-1,130.679997,69.085936,939496.540646,549681.898908,4124.337000,2104.799990,2253.251208
889,-1,130.319998,69.031636,939563.343662,549623.621465,4093.014500,2017.099954,2160.148986
890,-1,129.959998,68.974430,939573.102829,549631.707735,4095.283000,2016.990357,2160.859512
891,-1,129.600003,68.925859,939582.772101,549639.900960,4097.288400,2017.100106,2161.682237
892,-1,129.240002,68.886898,939592.562763,549647.948844,4098.864100,2017.100119,2162.249333
893,-1,128.879998,68.848973,939602.403951,549655.935049,4100.398700,2017.100034,2162.802505
894,-1,128.519997,68.810331,939612.295007,549663.859246,4101.963099,2017.100008,2163.367452
895,-1,128.159998,68.770977,939622.235604,549671.721107,4103.557200,2017.099989,2163.944143
896,-1,127.800000,68.730921,939632.225414,549679.520304,4105.180600,2017.099924,2164.532438
897,-1,127.440001,68.690206,939642.330380,549687.169895,4106.789000,2016.990694,2165.014640
898,-1,127.080001,68.648748,939652.351030,549694.929722,4108.513700,2017.099882,2165.743703
899,-1,126.719994,68.606650,939662.486180,549702.539614,4110.222800,2017.100047,2166.366699
900,-1,126.360003,68.563931,939672.733535,549709.996949,4111.914999,2016.990469,2166.882534
901,-1,126.000001,68.549040,939682.898541,549717.566815,4112.563100,2017.099965,2167.221386
902,-1,125.639996,68.539668,939693.239071,549724.895213,4112.901000,2016.990566,2167.243165
903,-1,125.280001,68.523360,939652.845123,549803.929504,4148.111600,2104.799988,2261.846991
904,-1,124.920002,68.491266,939663.664983,549811.533819,4149.473400,2104.799980,2262.345923
905,-1,124.560000,68.471895,939674.532416,549819.070221,4150.295700,2104.800148,2262.647700
906,-1,124.200002,68.480936,939685.447092,549826.537726,4149.911800,2104.799871,2262.506595
907,-1,123.839999,68.491194,939696.408356,549833.936989,4149.476500,2104.800061,2262.347135
908,-1,123.480000,68.502655,939707.415880,549841.267027,4148.990100,2104.800085,2262.168867
909,-1,123.119998,68.515324,939718.469336,549848.527840,4148.452600,2104.800126,2261.971990
910,-1,122.759998,68.515458,939777.083720,549781.876070,4113.885200,2016.990646,2167.603510
911,-1,122.399998,68.507284,939787.704105,549788.792395,4114.260500,2017.099792,2167.842548
912,-1,122.039995,68.498707,939798.426197,549795.549927,4114.609400,2017.099998,2167.970595
913,-1,121.679999,68.489747,939809.248026,549802.146371,4114.930600,2016.990370,2167.986350
914,-1,121.320000,68.480010,939819.996692,549808.861580,4115.369800,2017.099866,2168.249291
915,-1,120.960002,68.491382,939830.844111,549815.415701,4114.907300,2017.100042,2168.079840
916,-1,120.599994,68.511881,939841.732869,549821.901580,4114.073699,2017.100066,2167.774369
917,-1,120.239996,68.541262,939852.661981,549828.318562,4112.879200,2017.099878,2167.336924
918,-1,119.879997,68.586820,939863.631119,549834.666975,4111.028100,2017.099924,2166.660462
919,-1,119.519995,68.635712,939874.639955,549840.946490,4109.042900,2017.100086,2165.936623
920,-1,119.160001,68.686087,939928.419703,549770.571303,4072.781400,1929.400073,2071.053953
921,-1,118.800001,68.705657,939939.024669,549776.444650,4072.022100,1929.399861,2070.777888
922,-1,118.440001,68.753750,939949.666052,549782.251725,4070.157300,1929.400198,2070.101712
923,-1,118.079993,68.807002,939960.344180,549787.991543,4068.093700,1929.400067,2069.354683
924,-1,117.720003,68.865657,939971.106298,549793.571257,4065.782000,1929.295310,2068.422390
925,-1,117.359997,68.929088,939981.854964,549799.176232,4063.327999,1929.295340,2067.538881
926,-1,117.000000,68.997324,939992.590835,549804.806798,4060.730700,1929.400145,2066.704355
927,-1,116.639998,69.070807,940003.409711,549810.276276,4057.892800,1929.399903,2065.688692
928,-1,116.280002,69.177780,940014.262379,549815.677840,4053.766600,1929.399975,2064.218420
929,-1,115.919996,69.289764,940025.149169,549821.011162,4049.453400,1929.399920,2062.689098
930,-1,115.559997,69.414425,940073.907601,549747.158948,4011.720400,1841.700125,1967.317072
931,-1,115.200005,69.502334,940084.362305,549752.118584,4008.497900,1841.699989,1966.186208
932,-1,114.840005,69.594358,940094.848176,549757.012603,4005.128500,1841.699915,1965.008814
933,-1,114.480002,69.634036,940287.068264,549362.759454,3840.896800,1403.200105,1496.764514
934,-1,114.120006,69.658674,940295.103681,549366.387400,3840.210300,1403.199936,1496.525582
935,-1,113.760001,69.684837,940303.192576,549369.895267,3839.453400,1403.123714,1496.191162
936,-1,113.399992,69.726947,940311.242428,549373.492044,3838.309299,1403.199995,1495.865888
937,-1,113.039994,69.789919,940319.344774,549376.968087,3836.557400,1403.200018,1495.259790
938,-1,112.680000,69.853252,940327.468774,549380.392949,3834.796800,1403.199864,1494.652335
939,-1,112.320003,69.916954,940335.614099,549383.766958,3833.027500,1403.199960,1494.043957
940,-1,111.959994,69.981023,940343.780749,549387.089786,3831.249400,1403.200009,1493.434369
941,-1,111.600001,70.045463,940351.967741,549390.361105,3829.462499,1403.200074,1492.823663
942,-1,111.239998,70.110275,940360.175401,549393.580915,3827.666700,1403.200035,1492.211719
943,-1,110.879996,70.175468,940368.403075,549396.749216,3825.861900,1403.200131,1491.598763
944,-1,110.520004,70.246666,940376.677009,549399.794157,3823.865100,1403.123876,1490.850982
945,-1,110.160004,70.350255,940384.917150,549402.929977,3821.030199,1403.199973,1489.966921
946,-1,109.800004,70.454230,940393.228813,549405.870916,3818.134000,1403.123872,1488.923800
947,-1,109.440004,70.558922,940401.507668,549408.903063,3815.275800,1403.200095,1488.041876
948,-1,109.080003,70.664093,940409.830814,549411.811193,3812.381100,1403.200027,1487.080853
949,-1,108.720002,70.769827,940418.172005,549414.667159,3809.474700,1403.200156,1486.121180
950,-1,108.359996,70.876047,940426.555190,549417.398124,3806.532200,1403.123817,1485.082498
951,-1,107.999998,70.982981,940434.907535,549420.221281,3803.626800,1403.200086,1484.205297
952,-1,107.639993,71.090409,940443.301219,549422.919439,3800.685200,1403.200094,1483.249394
953,-1,107.280003,71.198412,940451.711308,549425.564775,3797.731700,1403.200189,1482.294959
954,-1,106.920005,71.306985,940460.138128,549428.156961,3794.766300,1403.199957,1481.341675
955,-1,106.560006,71.444503,940468.581024,549430.696326,3791.015900,1403.199906,1480.143897
956,-1,106.199993,71.598883,940477.039997,549433.182870,3786.812900,1403.200041,1478.811901
957,-1,105.839998,71.755044,940485.514061,549435.615936,3782.569000,1403.200009,1477.477697
958,-1,105.480002,71.912956,940494.003218,549437.995852,3778.285300,1403.200120,1476.142267
959,-1,105.119995,72.072604,940502.507466,549440.322291,3773.962300,1403.200063,1474.805813
960,-1,104.760002,72.233960,940511.025821,549442.595252,3769.601000,1403.200095,1473.469227
961,-1,104.400005,72.396977,940519.577314,549444.740917,3765.178600,1403.123982,1472.053292
962,-1,104.040002,72.561691,940528.104856,549446.980414,3760.766800,1403.200105,1470.797711
963,-1,103.679994,72.727971,940536.682922,549449.018468,3756.273100,1403.123940,1469.384568
964,-1,103.319993,72.895892,940545.255412,549451.076535,3751.767400,1403.123935,1468.053086
965,-1,102.960004,73.123430,940553.823308,549453.154943,3745.698099,1403.200175,1466.352483
966,-1,102.599995,73.459675,940562.421716,549455.105070,3736.721200,1403.199954,1463.771385
967,-1,102.239997,73.799094,940571.048011,549456.926917,3727.669200,1403.123853,1461.147058
968,-1,101.880006,74.140948,940579.653637,549458.843251,3718.628000,1403.199869,1458.723468
969,-1,101.520003,74.490753,940588.302242,549460.556831,3709.364600,1403.124017,1456.146215
970,-1,101.160003,74.847245,940596.931490,549462.364898,3699.998800,1403.200011,1453.743223
971,-1,100.800003,75.205920,940605.586656,549464.044028,3690.586300,1403.199885,1451.311174
972,-1,100.439997,75.566908,940614.252321,549465.669025,3681.144499,1403.200013,1448.929131
973,-1,100.080000,75.930137,940622.927829,549467.239232,3671.674900,1403.199871,1446.597772
974,-1,99.719994,76.245188,940646.419908,549382.314205,3642.017900,1315.500031,1354.339639
975,-1,99.359994,76.491413,940654.571138,549383.683953,3636.032100,1315.499883,1352.928760
976,-1,99.000003,76.739045,940662.741725,549384.932310,3630.007800,1315.428743,1351.464988
977,-1,98.639996,76.988412,940670.898533,549386.269906,3623.987299,1315.499832,1350.165948
978,-1,98.279997,77.239093,940679.074042,549387.486111,3617.930500,1315.500032,1348.815375
979,-1,97.919997,77.491172,940687.257096,549388.650807,3611.852000,1315.500106,1347.485851
980,-1,97.559995,77.744595,940695.447369,549389.763993,3605.753000,1315.500102,1346.178033
981,-1,97.200004,77.999324,940703.644203,549390.825671,3599.634400,1315.500106,1344.892534
982,-1,96.839997,78.219846,940722.300661,549304.693953,3576.043100,1227.733524,1254.148187
983,-1,96.479997,78.407407,940729.955174,549305.654581,3571.865699,1227.799920,1253.367055
984,-1,96.119994,78.569356,940737.623137,549306.501036,3568.251300,1227.799825,1252.645647
985,-1,95.759999,78.604390,940190.787617,554804.503492,4681.085000,6752.900075,6888.701750
986,-1,95.399999,78.574786,940233.016207,554808.629140,4684.716300,6752.900055,6889.420131
987,-1,95.040000,78.548531,940275.269731,554812.489368,4687.937400,6752.900040,6890.058903
988,-1,94.680000,78.523820,940310.391380,554903.491483,4708.774399,6840.599853,6980.150477
989,-1,94.319999,78.498791,940353.267607,554906.493773,4711.810500,6840.228857,6980.391628
990,-1,93.960000,78.484090,940396.108072,554909.966864,4713.714000,6840.600071,6981.135154
991,-1,93.599999,78.478125,940439.018748,554912.429785,4714.380099,6840.228721,6980.904298
992,-1,93.239999,78.476787,940481.899567,554915.364491,4714.622200,6840.600154,6981.316606
993,-1,92.880001,78.479880,940524.818773,554917.658777,4714.237500,6840.600070,6981.239684
994,-1,92.520000,78.484161,940567.768162,554919.312645,4713.629600,6840.228906,6980.754612
995,-1,92.160000,78.491393,940610.710661,554921.067235,4712.730300,6840.228718,6980.574948
996,-1,91.800000,78.498616,940656.406436,554835.266554,4694.062900,6752.900015,6891.277636
997,-1,91.440000,78.494642,940690.003482,555187.155286,4765.955900,7103.700023,7249.368419
998,-1,91.080000,78.471728,940734.626424,555188.136583,4768.914699,7103.699852,7249.958992
999,-1,90.719999,78.460009,940792.479327,554136.520904,4555.549900,6051.300000,6176.148901
1000,-1,90.359999,78.418567,940831.052084,554048.857365,4542.071100,5963.276387,6087.209791
1001,-1,90.000000,78.375017,940868.520185,554048.975147,4546.794800,5963.276459,6088.159952
