"OBJECTID","FEATURE_ID","HORIZ_ANG","ZENITH_ANG","VERTEX_X","VERTEX_Y","VERTEX_Z","DIST_2D","DIST_3D"
1,-1,90.000000,90.709476,933897.231962,650150.828875,1480.089500,102603.431275,102611.297926
2,-1,89.640000,90.709338,934545.209997,650674.964638,1473.821000,103129.602727,103137.506659
3,-1,89.280000,90.730123,935208.661426,651902.157393,1420.685500,104362.999855,104371.473950
4,-1,88.920000,90.700445,935862.551851,651798.515212,1475.893900,104269.640863,104277.433022
5,-1,88.560000,90.698981,936555.146594,653280.195648,1460.299499,105766.200146,105774.071146
6,-1,88.199999,90.698050,937227.512047,653518.626929,1458.883000,106023.545550,106031.414695
7,-1,87.839999,90.700822,937913.110414,654021.408076,1447.316900,106549.716971,106557.688100
8,-1,87.480000,90.583648,939946.973800,685008.167625,1349.000000,137593.832246,137600.971387
9,-1,87.119999,90.544884,940995.985481,688653.648851,1407.000000,141284.699963,141291.089136
10,-1,86.760003,90.492881,934070.706025,550611.824869,2724.257000,3069.333436,3069.447007
11,-1,86.400000,90.356450,934089.956971,550610.674281,2731.566000,3069.333308,3069.392706
12,-1,86.039999,90.218036,934115.256461,550696.889004,2738.647300,3157.028791,3157.051650
13,-1,85.679999,90.078138,934135.040870,550695.456920,2746.355800,3157.028755,3157.031691
14,-1,85.319999,89.927759,934154.829872,550694.071424,2754.642000,3157.200158,3157.202668
15,-1,84.959998,89.754363,934174.580817,550692.220050,2764.196100,3157.028766,3157.057779
16,-1,84.599998,89.581156,934194.334715,550690.415263,2773.740200,3157.028679,3157.113035
17,-1,84.240000,89.405251,934222.895681,550775.914108,2784.345600,3244.899953,3245.074781
18,-1,83.879999,89.191089,934766.716116,555656.574294,2865.811700,8155.657506,8156.470375
19,-1,83.519999,89.062203,934817.650069,555650.950946,2884.162000,8155.657320,8156.749890
20,-1,83.160000,88.936834,934868.547605,555645.008044,2902.012900,8155.657484,8157.061744
21,-1,82.799999,88.814785,934292.912602,550679.532083,2815.976599,3157.028601,3157.704178
22,-1,82.439998,88.677034,934312.584478,550676.984188,2823.570400,3157.028654,3157.870431
23,-1,82.079998,88.563233,934332.239951,550674.312605,2829.844500,3157.028572,3158.021434
24,-1,81.720000,88.399109,935071.734535,555618.041235,2978.596300,8155.657238,8158.841789
25,-1,81.360000,88.178979,935135.594315,555697.202494,3012.746400,8243.352542,8247.517792
26,-1,81.000000,87.873880,935186.776299,555689.260909,3056.694300,8243.352639,8249.031394
27,-1,80.639999,87.659467,935223.644992,555594.470088,3084.005399,8155.657371,8162.466872
28,-1,80.279999,87.503230,935274.254471,555586.413345,3106.303499,8156.099873,8163.849982
29,-1,79.920001,87.337992,935340.008604,555663.508664,3133.929800,8243.352670,8252.257751
30,-1,79.559999,87.172112,935391.056075,555654.723248,3157.872600,8243.800073,8253.851264
31,-1,79.200000,87.029298,935441.882088,555644.737704,3178.450400,8243.352520,8254.445123
32,-1,78.840000,86.891157,935492.728443,555634.872566,3198.381200,8243.352495,8255.502011
33,-1,78.479999,86.755793,935543.511806,555624.688203,3217.916600,8243.352523,8256.584544
34,-1,78.120000,86.571454,935612.376170,555700.444285,3249.809299,8331.499859,8346.438680
35,-1,77.760000,86.302330,935682.065335,555774.766971,3294.733200,8418.743193,8436.305541
36,-1,77.399998,86.016699,935733.724024,555763.390026,3336.891500,8418.743055,8439.129130
37,-1,77.039999,85.789021,935745.974984,555580.766375,3357.603300,8243.352755,8265.666533
38,-1,76.680000,85.591139,935796.413203,555568.991792,3386.235100,8243.352642,8267.818142
39,-1,76.319999,85.402692,935846.776620,555556.900609,3413.515799,8243.352645,8269.960031
40,-1,75.959999,85.222479,935897.171532,555544.927208,3439.655499,8243.799980,8272.541999
41,-1,75.599999,85.069176,935925.461502,555446.829963,3454.267700,8155.657345,8185.951911
42,-1,75.240000,84.922501,935975.167439,555434.358531,3475.345400,8156.100084,8188.231532
43,-1,74.879999,84.754626,936047.440589,555505.378731,3507.447799,8243.352523,8278.018279
44,-1,74.519999,84.542441,936120.805271,555576.225702,3546.622000,8331.047890,8368.985147
45,-1,74.159999,84.304516,936171.331089,555562.531175,3581.592300,8331.500049,8372.833415
46,-1,73.799998,84.104361,936172.587976,555379.223799,3592.839000,8155.657337,8199.024935
47,-1,73.440000,83.893498,936171.885222,555197.072589,3604.467999,7980.700150,8026.242008
48,-1,73.079998,83.732561,936194.255912,555098.315896,3617.469600,7892.571580,7940.027882
49,-1,72.720001,83.564951,936241.653783,555083.734561,3640.844100,7892.571727,7942.613794
50,-1,72.360000,83.410297,936288.959462,555068.855325,3662.425500,7892.571618,7945.061404
51,-1,72.000000,83.261230,936336.170654,555053.679175,3683.240000,7892.571509,7947.476836
52,-1,71.639999,83.069192,936604.268215,555704.056483,3795.354700,8594.133430,8657.396474
53,-1,71.280000,82.890426,936599.173737,555520.775025,3800.699800,8418.743191,8483.974173
54,-1,70.920001,82.764742,936620.551647,555420.763414,3808.326200,8331.047914,8397.917265
55,-1,70.559998,82.655746,936670.118149,555403.923225,3824.492300,8331.500027,8400.416997
56,-1,70.200001,82.546711,936689.567913,555303.409646,3829.082899,8243.352651,8313.594654
57,-1,69.839999,82.447448,936768.468674,555368.034189,3855.239100,8331.047768,8403.954369
58,-1,69.480000,82.352158,936786.809845,555267.708602,3857.565800,8243.352614,8317.337307
59,-1,69.120000,82.269548,936866.677467,555331.759327,3881.633600,8331.500111,8407.912491
60,-1,68.760000,82.195428,936883.595412,555230.788400,3880.530199,8243.352525,8320.424543
61,-1,68.400000,82.128472,937157.791714,555782.631785,3975.216100,8857.219201,8941.468919
62,-1,68.040000,82.017215,937242.264971,555843.315063,4005.046400,8944.914330,9032.440111
63,-1,67.680000,81.906260,937327.628317,555903.259168,4035.185100,9032.609905,9123.488537
64,-1,67.320000,81.786789,937380.250587,555881.992807,4054.476899,9033.100022,9126.709764
65,-1,66.960000,81.657252,937432.357438,555859.492852,4075.259800,9032.609789,9129.216877
66,-1,66.600000,81.526030,937519.341844,555917.599691,4109.464300,9120.304986,9220.971133
67,-1,66.240000,81.395565,937571.861424,555894.676180,4130.699700,9120.304895,9224.124206
68,-1,65.879999,81.318206,937624.236319,555871.423274,4143.298299,9120.305088,9226.017706
69,-1,65.519999,81.253874,937712.802415,555927.653477,4167.270699,9208.000132,9316.332359
70,-1,65.159999,81.173427,937765.591352,555903.967828,4180.585700,9208.499897,9318.860131
71,-1,64.799999,81.077047,937855.146619,555958.394229,4210.143700,9295.695386,9409.571807
72,-1,64.440000,80.969177,937907.915870,555933.360158,4228.081400,9295.695425,9412.370774
73,-1,64.080000,80.867499,937960.747457,555908.448791,4245.080300,9296.200040,9415.552206
74,-1,63.719999,80.766216,938013.201093,555882.751992,4261.942800,9296.200015,9418.243280
75,-1,63.359999,80.719309,938026.168915,555778.336518,4255.424600,9208.500194,9330.637085
76,-1,63.000000,80.685910,938077.576620,555751.786046,4260.854400,9208.000393,9331.021082
77,-1,62.640000,80.646464,938088.740312,555647.472935,4252.920199,9120.304966,9243.199904
78,-1,62.280000,80.579477,938098.759977,555543.346502,4249.324299,9032.609618,9156.092359
79,-1,61.920000,80.516616,937983.802858,555207.298946,4200.913000,8681.828743,8802.123625
80,-1,61.560001,80.388313,935651.312444,550786.095518,3374.400700,3683.200041,3735.640960
81,-1,61.200000,80.274129,935671.723492,550775.185763,3381.988300,3683.400143,3737.112575
82,-1,60.840000,80.131156,935649.142173,550687.217107,3376.162800,3595.504961,3649.507919
83,-1,60.480002,80.027221,935668.835375,550676.147575,3382.884600,3595.504841,3650.665879
84,-1,60.119999,79.881694,935644.770462,550588.916451,3376.653700,3507.809534,3563.228061
85,-1,59.760000,79.785316,935663.846211,550577.876446,3382.744000,3507.809565,3564.303085
86,-1,59.399997,79.644015,936084.617023,551246.063430,3535.908800,4297.066712,4368.225723
87,-1,59.040000,79.528054,936062.699088,551157.045892,3528.690500,4209.371528,4280.670286
88,-1,58.680001,79.384730,936085.336182,551143.368754,3539.584900,4209.371523,4282.663781
89,-1,58.320002,79.222413,936061.831636,551054.921424,3535.242199,4121.676252,4195.686155
90,-1,57.959998,79.061680,936083.827327,551041.251504,3547.230200,4121.676163,4197.944307
91,-1,57.600000,78.915166,936058.746996,550953.400302,3540.988000,4033.980868,4110.671227
92,-1,57.239998,78.748310,936080.104893,550939.752035,3553.193700,4033.981017,4113.035509
93,-1,56.879998,78.642549,936053.460262,550852.522551,3543.322799,3946.285775,4025.106666
94,-1,56.519998,78.478592,936074.184301,550838.909389,3555.077800,3946.285766,4027.438050
95,-1,56.159998,78.369483,936094.822384,550825.166306,3562.908100,3946.285767,4029.009334
96,-1,55.800001,78.269834,936115.373524,550811.293959,3570.064799,3946.285776,4030.458227
97,-1,55.439998,78.156884,936086.209540,550725.245246,3559.837600,3858.800137,3942.728089
98,-1,55.079998,78.056170,936106.013306,550711.257085,3566.877200,3858.590658,3943.973917
99,-1,54.719998,77.951905,936176.499057,550768.905592,3592.933099,3946.285878,4035.169639
100,-1,54.359999,77.846527,936196.695211,550754.521106,3600.524699,3946.285902,4036.761105
101,-1,54.000001,77.738533,936216.800486,550740.009980,3608.311000,3946.285842,4038.407478
102,-1,53.639997,77.627912,936236.814554,550725.372543,3616.293300,3946.285777,4040.110171
103,-1,53.279999,77.512788,936309.169396,550780.903599,3644.028800,4033.981065,4131.719826
104,-1,52.919999,77.370378,936382.312294,550835.647913,3674.202699,4121.676161,4223.877732
105,-1,52.560001,77.204375,936402.923801,550819.969138,3686.752200,4121.676366,4226.639592
106,-1,52.199998,77.032389,936423.436556,550804.160771,3699.771400,4121.676358,4229.542053
107,-1,51.840001,76.843180,936443.849245,550788.224123,3714.115200,4121.676374,4232.783901
108,-1,51.480000,76.649675,936464.300975,550772.334391,3728.860700,4121.900123,4236.382264
109,-1,51.120001,76.480699,936484.372457,550755.967298,3741.656800,4121.676291,4239.137592
110,-1,50.760000,76.310132,936504.481341,550739.648433,3754.645500,4121.676200,4242.192708
111,-1,50.400002,76.165503,936524.487207,550723.203912,3765.673800,4121.676340,4244.816394
112,-1,50.040001,76.060827,936544.389398,550706.633735,3773.664099,4121.676291,4246.734060
113,-1,49.679999,75.954441,936564.187258,550689.938886,3781.792400,4121.676393,4248.699523
114,-1,49.320000,75.835831,936526.716861,550606.615234,3768.731600,4033.981081,4160.465178
115,-1,48.959998,75.736539,936545.886442,550590.033246,3776.170800,4033.980941,4162.291672
116,-1,48.600002,75.636615,936564.951365,550573.331508,3783.664099,4033.981014,4164.144283
117,-1,48.240001,75.536235,936584.056969,550556.673405,3791.254800,4034.199981,4166.245830
118,-1,47.879998,75.435240,936602.764937,550539.569765,3798.785600,4033.981029,4167.921243
119,-1,47.519999,75.351131,936621.511619,550522.511400,3805.109500,4033.980883,4169.515892
120,-1,47.160001,75.277560,936640.151017,550505.335909,3810.645200,4033.981158,4170.919545
121,-1,46.799999,75.213823,936658.682148,550488.043293,3815.444000,4033.981187,4172.141706
122,-1,46.439999,75.148447,936677.104027,550470.634535,3820.369000,4033.981021,4173.401184
123,-1,46.080000,75.079258,937060.396896,550832.116752,3965.792000,4560.152662,4719.272711
124,-1,45.720001,74.953244,937019.916334,550749.566720,3953.030400,4472.699940,4631.493950
125,-1,45.360001,74.827223,937039.803761,550729.710460,3963.519400,4472.457116,4633.993680
126,-1,45.000000,74.738795,937059.908380,550710.074017,3970.999000,4472.699882,4636.191146
127,-1,44.639998,74.658275,937079.544824,550689.969398,3977.688500,4472.457116,4637.722329
128,-1,44.279998,74.557692,937036.443204,550608.686752,3961.910099,4384.762079,4548.984738
129,-1,43.919999,74.471724,937055.615738,550588.902343,3968.994100,4384.762157,4550.876178
130,-1,43.560000,74.322326,937455.955160,550931.589650,4128.997800,4910.933376,5100.693887
131,-1,43.199999,74.134227,937477.148359,550909.162857,4146.406300,4910.933420,5105.425659
132,-1,42.840001,73.992160,937498.200154,550886.603519,4159.576000,4910.933525,5109.041859
133,-1,42.479998,73.859446,937519.109889,550863.911964,4171.895699,4910.933439,5112.452881
134,-1,42.120001,73.720197,937474.829138,550782.274004,4159.229400,4823.238217,5024.708050
135,-1,41.760000,73.607690,937495.083691,550759.731398,4169.514000,4823.238071,5027.600667
136,-1,41.400000,73.518761,937515.196183,550737.062152,4177.651700,4823.238026,5029.903245
137,-1,41.040000,73.399284,937601.310184,550771.846531,4214.740900,4910.933351,5124.528803
138,-1,40.680000,73.300684,937621.496824,550748.509635,4223.948000,4910.933416,5127.166929
139,-1,40.320000,73.199116,937708.398881,550781.790081,4259.920400,4998.628612,5221.508501
140,-1,39.960001,73.105060,937728.645888,550757.780286,4268.878600,4998.628778,5224.105036
141,-1,39.600000,73.013684,937748.741648,550733.643523,4277.590100,4998.628806,5226.643426
142,-1,39.240001,72.893908,937836.605317,550764.854419,4316.010800,5086.323899,5321.748760
143,-1,38.879999,72.739484,937856.743400,550740.039180,4331.030400,5086.323926,5326.186025
144,-1,38.520000,72.582021,937876.724988,550715.097957,4346.371499,5086.323848,5330.758045
145,-1,38.159999,72.421561,937896.549751,550690.031734,4362.031900,5086.324024,5335.466923
146,-1,37.800000,72.315507,937916.216379,550664.841496,4372.397600,5086.324034,5338.606635
147,-1,37.439999,72.257134,937935.724214,550639.527898,4378.108200,5086.323765,5340.343889
148,-1,37.080000,72.204538,937955.072928,550614.092581,4383.256899,5086.323958,5341.915368
149,-1,36.719999,72.168221,937974.261210,550588.535874,4386.813599,5086.323769,5343.003260
150,-1,36.360000,72.128338,938063.910309,550614.850126,4418.998300,5174.019080,5436.342685
151,-1,35.999998,72.097163,938083.101543,550588.609693,4422.106900,5174.019244,5437.297632
152,-1,35.639999,72.063339,938173.396638,550613.348488,4453.867499,5261.714472,5530.510876
153,-1,35.279998,72.046478,938192.576062,550586.420065,4455.578299,5261.714404,5531.037918
154,-1,34.920001,72.013007,938283.491563,550609.571593,4487.447300,5349.409579,5624.287373
155,-1,34.560000,72.015734,938302.645068,550581.951570,4487.165800,5349.409539,5624.200414
156,-1,34.200000,72.034164,938321.624688,550554.211796,4485.264000,5349.409556,5623.613529
157,-1,33.839998,72.048137,938340.429769,550526.353256,4483.822400,5349.409644,5623.169119
158,-1,33.479998,72.068017,938359.059325,550498.377262,4481.771700,5349.409722,5622.537469
159,-1,33.119999,72.118490,938377.512700,550470.284798,4476.567300,5349.409786,5620.937340
160,-1,32.760000,72.156619,938395.788910,550442.076849,4472.637600,5349.409553,5619.731750
161,-1,32.400000,72.184612,938413.887955,550413.754727,4469.753800,5349.409737,5618.848954
162,-1,32.040001,72.209318,938431.808523,550385.319417,4467.209200,5349.409764,5618.070978
163,-1,31.680001,72.237826,938449.549958,550356.771902,4464.273900,5349.409602,5617.174667
164,-1,31.319999,72.293689,938467.111930,550328.113495,4458.524900,5349.409669,5615.423571
165,-1,30.959998,72.337502,938409.292492,550254.231424,4426.094600,5261.714509,5522.021036
166,-1,30.600000,72.348398,938426.210765,550225.828266,4424.992600,5261.714533,5521.686801
167,-1,30.240000,72.354141,938442.950233,550197.319137,4424.411800,5261.714430,5521.510616
168,-1,29.880000,72.387115,938459.510239,550168.705349,4421.077800,5261.714301,5520.500763
169,-1,29.520000,72.382513,938399.579257,550096.778327,4393.695000,5174.019062,5428.630858
170,-1,29.160000,72.364031,938415.508687,550068.439145,4395.532500,5174.019234,5429.187443
171,-1,28.799998,72.332109,938431.259640,550040.000226,4398.707100,5174.019214,5430.150070
172,-1,28.439999,72.300611,938446.831459,550011.463209,4401.840600,5174.019221,5431.101913
173,-1,28.079999,72.309751,938462.471520,549982.960970,4401.020800,5174.300063,5431.120291
174,-1,27.719998,72.360398,938399.805306,549913.306581,4368.008500,5086.324019,5337.274959
175,-1,27.360001,72.378482,938414.581524,549884.969696,4366.240900,5086.323855,5336.739435
176,-1,26.999998,72.409355,938429.179920,549856.540291,4363.224300,5086.324041,5335.827178
177,-1,26.640001,72.448727,938443.598854,549828.020007,4359.378600,5086.323866,5334.666046
178,-1,26.279998,72.489053,938379.207579,549760.581493,4327.772900,4998.628649,5241.523573
179,-1,25.919999,72.521701,938156.404218,549617.378039,4241.800500,4735.542981,4964.762173
180,-1,25.560000,72.523893,938169.326109,549590.576256,4241.601400,4735.542990,4964.702387
181,-1,25.200000,72.524924,938182.079364,549563.693764,4241.507800,4735.542996,4964.674285
182,-1,24.839999,72.534967,938194.663328,549536.731547,4240.595400,4735.542830,4964.400217
183,-1,24.479998,72.537311,938207.078002,549509.690919,4240.382600,4735.543047,4964.336562
184,-1,24.120000,72.541148,938219.322072,549482.572863,4240.034000,4735.542863,4964.231788
185,-1,23.760000,72.551316,938231.395866,549455.378363,4239.110600,4735.542982,4963.954941
186,-1,23.399998,72.581362,938162.815623,549393.280390,4208.869000,4647.847592,4871.227457
187,-1,23.040000,72.608846,938174.329379,549366.442846,4206.420400,4647.847665,4870.495095
188,-1,22.680021,72.583018,934139.973931,547648.839326,2833.193000,263.085703,275.727344
189,-1,22.320015,72.475437,934140.606476,547647.312098,2833.735900,263.085652,275.890285
190,-1,21.960003,72.368800,934141.229506,547645.780933,2834.274699,263.085692,276.053042
191,-1,21.599972,72.263065,934141.843022,547644.245831,2834.809599,263.085823,276.215652
192,-1,21.239998,72.158258,934142.446695,547642.707120,2835.340400,263.085860,276.377856
193,-1,20.880002,72.054369,934143.040526,547641.164472,2835.867100,263.085682,276.539517
194,-1,20.520010,71.951422,934143.624842,547639.618215,2836.389700,263.085714,276.701015
195,-1,20.160033,71.849415,934144.199316,547638.068350,2836.908100,263.085649,276.862004
196,-1,19.799965,71.748339,934144.764276,547636.514547,2837.422400,263.085682,277.022679
197,-1,19.440018,71.648252,934145.319393,547634.957792,2837.932300,263.085842,277.182950
198,-1,19.079977,71.549091,934145.864667,547633.397099,2838.437999,263.085795,277.342540
199,-1,18.719961,71.450886,934146.400099,547631.833126,2838.939400,263.085762,277.501606
200,-1,18.360024,71.353662,934146.925689,547630.266200,2839.436400,263.085845,277.660188
201,-1,18.000016,71.257422,934147.441436,547628.695665,2839.928900,263.085833,277.818034
202,-1,17.639991,71.162151,934147.947340,547627.121849,2840.417000,263.085835,277.975255
203,-1,17.280024,71.067831,934148.443074,547625.545081,2840.900700,263.085635,278.131625
204,-1,16.919990,70.984560,934148.929294,547623.965031,2841.328299,263.085762,278.270773
205,-1,16.559986,70.912249,934149.405343,547622.382029,2841.699900,263.085686,278.391999
206,-1,16.199977,70.840534,934149.871549,547620.796075,2842.068799,263.085721,278.512886
207,-1,15.840036,70.769378,934150.327585,547619.207495,2842.435100,263.085642,278.633245
208,-1,15.479993,70.704260,934150.773778,547617.615635,2842.770600,263.085584,278.743875
209,-1,15.119971,70.662725,934151.210129,547616.021150,2842.984800,263.085728,278.814865
210,-1,14.759975,70.621843,934151.636309,547614.424040,2843.195700,263.085756,278.884798
211,-1,14.399991,70.581651,934152.052319,547612.824306,2843.403100,263.085666,278.953597
212,-1,14.039986,70.542151,934152.458486,547611.221947,2843.607099,263.085776,279.021589
213,-1,13.679964,70.503320,934152.854483,547609.616963,2843.807700,263.085769,279.088469
214,-1,13.319980,70.465163,934153.240309,547608.009683,2844.004900,263.085723,279.154304
215,-1,12.960020,70.427697,934153.615964,547606.400106,2844.198600,263.085636,279.219051
216,-1,12.599983,70.390940,934153.981777,547604.787904,2844.388800,263.085754,279.282936
217,-1,12.240026,70.354836,934154.337091,547603.173734,2844.575600,263.085584,279.345521
218,-1,11.880035,70.319463,934154.682563,547601.557268,2844.758800,263.085692,279.407267
219,-1,11.520011,70.284778,934155.017864,547599.938505,2844.938500,263.085761,279.467902
220,-1,11.160010,70.250786,934155.342995,547598.317773,2845.114700,263.085858,279.527483
221,-1,10.800030,70.217462,934155.657627,547596.695073,2845.287400,263.085660,279.585700
222,-1,10.440030,70.184870,934155.962416,547595.070404,2845.456500,263.085811,279.643118
223,-1,10.080024,70.152965,934156.256707,547593.443767,2845.622000,263.085666,279.699128
224,-1,9.720027,70.121766,934156.554935,547591.817786,2845.789099,263.099899,279.769289
225,-1,9.360021,70.091271,934156.815105,547590.185243,2845.942400,263.085898,279.808288
226,-1,9.000021,70.061454,934157.078556,547588.553357,2846.097200,263.085629,279.860785
227,-1,8.640003,70.032389,934157.332164,547586.919830,2846.248300,263.085768,279.912479
228,-1,8.279975,70.003990,934157.575274,547585.284663,2846.395900,263.085669,279.962824
229,-1,7.919984,69.976323,934157.808213,547583.648183,2846.539800,263.085703,280.012095
230,-1,7.560014,69.949386,934158.030982,547582.010391,2846.679999,263.085867,280.060287
231,-1,7.199992,69.923133,934158.243251,547580.370959,2846.816600,263.085794,280.107081
232,-1,6.839964,69.897609,934158.445351,547578.730214,2846.949500,263.085854,280.152787
233,-1,6.479995,69.872792,934158.636951,547577.088485,2847.078700,263.085759,280.197130
234,-1,6.119992,69.848703,934158.818382,547575.445443,2847.204199,263.085796,280.240374
235,-1,5.760019,69.825320,934158.989313,547573.801418,2847.326000,263.085674,280.282244
236,-1,5.399984,69.802663,934159.150074,547572.156080,2847.444099,263.085688,280.323009
237,-1,5.040022,69.780714,934159.300336,547570.510086,2847.558500,263.085574,280.362420
238,-1,4.679970,69.759509,934159.440428,547568.862779,2847.669100,263.085600,280.400688
239,-1,4.320028,69.739053,934159.570349,547567.215145,2847.775899,263.085848,280.437888
240,-1,3.959978,69.719277,934159.689443,547565.566198,2847.879000,263.085588,280.473364
241,-1,3.600005,69.700271,934159.798695,547563.916923,2847.978300,263.085873,280.508066
242,-1,3.239966,69.681965,934159.897120,547562.266664,2848.073800,263.085677,280.541029
243,-1,2.879981,69.664386,934159.985374,547560.616077,2848.165599,263.085695,280.572935
244,-1,2.519968,69.647548,934160.063130,547558.964833,2848.253500,263.085581,280.603387
245,-1,2.159981,69.631457,934160.130715,547557.313262,2848.337600,263.085678,280.632738
246,-1,1.800009,69.616087,934160.187801,547555.661362,2848.417900,263.085657,280.660677
247,-1,1.439964,69.601481,934160.234717,547554.008807,2848.494300,263.085836,280.687464
248,-1,1.079977,69.587574,934160.270806,547552.356251,2848.566900,263.085578,280.712536
249,-1,0.720032,69.574454,934160.297053,547550.703695,2848.635599,263.085864,280.736772
250,-1,0.359973,69.562031,934160.312473,547549.050483,2848.700500,263.085702,280.759277
251,-1,0.000000,69.550390,934160.317722,547547.397599,2848.761400,263.085759,280.780602
252,-1,359.640026,69.539469,934160.312473,547545.744715,2848.818499,263.085702,280.800503
253,-1,359.279967,69.529311,934160.297053,547544.091504,2848.871700,263.085864,280.819256
254,-1,358.920022,69.519848,934160.270806,547542.438948,2848.921100,263.085578,280.836268
255,-1,358.560035,69.511209,934160.234717,547540.786392,2848.966400,263.085836,280.852362
256,-1,358.199990,69.503266,934160.187801,547539.133836,2849.007900,263.085657,280.866724
257,-1,357.840018,69.496083,934160.130715,547537.481937,2849.045499,263.085678,280.879912
258,-1,357.480031,69.489657,934160.063130,547535.830365,2849.079100,263.085581,280.891592
259,-1,357.119994,69.469016,934685.492197,547507.741839,3046.239000,789.257104,842.788795
260,-1,356.760009,69.440905,934685.227434,547502.790077,3046.680600,789.257051,842.943722
261,-1,356.399992,69.413391,934684.931831,547497.839628,3047.113100,789.257293,843.095928
262,-1,356.039999,69.386715,934684.647382,547492.888522,3047.548500,789.299868,843.288973
263,-1,355.679993,69.360152,934684.246793,547487.945290,3047.950200,789.257195,843.390544
264,-1,355.320007,69.334439,934683.857686,547483.001731,3048.354700,789.257154,843.533174
265,-1,354.960003,69.309337,934683.437411,547478.060468,3048.749700,789.257021,843.672530
266,-1,354.599991,69.284857,934682.986296,547473.121829,3049.135100,789.257095,843.808848
267,-1,354.240006,69.260992,934682.504342,547468.186472,3049.511000,789.257317,843.942092
268,-1,353.880005,69.237745,934681.990892,547463.254067,3049.877100,789.257062,844.071564
269,-1,353.520004,69.215133,934681.446929,547458.324943,3050.233500,789.257279,844.198173
270,-1,353.160009,69.193143,934680.871799,547453.399428,3050.580100,789.257277,844.321228
271,-1,352.800004,69.171789,934680.265501,547448.477522,3050.916700,789.257058,844.440649
272,-1,352.440008,69.151309,934679.671014,547443.553975,3051.255999,789.299922,844.601410
273,-1,352.079992,69.119814,934678.960714,547438.645520,3051.736600,789.257154,844.732615
274,-1,351.720000,69.086206,934678.261896,547433.736081,3052.267000,789.257054,844.921710
275,-1,351.359996,69.053280,934677.532567,547428.830907,3052.787000,789.257305,845.107704
276,-1,351.000005,69.021024,934676.772070,547423.930655,3053.296500,789.257160,845.289849
277,-1,350.639997,68.989459,934675.981061,547419.034995,3053.795400,789.257319,845.468745
278,-1,350.279997,68.958568,934675.158884,547414.144585,3054.283700,789.257031,845.643673
279,-1,349.920003,68.940174,934674.306524,547409.259424,3054.574700,789.257264,845.748416
280,-1,349.559988,68.928486,934673.422995,547404.379513,3054.759500,789.257051,845.814641
281,-1,349.199997,68.918119,934672.509283,547399.505507,3054.923599,789.257242,845.873833
282,-1,348.840008,68.909049,934671.564731,547394.637406,3055.067100,789.257191,845.925413
283,-1,348.480011,68.901302,934670.589668,547389.775211,3055.189700,789.257218,845.969564
284,-1,348.119992,68.894866,934669.584092,547384.918922,3055.291600,789.257330,846.006355
285,-1,347.759996,68.889090,934668.589672,547380.060336,3055.399500,789.299990,846.085011
286,-1,347.399993,68.885965,934667.481406,547375.226356,3055.432500,789.257336,846.057106
287,-1,347.040008,68.883496,934666.384296,547370.390407,3055.471500,789.257155,846.070987
288,-1,346.679995,68.882368,934665.257001,547365.561021,3055.489400,789.257246,846.077521
289,-1,346.320006,68.882559,934664.099195,547360.739180,3055.486300,789.257067,846.076236
290,-1,345.960007,68.884099,934662.911205,547355.924557,3055.461899,789.257010,846.067393
291,-1,345.600008,68.892312,934661.693032,547351.117480,3055.331900,789.256999,846.020559
292,-1,345.239995,68.903452,934660.444675,547346.317949,3055.155600,789.257036,845.957120
293,-1,344.880005,68.915939,934659.166462,547341.526620,3054.958100,789.257272,845.886271
294,-1,344.520001,68.927244,934742.417608,547313.324577,3088.588399,876.999974,939.853009
295,-1,344.159992,68.912181,934740.884475,547308.031608,3088.834900,876.952472,939.897346
296,-1,343.800000,68.898041,934739.363808,547302.735687,3089.083499,876.952391,939.986746
297,-1,343.440001,68.884675,934737.810006,547297.449280,3089.318600,876.952455,940.071473
298,-1,343.079995,68.872072,934736.222739,547292.172716,3089.540200,876.952258,940.151143
299,-1,342.720007,68.860413,934734.648267,547286.892215,3089.763800,877.000069,940.276356
300,-1,342.359999,68.849220,934732.949451,547281.650099,3089.942300,876.952367,940.296257
301,-1,341.999995,68.838961,934731.263103,547276.404375,3090.122800,876.952262,940.361303
302,-1,341.640000,68.829494,934729.543946,547271.169477,3090.289399,876.952229,940.421426
303,-1,341.280002,68.822343,934727.791981,547265.945406,3090.415299,876.952268,940.466938
304,-1,340.919993,68.821380,934726.052155,547260.716742,3090.450700,876.999900,940.524142
305,-1,340.559998,68.820871,934724.189626,547255.530729,3090.441200,876.952249,940.476277
306,-1,340.199991,68.821312,934722.339564,547250.340451,3090.433500,876.952395,940.473631
307,-1,339.840012,68.822546,934720.457022,547245.162311,3090.411800,876.952489,940.465879
308,-1,339.479998,68.824562,934718.541672,547239.995655,3090.376300,876.952446,940.453015
309,-1,339.120004,68.827375,934716.593841,547234.841466,3090.326700,876.952235,940.434903
310,-1,338.760001,68.830995,934714.613858,547229.699416,3090.263000,876.952278,940.411938
311,-1,338.399997,68.835414,934712.601723,547224.569833,3090.185300,876.952457,940.384048
312,-1,338.039989,68.840639,934710.557107,547219.453045,3090.093299,876.952348,940.350734
313,-1,337.679998,68.846670,934708.480668,547214.349381,3089.987200,876.952437,940.312524
314,-1,337.320003,68.853512,934706.372076,547209.258840,3089.866800,876.952418,940.269065
315,-1,336.959989,68.861165,934704.231333,547204.181422,3089.732099,876.952295,940.220365
316,-1,336.599999,68.869637,934702.059093,547199.117784,3089.583100,876.952415,940.166754
317,-1,336.240008,68.878933,934699.855029,547194.067925,3089.419599,876.952476,940.107882
318,-1,335.880004,68.889047,934697.619141,547189.031846,3089.241700,876.952478,940.043794
319,-1,335.519992,68.899984,934695.351429,547184.009875,3089.049300,876.952291,939.974340
320,-1,335.159994,68.911650,934693.052549,547179.002339,3088.844200,876.952378,939.900605
321,-1,334.800006,68.922740,934690.722173,547174.009567,3088.649200,876.952300,939.830388
322,-1,334.440006,68.934151,934688.360630,547169.031230,3088.448699,876.952494,939.758482
323,-1,334.080007,68.945864,934685.967590,547164.067985,3088.242800,876.952383,939.684389
324,-1,333.720004,68.957875,934683.543382,547159.119833,3088.031700,876.952263,939.608460
325,-1,333.359994,68.970195,934681.088334,547154.186772,3087.815300,876.952431,939.530939
326,-1,332.999990,68.982801,934678.602119,547149.269459,3087.593800,876.952300,939.451354
327,-1,332.639998,68.995695,934676.085392,547144.367894,3087.367400,876.952454,939.370324
328,-1,332.280013,69.035883,934673.537825,547139.482405,3086.661800,876.952448,939.117635
329,-1,331.920007,69.100999,934671.001412,547134.590354,3085.537500,876.999990,938.760380
330,-1,331.559997,69.155430,934282.791231,547338.578463,2917.613200,438.476203,469.184737
331,-1,331.200015,69.170361,934281.471680,547336.160161,2917.482399,438.476242,469.138247
332,-1,330.840001,69.185825,934280.136708,547333.750061,2917.346900,438.476128,469.089974
333,-1,330.480021,69.201851,934278.786974,547331.348491,2917.206600,438.476275,469.040276
334,-1,330.119980,69.218399,934277.421819,547328.955123,2917.061700,438.476273,468.988843
335,-1,329.760019,69.235497,934276.041900,547326.570941,2916.912000,438.476204,468.935685
336,-1,329.399991,69.253131,934274.646890,547324.194962,2916.757700,438.476276,468.881071
337,-1,329.040015,69.271291,934273.237116,547321.828169,2916.598800,438.476274,468.824804
338,-1,328.679979,69.289992,934271.812250,547319.469906,2916.435200,438.476254,468.766905
339,-1,328.320025,69.309225,934270.372948,547317.121157,2916.267000,438.476265,468.707460
340,-1,327.959984,69.328977,934268.918555,547314.780939,2916.094300,438.476263,468.646467
341,-1,327.599996,69.349250,934267.449726,547312.450235,2915.917100,438.476289,468.583969
342,-1,327.239988,69.370052,934265.966133,547310.128717,2915.735300,438.476237,468.519835
343,-1,326.880005,69.391375,934264.468105,547307.816714,2915.549000,438.476207,468.454201
344,-1,326.519996,69.413217,934262.955640,547305.513897,2915.358300,438.476378,468.387271
345,-1,326.159996,69.435562,934261.428413,547303.220922,2915.163100,438.476115,468.318423
346,-1,325.800002,69.458442,934259.887077,547300.937462,2914.963399,438.476146,468.248343
347,-1,325.439976,69.481823,934258.331306,547298.663517,2914.759400,438.476201,468.176853
348,-1,325.079999,69.505712,934256.761427,547296.399742,2914.551000,438.476180,468.103828
349,-1,324.720021,69.530118,934255.177441,547294.145809,2914.338200,438.476264,468.029445
350,-1,324.360003,69.555017,934253.579019,547291.901719,2914.121100,438.476190,467.953497
351,-1,324.000016,69.580438,934251.966817,547289.667800,2913.899600,438.476301,467.876275
352,-1,323.639996,69.606346,934250.340180,547287.444051,2913.673800,438.476066,467.797323
353,-1,323.280004,69.632765,934248.700092,547285.230473,2913.443799,438.476279,467.717425
354,-1,322.920009,69.659674,934247.045895,547283.027393,2913.209500,438.476217,467.635874
355,-1,322.559989,69.687095,934245.377920,547280.834484,2912.970900,438.476341,467.553107
356,-1,322.199998,69.714988,934243.696165,547278.652402,2912.728200,438.476253,467.468827
357,-1,321.839987,69.743386,934242.000630,547276.480818,2912.481199,438.476152,467.383157
358,-1,321.480002,69.772278,934240.291644,547274.320061,2912.230000,438.476095,467.296192
359,-1,321.119996,69.801664,934238.569206,547272.169803,2911.974700,438.476286,467.208162
360,-1,320.759995,69.831527,934236.832989,547270.030700,2911.715200,438.476058,467.118414
361,-1,320.400004,69.872103,934235.083649,547267.902423,2911.362899,438.476128,466.997130
362,-1,320.039983,69.925715,934233.320857,547265.784974,2910.897700,438.476243,466.837359
363,-1,319.680011,69.984920,934231.544942,547263.679007,2910.384300,438.476234,466.661381
364,-1,319.319981,70.044667,934229.755576,547261.583866,2909.866599,438.476274,466.484480
365,-1,318.959970,70.104963,934227.953086,547259.500209,2909.344500,438.476189,466.306472
366,-1,318.599993,70.165808,934226.137801,547257.428035,2908.818100,438.476223,466.127634
367,-1,318.240008,70.227179,934224.309392,547255.367343,2908.287500,438.476128,465.947780
368,-1,317.879997,70.289098,934222.468189,547253.317807,2907.752700,438.476370,465.767361
369,-1,317.519980,70.351549,934220.613862,547251.280081,2907.213600,438.476267,465.585716
370,-1,317.160002,70.414542,934218.747067,547249.254167,2906.670300,438.476303,465.403348
371,-1,316.800011,70.478064,934216.884866,547247.223659,2906.131299,438.500140,465.245413
372,-1,316.439983,70.542112,934214.975093,547245.237442,2905.571300,438.476290,465.036090
373,-1,316.080006,70.606683,934213.070242,547243.247289,2905.015600,438.476031,464.851029
374,-1,315.719980,70.671797,934211.152923,547241.268618,2904.455800,438.476136,464.665546
375,-1,315.360013,70.737437,934209.223464,547239.302415,2903.891900,438.476156,464.479231
376,-1,315.000000,70.803602,934207.281539,547237.348023,2903.323999,438.476316,464.292343
377,-1,314.639986,70.870273,934205.327147,547235.406097,2902.752100,438.476156,464.104461
378,-1,314.279997,70.937480,934203.377348,547233.459579,2902.184299,438.499803,463.941049
379,-1,313.919993,71.005199,934201.382273,547231.559320,2901.596200,438.476031,463.726831
380,-1,313.560016,71.073453,934199.392119,547229.654468,2901.012300,438.476290,463.537356
381,-1,313.199981,71.142206,934197.389499,547227.762084,2900.424499,438.476235,463.346981
382,-1,312.839997,71.211477,934195.375395,547225.882494,2899.832800,438.476303,463.156135
383,-1,312.480019,71.281270,934193.349480,547224.015700,2899.237100,438.476267,462.964583
384,-1,312.120005,71.351563,934191.327503,547222.143985,2898.645600,438.499829,462.797421
385,-1,311.760016,71.422382,934189.278294,547220.302453,2898.042200,438.500051,462.605041
386,-1,311.400006,71.493688,934187.201527,547218.491761,2897.427100,438.476223,462.386849
387,-1,311.040029,71.565513,934185.129353,547216.676476,2896.816100,438.476189,462.193243
388,-1,310.680018,71.637861,934183.045695,547214.873986,2896.201200,438.476274,461.999248
389,-1,310.319998,71.710695,934180.965975,547213.066575,2895.590500,438.499969,461.829726
390,-1,309.960016,71.784041,934178.844588,547211.308705,2894.960300,438.476243,461.609810
391,-1,309.599995,71.857885,934176.727138,547209.545913,2894.334200,438.476128,461.414366
392,-1,309.240004,71.932231,934174.598862,547207.796572,2893.704400,438.476058,461.218584
393,-1,308.879998,72.007084,934172.474522,547206.041983,2893.078599,438.499855,461.047514
394,-1,308.519984,72.082444,934170.324264,547204.319217,2892.441300,438.499921,460.851114
395,-1,308.160012,72.158287,934168.148743,547202.628932,2891.792800,438.476152,460.629391
396,-1,307.800001,72.234646,934165.977160,547200.933397,2891.148200,438.476253,460.432398
397,-1,307.440010,72.311486,934163.795078,547199.251642,2890.500100,438.476341,460.235148
398,-1,307.079990,72.388822,934161.602169,547197.583666,2889.848300,438.476217,460.037405
399,-1,306.719995,72.466660,934159.399089,547195.929470,2889.192899,438.476279,459.839594
400,-1,306.360003,72.544982,934157.185511,547194.289382,2888.533899,438.476066,459.641288
401,-1,305.999983,72.623817,934154.961762,547192.662744,2887.871300,438.476301,459.443196
402,-1,305.639996,72.703123,934152.727843,547191.050543,2887.205200,438.476190,459.244603
403,-1,305.279978,72.782935,934150.483753,547189.452121,2886.535500,438.476264,459.046002
404,-1,304.920000,72.879922,934148.229820,547187.868135,2885.722400,438.476180,458.805907
405,-1,304.560011,73.042599,934145.979496,547186.278571,2884.367800,438.500043,458.431801
406,-1,304.199997,73.207754,934143.692099,547184.742485,2882.980300,438.476146,458.006167
407,-1,303.840003,73.373927,934141.408639,547183.201149,2881.594000,438.476115,457.607556
408,-1,303.479996,73.497693,934187.492209,547108.529383,2906.543400,526.171381,548.776412
409,-1,303.120012,73.583911,934184.729091,547106.714426,2905.682500,526.171320,548.532433
410,-1,302.759995,73.670492,934181.954490,547104.916529,2904.818799,526.171469,548.289111
411,-1,302.400000,73.757396,934179.168735,547103.136349,2903.952600,526.171457,548.046188
412,-1,302.039995,73.844662,934176.371824,547101.373557,2903.083600,526.171558,547.803857
413,-1,301.679984,73.932261,934173.563759,547099.628482,2902.212000,526.171497,547.561922
414,-1,301.319982,74.020199,934170.744867,547097.901123,2901.337799,526.171446,547.320563
415,-1,300.960006,74.108492,934167.915476,547096.191481,2900.460900,526.171574,547.079926
416,-1,300.600000,74.197102,934165.074931,547094.499883,2899.581500,526.171262,546.839485
417,-1,300.240013,74.286183,934162.238650,547092.801068,2898.706400,526.200105,546.629584
418,-1,299.879998,74.376645,934159.362672,547091.169837,2897.802200,526.171340,546.357688
419,-1,299.519992,74.470069,934156.490958,547089.531717,2896.877600,526.171448,546.109512
420,-1,299.159995,74.563953,934153.622854,547087.887035,2895.957100,526.199817,545.891121
421,-1,298.800004,74.657991,934150.730799,547086.285004,2895.028100,526.200043,545.644809
422,-1,298.439996,74.781441,934147.814795,547084.726609,2893.801900,526.171266,545.293895
423,-1,298.080004,74.973523,934144.903055,547083.160995,2891.909199,526.171640,544.800481
424,-1,297.719992,75.166375,934141.981145,547081.614082,2890.012200,526.171499,544.311602
425,-1,297.359995,75.359982,934139.049720,547080.085542,2888.111200,526.171442,543.827971
426,-1,296.999996,75.554362,934136.108781,547078.575374,2886.206000,526.171467,543.349591
427,-1,296.640001,75.714262,934172.479443,546998.698237,2906.971200,613.866569,633.454773
428,-1,296.279986,75.811403,934169.041130,546996.949553,2905.871900,613.900052,633.216870
429,-1,295.919997,75.908321,934165.562791,546995.282562,2904.759200,613.866799,632.912798
430,-1,295.559997,76.006051,934162.102824,546993.577513,2903.654899,613.900041,632.677092
431,-1,295.200013,76.103557,934158.603815,546991.954484,2902.537500,613.866678,632.375425
432,-1,294.840000,76.201862,934155.122523,546990.293070,2901.428400,613.899826,632.142164
433,-1,294.480010,76.300212,934151.617280,546988.683494,2900.311600,613.900107,631.877008
434,-1,294.119992,76.415663,934148.101539,546987.096226,2899.001699,613.899969,631.567927
435,-1,293.759999,76.615624,934144.562833,546985.561453,2896.728099,613.866773,631.005487
436,-1,293.400008,76.816391,934141.041186,546983.987965,2894.465000,613.900116,630.517928
437,-1,293.039987,77.018468,934137.483122,546982.497810,2892.175200,613.866753,629.967122
438,-1,292.679985,77.221462,934133.928996,546980.999454,2889.886600,613.866715,629.456931
439,-1,292.319994,77.425495,934130.365683,546979.523407,2887.590000,613.866785,628.953017
440,-1,291.959995,77.563972,934159.587409,546896.737483,2905.372200,701.561805,718.418004
441,-1,291.600003,77.659986,934155.494241,546895.101660,2904.139899,701.562112,718.153937
442,-1,291.240003,77.756579,934151.404354,546893.456650,2902.909199,701.599864,717.928821
443,-1,290.879996,77.889422,934147.290517,546891.872336,2901.206800,701.600065,717.569926
444,-1,290.519987,78.092681,934143.153387,546890.349701,2898.597200,701.562034,716.989761
445,-1,290.159987,78.296131,934139.020193,546888.817552,2895.997200,701.561991,716.457780
446,-1,289.799987,78.483011,934164.583134,546804.800659,2911.481199,789.257159,805.474955
447,-1,289.439995,78.581325,934159.926319,546803.095282,2910.079800,789.299857,805.238177
448,-1,289.080007,78.679977,934155.230790,546801.499813,2908.657300,789.257184,804.915920
449,-1,288.719991,78.779424,934150.552650,546799.852835,2907.241500,789.300035,804.681244
450,-1,288.360009,78.935165,934145.837436,546798.316748,2905.004400,789.257120,804.206811
451,-1,288.000001,79.127747,934141.125832,546796.769507,2902.251900,789.257088,803.683060
452,-1,287.640002,79.298287,934162.993898,546711.634835,2916.399300,876.999888,892.523326
453,-1,287.279997,79.401916,934157.723239,546710.026899,2914.748100,876.952333,892.171437
454,-1,286.920004,79.506050,934152.456846,546708.406823,2913.099000,876.952258,891.869536
455,-1,286.559991,79.633167,934147.193733,546706.773952,2911.096200,877.000001,891.553901
456,-1,286.199999,79.817419,934141.893875,546705.265753,2908.174700,876.952391,890.985952
457,-1,285.840001,79.997864,934160.548693,546619.329574,2920.801000,964.699933,979.588423
458,-1,285.480000,80.102181,934154.698311,546617.743947,2918.981400,964.647518,979.222390
459,-1,285.119994,80.206932,934148.865646,546616.094016,2917.173700,964.699888,978.964889
460,-1,284.760005,80.382873,934143.009358,546614.531355,2914.124700,964.699931,978.450939
461,-1,284.400003,80.561551,934137.130105,546613.056292,2911.022800,964.647498,977.885784
462,-1,284.040003,80.722875,934152.543460,546526.436387,2922.567000,1052.399999,1066.347658
463,-1,283.680003,80.857512,934146.110074,546524.907846,2920.019799,1052.342914,1065.883628
464,-1,283.319998,81.035767,934139.680625,546523.364214,2916.662700,1052.342970,1065.355429
465,-1,282.959996,81.214405,934133.254456,546521.805490,2913.310500,1052.400014,1064.894620
466,-1,282.600004,81.393420,934126.793511,546520.398669,2909.936800,1052.342770,1064.327953
467,-1,282.240001,81.572815,934120.336175,546518.976428,2906.568000,1052.342907,1063.829166
468,-1,281.880001,81.752577,934113.881792,546517.539095,2903.203700,1052.399965,1063.397795
469,-1,281.519994,81.932719,934107.395256,546516.253992,2899.818799,1052.342980,1062.861095
470,-1,281.160004,82.113202,934100.923484,546514.898024,2896.446700,1052.399928,1062.449524
471,-1,280.799991,82.294072,934094.421201,546513.694614,2893.054500,1052.342841,1061.932804
472,-1,280.440007,82.475259,934087.933025,546512.420010,2889.674700,1052.399878,1061.541440
473,-1,280.079996,82.656817,934081.426148,546511.242191,2886.283100,1052.399889,1061.102634
474,-1,279.720006,82.838710,934074.912381,546510.105383,2882.888000,1052.399864,1060.674018
475,-1,279.359996,82.996490,934054.119444,546595.593401,2869.165100,964.647559,971.899205
476,-1,279.000003,83.083007,934048.136188,546594.626211,2867.686800,964.647813,971.720315
477,-1,278.639999,83.169634,934042.146699,546593.697079,2866.207100,964.647585,971.542997
478,-1,278.280000,83.256394,934036.159178,546592.753511,2864.731900,964.700008,971.420716
479,-1,277.919997,83.343232,934030.150988,546591.951347,2863.243500,964.647607,971.195016
480,-1,277.559993,83.430217,934024.145094,546591.135076,2861.759300,964.647581,971.024058
481,-1,277.199994,83.517339,934018.134280,546590.356534,2860.273300,964.647588,970.855169
482,-1,276.840006,83.604597,934012.118872,546589.615722,2858.785500,964.647669,970.688399
483,-1,276.479996,83.692000,934006.104448,546588.860802,2857.301500,964.699958,970.576190
484,-1,276.120019,83.777467,933925.281447,547285.797073,2779.347800,263.099998,264.659260
485,-1,275.759995,83.854822,933923.637093,547285.626141,2778.988400,263.099842,264.620391
486,-1,275.399980,83.932441,933921.991755,547285.465380,2778.627900,263.099856,264.582057
487,-1,275.040022,84.010362,933920.344449,547285.329226,2778.264600,263.085574,264.529698
488,-1,274.679998,84.088526,933918.698455,547285.174699,2777.903300,263.100094,264.506685
489,-1,274.320028,84.166975,933917.049508,547285.059213,2777.537800,263.085848,264.455119
490,-1,273.959978,84.245672,933915.400561,547284.940119,2777.172700,263.085588,264.418004
491,-1,273.600005,84.324661,933913.751286,547284.830867,2776.806400,263.085873,264.381813
492,-1,273.240003,84.403859,933912.102011,547284.718007,2776.440600,263.100145,264.360093
493,-1,272.879966,84.483334,933910.451096,547284.629752,2776.072200,263.100146,264.324423
494,-1,272.519968,84.563071,933908.799197,547284.566432,2775.701300,263.085581,264.274525
495,-1,272.159981,84.643048,933907.147625,547284.498847,2775.330800,263.085678,264.239774
496,-1,271.800009,84.723260,933905.495725,547284.441760,2774.959300,263.085657,264.205328
497,-1,271.440029,84.803708,933903.843826,547284.380737,2774.588099,263.099955,264.185689
498,-1,271.079977,84.884414,933902.190614,547284.358755,2774.213200,263.085578,264.137679
499,-1,270.719993,84.965350,933900.538058,547284.318401,2773.839900,263.099971,264.118992
500,-1,270.359973,85.046517,933898.884846,547284.317089,2773.463099,263.085702,264.071977
501,-1,270.000000,85.127913,933897.231962,547284.311839,2773.086600,263.085759,264.039790
502,-1,269.640026,85.209542,933895.579079,547284.317089,2772.709099,263.085702,264.007940
503,-1,269.280006,85.291359,933893.925867,547284.318401,2772.331999,263.099971,263.990935
504,-1,268.920022,85.373421,933892.273311,547284.358755,2771.951500,263.085578,263.945627
505,-1,268.559970,85.455680,933890.620099,547284.380737,2771.572499,263.099955,263.929659
506,-1,268.199990,85.538180,933888.968199,547284.441760,2771.190200,263.085657,263.885389
507,-1,267.840018,85.620879,933887.316300,547284.498847,2770.808200,263.085678,263.855968
508,-1,267.480031,85.703769,933885.664728,547284.566432,2770.425399,263.085581,263.826918
509,-1,267.120033,85.792303,933884.012829,547284.629752,2770.017700,263.100146,263.811215
510,-1,266.759996,85.881314,933882.361913,547284.718007,2769.606799,263.100145,263.781384
511,-1,266.399994,85.970560,933880.712639,547284.830867,2769.193900,263.085873,263.737813
512,-1,266.040024,86.059979,933879.062379,547284.925683,2768.782300,263.100057,263.723360
513,-1,265.679971,86.149643,933877.414417,547285.059213,2768.367700,263.085848,263.681020
514,-1,265.320001,86.239481,933875.765470,547285.174699,2767.954300,263.100094,263.667798
515,-1,264.959968,86.329563,933874.118164,547285.314790,2767.538900,263.100069,263.640854
516,-1,264.600019,86.419834,933872.472169,547285.465380,2767.122700,263.099856,263.614325
517,-1,264.239990,86.510047,933862.025012,547198.368770,2772.055400,350.800018,351.451790
518,-1,263.879999,86.595388,933859.832759,547198.596788,2771.531000,350.800094,351.420333
519,-1,263.519976,86.680871,933857.641819,547198.838913,2771.005800,350.799853,351.389293
520,-1,263.159980,86.766540,933855.454815,547199.113191,2770.478500,350.781070,351.340405
521,-1,262.800018,86.852358,933853.265187,547199.363847,2769.952500,350.799900,351.329931
522,-1,262.439994,86.938359,933851.079168,547199.646982,2769.424400,350.799903,351.301332
523,-1,262.079998,87.024507,933848.897742,547199.962599,2768.894499,350.780952,351.254503
524,-1,261.720009,87.110811,933846.713035,547200.254265,2768.365699,350.800023,351.246498
525,-1,261.360019,87.197277,933844.532921,547200.578411,2767.835000,350.800140,351.220264
526,-1,260.999998,87.283899,933842.357728,547200.935366,2767.302500,350.780930,351.175441
527,-1,260.640016,87.370668,933840.178927,547201.268042,2766.770999,350.800112,351.169818
528,-1,260.279975,87.457593,933838.005047,547201.633527,2766.237700,350.799973,351.145618
529,-1,259.919985,87.544677,933835.833791,547202.012463,2765.703500,350.799982,351.122336
530,-1,259.559971,87.631887,933833.664832,547202.405179,2765.168600,350.799871,351.099717
531,-1,259.199980,87.719255,933831.498498,547202.811346,2764.632800,350.799906,351.078021
532,-1,258.839999,87.806764,933829.334789,547203.230965,2764.096200,350.800083,351.057253
533,-1,258.480003,87.894430,933827.173704,547203.664363,2763.558699,350.800081,351.037092
534,-1,258.119977,87.982219,933825.015243,547204.111540,2763.020500,350.799904,351.017553
535,-1,257.759982,88.070150,933822.859736,547204.571841,2762.481499,350.800125,350.999210
536,-1,257.399981,88.158203,933820.707181,547205.045922,2761.941800,350.800104,350.981428
537,-1,257.040018,88.246414,933818.562172,547205.552154,2761.400599,350.780906,350.945261
538,-1,256.680019,88.334750,933816.415851,547206.053138,2760.859300,350.780964,350.929173
539,-1,256.319983,88.423209,933814.272483,547206.567572,2760.317300,350.781103,350.913979
540,-1,255.960000,88.511771,933812.128130,547207.077086,2759.775200,350.800105,350.918476
541,-1,255.599991,88.600489,933809.996245,547207.637124,2759.231199,350.780916,350.885585
542,-1,255.240007,88.689317,933807.858454,547208.173540,2758.687500,350.799923,350.891730
543,-1,254.880013,88.778272,933805.728865,547208.741781,2758.142600,350.799915,350.879680
544,-1,254.520015,88.867330,933803.602885,547209.323472,2757.597100,350.799828,350.868386
545,-1,254.160014,88.956525,933801.480514,547209.918287,2757.050800,350.799979,350.858164
546,-1,253.800017,89.045836,933799.367329,547210.544927,2756.503500,350.780857,350.829504
547,-1,253.440002,89.143942,933797.247254,547211.148272,2755.903000,350.799874,350.839033
548,-1,253.079978,89.261990,933795.136366,547211.783113,2755.180100,350.799934,350.829037
549,-1,252.719996,89.379962,933793.029743,547212.431078,2754.457700,350.800047,350.820589
550,-1,252.359976,89.497874,933790.927057,547213.092494,2753.735700,350.799995,350.813466
551,-1,252.000022,89.615709,933788.828964,547213.767033,2753.014200,350.799892,350.807783
552,-1,251.640003,89.733402,933786.740714,547214.472740,2752.293500,350.780954,350.784751
553,-1,251.279997,89.851126,933784.644917,547215.155482,2751.572799,350.800039,350.801223
554,-1,250.920000,89.968689,933782.559620,547215.869391,2750.853000,350.800084,350.800136
555,-1,250.559991,90.086095,933780.485149,547216.614468,2750.134200,350.780983,350.781379
556,-1,250.200034,90.187249,933808.115015,547299.865286,2749.801500,263.085682,263.087087
557,-1,249.840000,90.193529,786670.359094,146532.778698,1307.737700,427186.700011,427189.136911
558,-1,249.480000,90.177135,791908.287594,168184.458820,1498.358400,405064.315438,405066.251253
559,-1,249.119999,90.180397,772171.849049,123586.483384,1321.982999,453759.800181,453762.049297
560,-1,248.760000,90.168533,827494.312223,273791.307645,1886.730200,293707.300072,293708.570683
561,-1,248.399999,90.184002,769439.870261,132175.517059,1315.963000,446743.800137,446746.103867
562,-1,248.040000,90.170050,834163.919947,300201.763355,1959.122099,266695.699825,266696.874447
563,-1,247.679999,90.193087,831013.062075,296939.079263,1837.705900,270905.300119,270906.838452
564,-1,247.320000,90.197410,817875.509938,269916.369529,1713.923500,300898.700111,300900.486131
565,-1,246.960000,90.186936,815858.816793,270005.196451,1766.638800,301600.299856,301601.905123
566,-1,246.599999,90.197937,813218.282048,268674.798521,1700.912400,303864.008182,303865.821443
567,-1,246.240000,90.173642,750413.083840,130745.301415,1370.506200,455401.383392,455403.474760
568,-1,245.880000,90.197674,823837.125311,301735.184172,1821.462799,269326.700024,269328.302923
569,-1,245.519999,90.198396,822549.209252,302990.273854,1820.195500,268712.800097,268714.411044
570,-1,245.159999,90.213568,820793.770506,303217.198597,1747.077500,269239.000031,269240.870446
571,-1,244.799999,90.241755,861347.909870,393372.240399,2031.699800,170391.852017,170393.368824
572,-1,244.440000,90.245559,799456.347958,266444.169781,1415.199700,311598.100093,311600.961872
573,-1,244.080000,90.173578,846761.657218,368258.065890,2146.750600,199342.100046,199343.014823
574,-1,243.720000,90.104207,840278.350631,357957.402436,2366.092200,211444.700117,211445.049838
575,-1,243.360000,90.049102,842161.166419,364673.702652,2575.323399,204592.996031,204593.071164
576,-1,243.000000,89.998545,837505.197385,358367.377666,2756.053100,212321.699955,212321.700023
577,-1,242.640000,90.085283,835834.792917,358042.082057,2433.059400,213374.100045,213374.336416
578,-1,242.279999,90.134487,835992.232891,361223.911323,2256.612299,210479.999955,210480.579782
579,-1,241.920000,90.125440,829333.130724,351551.607177,2264.307900,222144.099924,222144.632324
580,-1,241.560000,90.115203,827691.828232,351451.949896,2302.262600,223008.996212,223009.447003
581,-1,241.199999,90.183165,824766.005672,349038.434054,2026.482800,226529.100028,226530.257568
582,-1,240.840000,90.231587,823136.313065,349038.773620,1831.841700,227318.399935,227320.256859
583,-1,240.480000,90.289501,822496.211655,350807.030254,1608.272300,226090.600133,226093.486242
584,-1,240.119999,90.320912,820519.518430,350218.146917,1475.969700,227581.499908,227585.069675
585,-1,239.759999,90.303989,846091.735330,396924.423255,1825.631599,174347.600038,174350.053969
586,-1,239.399999,90.300803,894031.093519,480137.438916,2339.497300,78316.100031,78317.179341
587,-1,239.039999,90.270863,893563.217486,480314.049127,2380.007600,78403.800103,78404.676230
588,-1,238.680000,90.233633,892913.637093,480194.199957,2429.166800,78842.300075,78842.955549
589,-1,238.320000,90.193705,892675.487634,480751.564328,2485.296500,78491.499844,78491.948417
590,-1,237.960000,90.173475,892396.190949,481234.908833,2513.807100,78228.400031,78228.758595
591,-1,237.599999,90.167561,891745.398943,481126.737134,2520.599200,78666.900050,78667.236459
592,-1,237.240000,90.104359,891281.444163,481319.143245,2607.215500,78754.600148,78754.730786
593,-1,236.879999,90.025950,890818.244958,481514.760636,2714.951600,78842.299977,78842.308063
594,-1,236.520000,89.985010,890500.961472,481933.032765,2771.241899,78666.900060,78666.902752
595,-1,236.159999,89.940336,890089.553502,482206.993175,2832.578599,78666.899915,78666.942566
596,-1,235.799999,89.884668,889729.169708,482556.067608,2908.835300,78579.200156,78579.359352
597,-1,235.440000,89.825658,889271.942276,482762.641014,2990.032400,78666.900062,78667.264245
598,-1,235.079999,89.762022,888765.366518,482900.487523,3078.134100,78842.299946,78842.980025
599,-1,234.720000,89.700614,888309.418611,483113.740378,3163.094800,78930.000057,78931.077596
600,-1,234.359999,89.664862,887854.370308,483330.174000,3212.860900,79017.700017,79019.051782
601,-1,234.000000,89.672776,886884.756762,482840.276686,3207.455400,79982.400072,79983.704479
602,-1,233.639999,89.668383,886429.703210,483069.814284,3214.070700,80065.754452,80067.095515
603,-1,233.279999,89.658061,886022.920231,483365.849125,3228.521700,80070.099839,80071.525768
604,-1,232.919999,89.682214,885567.726259,483597.950367,3195.253800,80157.800136,80159.033085
605,-1,232.559999,89.803735,885220.192178,483972.507033,3024.940100,80070.099992,80070.569759
606,-1,232.200000,89.962033,884931.864342,484421.625885,2803.600200,79890.364129,79890.381668
607,-1,231.839999,90.079956,888326.563590,489554.143835,2647.734700,73755.700105,73755.771923
608,-1,231.479999,90.124947,888017.701674,489910.231378,2590.010500,73668.000037,73668.175205
609,-1,231.119999,90.185889,888264.475131,490953.690905,2514.796300,72699.354422,72699.737040
610,-1,230.760000,90.266378,888018.246621,491374.317032,2413.463800,72527.899985,72528.683832
611,-1,230.399999,90.313471,882690.922958,485649.603088,2311.145699,80333.200155,80334.402476
612,-1,230.040000,90.278072,882134.044479,485770.897137,2359.501099,80596.300088,80597.249296
613,-1,229.680000,90.345393,881917.156133,486297.950873,2266.386900,80333.199908,80334.659576
614,-1,229.319999,90.435764,881704.840284,486825.283151,2141.674700,80070.100112,80072.415954
615,-1,228.960000,90.378623,880172.693414,485831.457055,2209.941100,81824.100113,81825.886721
616,-1,228.599999,90.404733,879727.986627,486104.449619,2172.032000,81911.800106,81913.843815
617,-1,228.239999,90.490770,790444.136651,386878.239279,905.669099,215391.199888,215399.101636
618,-1,227.879999,90.489015,789790.375492,388173.051650,916.759800,214865.000008,214872.826162
619,-1,227.519999,90.440310,891846.283912,501624.668251,2272.138400,62267.000110,62268.838811
620,-1,227.159999,90.347387,893109.004484,503561.755912,2386.953899,59986.800010,59987.902601
621,-1,226.799999,90.218724,892773.406730,503754.971733,2521.327500,60074.500122,60074.937861
622,-1,226.439999,90.153276,892499.064431,504014.223183,2589.950400,60074.499995,60074.714961
623,-1,226.080000,90.110117,891496.355806,503517.139859,2633.180500,61126.899933,61127.012827
624,-1,225.719999,90.048157,891098.085934,503658.844629,2699.136100,61302.299978,61302.321632
625,-1,225.359999,90.057023,890761.550189,503866.222495,2689.563200,61390.000004,61390.030408
626,-1,224.999999,90.078449,890735.999716,504386.165352,2667.086200,61039.200012,61039.257227
627,-1,224.639999,89.988894,890715.270098,504904.695155,2762.424400,60688.400062,60688.401202
628,-1,224.279999,89.885240,890510.979824,505238.084580,2872.040200,60600.700018,60600.821575
629,-1,223.920000,89.873243,890119.658757,505389.854946,2885.117800,60776.099894,60776.248624
630,-1,223.559999,89.881152,890109.849065,505907.489081,2876.000000,60425.300019,60425.430012
631,-1,223.200000,89.898039,890232.667389,506543.642009,2857.254300,59899.099926,59899.194769
632,-1,222.840000,89.883407,890040.203207,506878.433990,2872.372600,59811.400019,59811.523855
633,-1,222.479999,89.952985,889850.219663,507214.023542,2799.668400,59723.700114,59723.720221
634,-1,222.119999,90.064123,889922.922602,507785.669052,2684.311300,59285.200015,59285.237143
635,-1,221.759999,90.133938,889673.961813,508062.750847,2612.071500,59285.200107,59285.362096
636,-1,221.399999,90.212064,889426.747085,508341.391366,2531.232399,59285.200092,59285.606171
637,-1,221.039999,90.391772,888916.696596,508391.249534,2342.880200,59635.999976,59637.394130
638,-1,220.680000,90.605732,888605.052534,508617.475787,2119.237700,59723.699899,59727.037641
639,-1,220.319999,90.713662,817416.297274,448694.458495,847.652900,152773.399895,152785.251763
640,-1,219.959999,90.687838,819620.789584,451793.949671,960.743600,149089.999908,149100.744056
641,-1,219.600000,90.738341,819899.874656,453240.581948,844.000000,147949.900139,147962.185400
642,-1,219.239999,90.924332,837037.724238,468438.046632,732.935299,125060.200091,125076.476066
643,-1,218.880000,90.883865,837908.003666,470149.160992,848.343299,123306.200083,123320.873305
644,-1,218.520000,90.917235,837423.594201,470753.802827,776.509900,123306.200090,123322.002313
645,-1,218.160000,90.913067,841080.442859,474612.653705,869.345300,118044.200223,118059.190901
646,-1,217.799999,90.905611,840485.422395,475089.770861,881.938399,118219.600063,118234.368795
647,-1,217.439999,90.964088,842190.626334,477330.901222,806.998999,115500.899907,115517.252835
648,-1,217.079999,90.978737,850077.278212,484200.846471,955.752900,105064.600064,105079.930923
649,-1,216.720000,91.008357,850805.676033,485567.729892,926.119900,103661.400124,103677.455732
650,-1,216.359999,91.045875,861717.969497,494409.996656,1114.387000,89629.399802,89644.334470
651,-1,215.999999,91.029375,861598.376560,495019.204428,1144.934500,89366.299969,89380.724593
652,-1,215.639999,90.969618,862053.767382,496036.626933,1254.494500,88401.600084,88414.260233
653,-1,215.279999,90.973179,861731.536071,496489.046632,1248.998600,88401.599911,88414.353234
654,-1,214.920000,90.950949,861268.333913,496843.077092,1280.396200,88577.000118,88589.201539
655,-1,214.560000,90.951235,861240.080361,497499.413706,1285.778700,88226.200023,88238.360431
656,-1,214.199999,90.984448,861434.800444,498301.980014,1245.170300,87612.300133,87625.234024
657,-1,213.840000,91.036063,860762.598704,498514.054065,1158.290599,88050.799882,88065.197463
658,-1,213.479999,91.069406,860455.958570,498974.537396,1107.031200,88050.800029,88066.139382
659,-1,213.119999,91.093265,860005.315442,499341.100639,1067.005600,88226.200154,88242.263627
660,-1,212.759999,91.100651,865382.701669,503460.463464,1185.366700,81473.300060,81488.335177
661,-1,212.399999,91.075376,842670.639154,489653.241406,722.515199,108046.400017,108065.433573
662,-1,212.040000,91.000627,842903.413294,490599.780524,875.774200,107344.800183,107361.172348
663,-1,211.679999,90.967335,842696.664036,491264.747698,941.129000,107169.399877,107184.675570
664,-1,211.320000,90.900311,872987.165791,510484.369035,1630.202000,71300.099911,71308.903205
665,-1,210.959999,90.787999,872605.085518,510777.574814,1767.583700,71475.499882,71482.260211
666,-1,210.599999,90.770441,872299.778058,511118.765076,1788.312000,71563.200005,71569.670330
667,-1,210.239999,90.796665,841538.375998,493706.904559,1264.094000,106906.299935,106916.635039
668,-1,209.879999,90.770972,841430.037632,494419.343751,1315.583400,106643.200125,106652.855478
669,-1,209.520000,90.723833,841555.942564,495260.650139,1409.984000,106116.999994,106125.468683
670,-1,209.160000,90.793193,841765.335846,496140.998772,1290.000000,105503.100060,105513.210802
671,-1,208.799999,90.830455,841905.273230,496974.390478,1229.000000,104976.899938,104987.927752
672,-1,208.439999,90.720056,895262.095650,526622.586431,2198.451300,43937.699988,43941.169945
673,-1,208.079999,90.617310,895518.269350,527072.153117,2281.978600,43499.200082,43501.724922
674,-1,207.719999,90.548188,895545.647577,527395.285345,2336.140000,43323.800078,43325.783099
675,-1,207.360000,90.473099,895965.013208,527918.787578,2397.991800,42709.899918,42711.355946
676,-1,206.999999,90.425209,895920.573664,528197.323767,2434.343299,42622.200000,42623.373751
677,-1,206.640000,90.361608,896348.473399,528711.580940,2485.532800,42008.299880,42009.136530
678,-1,206.280000,90.358868,896388.137033,529025.536677,2488.640100,41832.900143,41833.720723
679,-1,205.920000,90.359325,897297.914085,529759.933174,2495.456900,40692.799851,40693.600099
680,-1,205.559999,90.341018,897186.875265,529990.243081,2508.459000,40692.799898,40693.520682
681,-1,205.199999,90.321045,897235.992293,530295.927837,2523.627500,40517.400003,40518.036075
682,-1,204.839999,90.269701,897287.495471,530600.299276,2560.763100,40341.999796,40342.446739
683,-1,204.479999,90.188475,897501.001934,530976.020965,2619.109000,39991.200080,39991.416452
684,-1,204.120000,90.181147,897557.686203,531276.707700,2624.778300,39815.800077,39815.999074
685,-1,203.759999,90.152653,897616.705770,531576.025343,2645.046600,39640.400004,39640.540700
686,-1,203.399999,90.121916,897678.045543,531873.956177,2666.686000,39465.000075,39465.089418
687,-1,203.039999,90.118385,897660.986522,532136.159393,2669.299199,39377.299890,39377.383946
688,-1,202.680000,90.146355,897483.952427,532330.325343,2649.852600,39464.999867,39465.128619
689,-1,202.320000,90.159696,897470.189331,532592.722128,2640.907400,39377.299974,39377.452929
690,-1,201.959999,90.204810,897539.619967,532887.486302,2610.528600,39201.899817,39202.150278
691,-1,201.599999,90.238434,897692.851287,533213.069313,2588.617600,38938.800026,38939.137197
692,-1,201.239999,90.253639,898012.214494,533599.687306,2580.225400,38500.300013,38500.677260
693,-1,200.880000,90.253189,898253.049970,533950.462523,2582.078100,38149.500040,38149.872524
694,-1,200.519999,90.267474,898332.592790,534236.172253,2573.385299,37974.100116,37974.513906
695,-1,200.160000,90.329394,898331.985508,534490.117940,2532.849200,37886.400033,37887.026138
696,-1,199.800000,90.399481,898498.192524,534802.959177,2488.337499,37623.300012,37624.214511
697,-1,199.440000,90.422888,898915.017806,535200.757594,2476.850000,37097.099976,37098.110454
698,-1,199.080000,90.443682,898921.014513,535449.467727,2464.064900,37009.400079,37010.509746
699,-1,198.719999,90.495422,899011.812888,535725.760810,2432.158700,36834.000059,36835.377075
700,-1,198.359999,90.570684,899021.460179,535972.808544,2384.644100,36746.300076,36748.122916
701,-1,197.999999,90.615680,899032.831547,536219.267368,2356.725500,36658.599957,36660.716526
702,-1,197.639999,90.649429,898628.038393,536332.244177,2331.153400,37009.399904,37011.777425
703,-1,197.280000,90.682183,898642.009822,536580.117369,2311.037600,36921.699904,36924.317093
704,-1,196.920000,90.734478,898657.700408,536827.371467,2278.458199,36833.999843,36837.026484
705,-1,196.560000,90.830622,898591.040436,537048.997992,2216.637900,36833.999978,36837.870940
706,-1,196.200000,90.895967,898609.992170,537295.506686,2175.991400,36746.299942,36750.793256
707,-1,195.839999,90.979936,899052.493581,537661.051230,2131.124300,36220.099908,36225.398044
708,-1,195.479999,91.041052,899075.582446,537903.588147,2094.070700,36132.400083,36138.365306
709,-1,195.119999,91.113648,898423.028633,537962.437439,2036.339600,36746.299992,36753.242287
710,-1,194.759999,91.166281,898448.311063,538207.859520,2004.355700,36658.600143,36666.196101
711,-1,194.400000,91.218995,898645.163359,538496.204744,1976.212499,36395.500174,36403.738872
712,-1,194.039999,91.280821,899439.790379,538930.636946,1956.528900,35518.500033,35527.376640
713,-1,193.679999,91.317257,882940.394244,535144.302327,1544.722200,52444.600128,52458.463299
714,-1,193.320000,91.422717,898480.825105,539162.259186,1846.735300,36395.500008,36406.723322
715,-1,192.959999,91.483360,898343.373280,539365.282730,1805.917700,36483.199844,36495.430007
716,-1,192.599999,91.539709,899234.132326,539799.276941,1795.942500,35518.500111,35531.328967
717,-1,192.239999,91.549228,862075.256512,531966.443853,763.000000,73492.600152,73519.474118
718,-1,191.879999,91.560135,861978.777046,532418.019394,749.000000,73492.599915,73519.853715
719,-1,191.520000,91.581819,898320.850688,540296.367482,1748.022600,36307.800021,36321.641300
720,-1,191.159999,91.585291,861450.172461,533255.046919,707.000000,73843.399965,73871.674341
721,-1,190.799999,91.510176,861275.655093,533694.090988,801.567500,73931.099890,73956.788043
722,-1,190.439999,91.447180,861448.790574,534198.331450,889.554300,73668.000018,73691.505250
723,-1,190.079999,91.413492,861625.385365,534699.847507,939.388099,73404.900068,73427.243340
724,-1,189.720000,91.409730,861027.442991,535065.355306,931.261499,73931.099846,73953.483624
725,-1,189.360000,91.441287,861036.987263,535537.716238,892.723199,73843.399867,73866.769511
726,-1,189.000000,91.473897,861049.586976,536009.463982,852.924199,73755.700066,73780.110452
727,-1,188.640000,91.499755,861065.235238,536480.578854,821.910900,73667.999999,73693.244616
728,-1,188.280000,91.543559,861170.710093,536963.670735,770.277600,73492.600019,73519.277588
729,-1,187.919999,91.558623,861192.509918,537432.915204,753.326900,73404.900120,73432.068651
730,-1,187.559999,91.562610,861304.269865,537913.005451,753.000000,73229.499917,73256.742411
731,-1,187.200000,91.603723,861506.193674,538402.282687,707.779200,72966.400152,72994.992420
732,-1,186.839999,91.615262,861450.162618,538857.306712,693.073600,72966.400049,72995.405357
733,-1,186.480000,91.641428,861484.131382,539322.570873,662.236600,72878.699976,72908.616967
734,-1,186.119999,91.647262,873293.107436,541049.287892,997.813099,60951.499894,60976.698961
735,-1,185.759999,91.662216,872380.902896,541342.183304,956.441500,61828.500113,61854.528136
736,-1,185.399999,91.705663,872517.750719,541745.328495,914.740699,61653.099870,61680.429052
737,-1,185.039999,91.698206,880781.794230,542863.031312,1169.784100,53321.599872,53345.029625
738,-1,184.680000,91.703697,888532.686537,543833.694725,1396.828800,45516.300055,45536.429736
739,-1,184.320000,91.660513,888685.150143,544132.012370,1436.249300,45340.899844,45359.947945
740,-1,183.960000,91.660223,888664.582927,544416.153862,1436.478600,45340.900147,45359.941603
741,-1,183.600000,91.676815,888733.328852,544705.925592,1425.905499,45253.199967,45272.586465
742,-1,183.240000,91.675555,860522.106075,543393.703479,600.833299,73492.600129,73524.037118
743,-1,182.879999,91.615568,860409.867126,543850.405649,675.367899,73580.299945,73609.560402
744,-1,182.520000,91.616345,860475.704265,544316.066135,676.844800,73492.599848,73521.853535
745,-1,182.159999,91.644486,860456.850628,544777.448087,640.719599,73492.599837,73522.881368
746,-1,181.799999,91.641151,860440.896264,545238.939290,645.000000,73492.599858,73522.758677
747,-1,181.440000,91.636366,860515.513897,545702.725436,653.647899,73404.900120,73434.847496
748,-1,181.080000,91.622130,860593.056721,546165.482712,674.385699,73317.199868,73346.593083
749,-1,180.720000,91.593623,861550.444570,546638.213066,737.730899,72352.500043,72380.495655
750,-1,180.360000,91.544466,903553.630904,547356.740500,1932.504200,30344.200027,30355.227825
751,-1,180.000000,91.499691,903640.732108,547547.397599,1958.529800,30256.499854,30266.867293
752,-1,179.640000,91.477727,903641.329220,547737.503518,1970.136700,30256.499979,30266.565872
753,-1,179.280000,91.447797,903380.041685,547930.907987,1979.302300,30519.599975,30529.346166
754,-1,178.919999,91.417814,903383.053818,548122.644480,1995.283200,30519.599879,30528.946475
755,-1,178.560000,91.400797,903387.270345,548314.358008,2004.353300,30519.600033,30528.723553
756,-1,178.199999,91.360588,903655.661868,548497.777260,2032.032600,30256.499851,30265.032801
757,-1,177.839999,91.346552,903574.592477,548691.076086,2037.387400,30344.199871,30352.581859
758,-1,177.479999,91.358832,903494.761600,548885.431012,2028.799799,30431.899999,30440.460272
759,-1,177.119999,91.393661,903416.179408,549080.834165,2008.156600,30519.600137,30528.630918
760,-1,176.760000,91.462504,903513.975800,549267.363976,1973.702399,30431.900028,30441.816708
761,-1,176.399999,91.514188,903612.909329,549452.725810,1948.550900,30344.199988,30354.799522
762,-1,176.040000,91.497761,863467.285552,552422.931811,904.735100,70598.499879,70622.628305
763,-1,175.680000,91.485603,863586.760051,552858.750822,922.000000,70510.800119,70534.508828
764,-1,175.319999,91.468912,863796.335091,553286.105938,947.052299,70335.400159,70358.521310
765,-1,174.960000,91.446160,863833.775961,553726.446593,975.000000,70335.400143,70357.810414
766,-1,174.599999,91.458172,864135.915449,554141.783689,966.941999,70072.299874,70094.998852
767,-1,174.240000,91.471406,864265.983102,554571.171938,953.000000,69984.599904,70007.683935
768,-1,173.880000,91.478664,864573.089443,554980.487064,950.920100,69721.499948,69744.724699
769,-1,173.519999,91.484795,864795.440376,555396.119107,948.000000,69546.100032,69569.458941
770,-1,173.159999,91.496698,865281.498131,555777.916571,945.000000,69107.599956,69131.185325
771,-1,172.800000,91.544301,865682.600019,556164.909564,897.000000,68756.799835,68781.782354
772,-1,172.440000,91.579349,866172.779813,556535.650948,867.000000,68318.300016,68344.263088
773,-1,172.080000,91.602277,866491.181407,556924.743346,847.000000,68055.200129,68081.819827
774,-1,171.719999,91.631645,866638.217203,557335.450530,814.587299,67967.499929,67995.069153
775,-1,171.359999,91.669765,866961.158814,557718.330998,777.000000,67704.399965,67733.161107
776,-1,171.000000,91.716800,867113.005623,558124.979791,724.000000,67616.700102,67647.065633
777,-1,170.639999,91.711666,870382.481696,558016.644705,827.032500,64371.800009,64400.535589
778,-1,170.279999,91.656155,870363.074254,558430.317106,886.917100,64459.499941,64486.437916
779,-1,169.920000,91.617831,870260.014749,558859.995381,925.113200,64634.899885,64660.675136
780,-1,169.560000,91.639099,870073.605017,559307.289106,893.573600,64898.000005,64924.565300
781,-1,169.199999,91.651132,869976.460854,559740.936860,874.876199,65073.399932,65100.429710
782,-1,168.839999,91.643209,869968.294532,560159.293963,881.366699,65161.100135,65187.907108
783,-1,168.480000,91.622773,870306.598645,560508.175812,912.080199,64898.000104,64924.038676
784,-1,168.120000,91.637406,870475.110119,560889.414878,898.000000,64810.299830,64836.774426
785,-1,167.760000,91.669955,870474.485121,561306.234911,858.594400,64898.000132,64925.575379
786,-1,167.400000,91.689159,870391.010222,561742.719930,831.651100,65073.399910,65101.689501
787,-1,167.039999,91.700486,870395.988886,562161.127230,816.171000,65161.100097,65189.809162
788,-1,166.679999,91.714169,870403.721811,562580.031248,797.971999,65248.800033,65278.012387
789,-1,166.319999,91.719888,870499.427328,562978.673495,791.453299,65248.800052,65278.207728
790,-1,165.960000,91.725943,870597.635793,563376.706164,784.551600,65248.799872,65278.415055
791,-1,165.600000,91.743770,870698.342941,563774.114162,764.230899,65248.800019,65279.030398
792,-1,165.240000,91.775555,870801.545162,564170.881741,728.000000,65248.800125,65280.143049
793,-1,164.879999,91.789363,870991.902393,564544.117215,715.000000,65161.100097,65192.889818
794,-1,164.519999,91.818379,871099.936954,564939.024889,681.967699,65161.100053,65193.929575
795,-1,164.160000,91.882442,871294.820422,565309.307942,611.916599,65073.400016,65108.537217
796,-1,163.800000,91.920135,871491.874490,565677.829842,572.000000,64985.700077,65022.209895
797,-1,163.439999,91.977451,871859.209713,565994.585442,516.000000,64722.599947,64761.166257
798,-1,163.080000,91.904662,873738.317176,565848.013557,659.563999,62880.899904,62915.659900
799,-1,162.720000,91.815953,874021.973104,566173.538497,762.584000,62705.500141,62737.008212
800,-1,162.360000,91.786034,874140.185794,566549.375671,795.360799,62705.500056,62735.978014
801,-1,162.000000,91.787607,874177.349762,566951.563515,790.900500,62793.200148,62823.774538
802,-1,161.639999,91.734460,874133.976489,567381.657799,843.890400,62968.599972,62997.463105
803,-1,161.279999,91.661593,874176.717217,567784.914211,921.498200,63056.299923,63082.824902
804,-1,160.919999,91.647098,874387.933330,568131.079201,939.985799,62968.599888,62994.627689
805,-1,160.559999,91.660269,874601.138285,568475.390192,928.040699,62880.900116,62907.309156
806,-1,160.200000,91.679087,921437.430110,552033.202276,2362.464800,13242.700094,13248.388668
807,-1,159.840000,91.671012,921465.861156,552111.400282,2364.332700,13242.699899,13248.333872
808,-1,159.479999,91.658872,921494.782686,552189.418499,2367.141099,13242.700105,13248.252482
809,-1,159.120000,91.653725,921442.253264,552298.510472,2365.799700,13330.400141,13335.954648
810,-1,158.760000,91.636897,921472.351300,552376.673046,2369.718100,13330.399874,13335.841875
811,-1,158.400000,91.603731,921502.939494,552454.645003,2377.440700,13330.399951,13335.623588
812,-1,158.040000,91.541630,921452.680080,552565.219585,2389.539699,13418.100053,13422.958609
813,-1,157.679999,91.434272,921484.453638,552643.311620,2414.698699,13418.099918,13422.305178
814,-1,157.319999,91.302458,921516.717025,552721.202212,2445.586000,13418.099875,13421.567539
815,-1,156.960000,91.174089,921630.173491,552764.564986,2477.460100,13330.399809,13333.199090
816,-1,156.600000,91.076834,921743.682779,552806.707947,2501.744700,13242.699992,13245.039168
817,-1,156.240000,91.047356,921696.700917,552918.301556,2506.956900,13330.400109,13332.627607
818,-1,155.880000,90.957595,921570.601760,553066.530262,2524.915299,13505.800142,13507.686654
819,-1,155.520000,90.858222,921366.073954,553252.893406,2544.404100,13768.899862,13770.444635
820,-1,155.160000,90.745984,921322.583227,553368.357414,2570.239800,13856.600015,13857.774565
821,-1,154.799999,90.677465,921438.758848,553409.910152,2587.850200,13768.899948,13769.862498
822,-1,154.439999,90.631144,921317.605547,553563.750068,2597.050900,13944.299831,13945.145891
823,-1,154.079999,90.559012,921276.777545,553681.006067,2613.752299,14031.999948,14032.667836
824,-1,153.720000,90.472277,921315.564869,553760.181105,2634.995700,14032.000062,14032.476769
825,-1,153.360000,90.399528,921433.238846,553799.787654,2653.424799,13944.300118,13944.639139
826,-1,152.999999,90.374160,921472.769607,553877.977458,2659.599000,13944.300132,13944.597467
827,-1,152.640000,90.374489,921512.790852,553955.916934,2659.519000,13944.299971,13944.597828
828,-1,152.280000,90.385081,921553.300942,554033.603787,2656.941000,13944.300045,13944.614991
829,-1,151.919999,90.390033,921594.298563,554111.034406,2655.735900,13944.299852,13944.622949
830,-1,151.560000,90.438676,921635.781420,554188.205840,2643.896900,13944.300036,13944.708750
831,-1,151.199999,90.475414,921677.748856,554265.115463,2634.955100,13944.299935,13944.779977
832,-1,150.839999,90.504610,921720.198246,554341.759667,2627.849000,13944.300127,13944.840942
833,-1,150.480000,90.522958,921763.787069,554417.762467,2623.390199,13943.543251,13944.124078
834,-1,150.120000,90.538523,921807.194135,554493.863037,2619.602000,13943.543192,13944.159110
835,-1,149.760000,90.549123,921850.424691,554570.070562,2617.014800,13944.299945,13944.940385
836,-1,149.399999,90.543697,921895.438381,554645.238719,2618.342699,13943.543227,13944.171038
837,-1,149.040000,90.543564,921939.623004,554720.896704,2618.368000,13944.299961,13944.927498
838,-1,148.679999,90.568088,921984.931312,554795.886711,2612.398800,13944.299953,13944.985396
839,-1,148.320000,90.586293,922105.341832,554824.532323,2608.865300,13856.599966,13857.325453
840,-1,147.959999,90.582311,922151.297777,554898.479026,2609.828400,13856.600161,13857.315826
841,-1,147.600000,90.551166,922271.765056,554925.143014,2618.204900,13768.900036,13769.537134
842,-1,147.240000,90.503949,922392.101101,554950.585549,2630.324100,13681.199799,13681.729020
843,-1,146.879999,90.467144,922512.294431,554974.809254,2639.828200,13593.500155,13593.951981
844,-1,146.519999,90.453945,922486.038249,555094.575090,2642.265000,13681.199875,13681.629281
845,-1,146.159999,90.449901,922460.840137,555214.962317,2642.542100,13768.899980,13769.324472
846,-1,145.799999,90.444105,922581.777231,555237.372705,2644.614900,13681.199980,13681.610970
847,-1,145.440000,90.445578,922558.093880,555358.067017,2643.581000,13768.900072,13769.316446
848,-1,145.079999,90.451078,922535.483689,555479.360738,2641.568700,13856.599982,13857.029417
849,-1,144.719999,90.457006,922585.545596,555550.591567,2640.134900,13856.599948,13857.040744
850,-1,144.360000,90.448758,922636.054026,555621.506451,2642.129800,13856.599953,13857.024982
851,-1,143.999999,90.409083,922757.957981,555640.553985,2652.351800,13768.899923,13769.250882
852,-1,143.639999,90.321299,922950.279119,555606.396901,2674.431700,13593.500149,13593.713887
853,-1,143.280000,90.242365,923071.428483,555622.582564,2693.530400,13505.799983,13505.920817
854,-1,142.920000,90.160905,923122.964469,555690.001393,2712.734400,13505.067069,13505.120325
855,-1,142.560000,90.075768,923173.756362,555757.982556,2732.801100,13505.800023,13505.811832
856,-1,142.199999,90.005089,923225.556455,555825.197645,2749.461700,13505.799928,13505.799982
857,-1,141.839999,89.951001,923278.353922,555891.633207,2762.210600,13505.067149,13505.072088
858,-1,141.480000,89.914301,923261.802446,556013.263213,2770.993400,13593.499976,13593.515181
859,-1,141.119999,89.843695,923315.204570,556079.920232,2787.744800,13593.500145,13593.550728
860,-1,140.760000,89.775876,923369.024672,556146.239982,2803.835200,13593.499882,13593.603882
861,-1,140.400000,89.726570,923490.834140,556156.318374,2815.114700,13505.799959,13505.953752
862,-1,140.039999,89.686720,923545.692626,556221.062667,2824.504500,13505.066913,13505.268792
863,-1,139.679999,89.659949,923532.969555,556343.152974,2831.339600,13593.500206,13593.739619
864,-1,139.320000,89.644324,923588.998642,556407.618396,2835.042200,13592.762293,13593.024199
865,-1,138.960000,89.636811,923578.167955,556530.278584,2837.385400,13681.199975,13681.474841
866,-1,138.600000,89.535483,922780.214170,557348.367171,2870.818700,14820.495576,14820.982657
867,-1,138.239999,89.410002,922775.995347,557476.968619,2904.190600,14909.000117,14909.790600
868,-1,137.879999,89.304100,922838.603817,557546.648926,2931.750900,14909.000085,14910.099831
869,-1,137.519999,89.268566,922901.648967,557615.934549,2940.998800,14909.000024,14910.214957
870,-1,137.159999,89.257018,922772.812282,557863.158464,2947.405499,15171.276658,15172.552313
871,-1,136.800000,89.217986,922645.455253,558113.519184,2961.345000,15435.200175,15436.637977
872,-1,136.439999,89.205474,922394.929836,558485.589962,2970.785300,15872.838636,15874.364898
873,-1,136.079999,89.180851,922400.091571,558619.075587,2978.874400,15961.400021,15963.031412
874,-1,135.720000,89.180876,922344.308218,558813.553217,2981.375300,16136.799851,16138.449070
875,-1,135.359999,89.178000,922415.946198,558885.304385,2982.172800,16135.924302,16137.585032
876,-1,134.999999,89.187990,922362.764874,559081.864688,2981.857099,16312.199791,16313.838099
877,-1,134.640000,89.203788,922312.220356,559278.913178,2979.796100,16487.599937,16489.192050
878,-1,134.280000,89.222337,921957.556039,559790.985317,2982.790200,17101.499973,17103.075313
879,-1,133.919999,89.257526,921913.053175,559992.104665,2974.558500,17276.900045,17278.350763
880,-1,133.559999,89.278046,921871.263888,560193.575063,2970.568000,17451.352742,17452.738223
881,-1,133.200000,89.319697,921890.275661,560333.507198,2958.932600,17539.999950,17541.236421
882,-1,132.840000,89.369684,921852.239648,560536.604232,2945.547200,17714.438427,17715.510416
883,-1,132.480000,89.402438,921756.419958,560806.057434,2938.163100,17977.524210,17978.501985
884,-1,132.120000,89.437076,921781.149895,560947.125393,2928.155499,18065.219334,18066.091270
885,-1,131.759999,89.505055,921748.109935,561154.557721,2908.243800,18241.600056,18242.280692
886,-1,131.399999,89.553683,921601.857275,561493.762751,2895.493200,18592.400050,18592.964151
887,-1,131.040000,89.657625,921747.968859,561503.835566,2861.232500,18503.695702,18504.026065
888,-1,130.680000,89.773655,921378.597223,562111.933431,2826.531300,19205.257606,19205.407467
889,-1,130.319999,89.907577,921639.921503,561990.498634,2781.218100,18943.200025,18943.224670
890,-1,129.960000,90.000297,921787.894305,561999.222042,2750.563400,18854.476610,18854.476610
891,-1,129.599999,89.921732,920034.267562,564304.843087,2780.370400,21748.419740,21748.440032
892,-1,129.239999,90.008769,919972.654825,564596.301165,2747.292300,22012.699999,22012.700257
893,-1,128.880000,90.122250,919860.617975,564955.594410,2702.947300,22362.286296,22362.337200
894,-1,128.520000,90.220532,919969.517364,565044.394429,2664.583199,22363.499994,22363.665653
895,-1,128.159999,90.302556,919917.169700,565338.431571,2631.178199,22626.600068,22626.915540
896,-1,127.800000,90.336559,920029.229187,565425.918929,2617.749500,22626.599963,22626.990331
897,-1,127.440000,90.369955,920088.520735,565582.333642,2603.994200,22714.299985,22714.773498
898,-1,127.080000,90.436209,920255.726765,565597.793585,2578.404500,22625.372025,22626.027748
899,-1,126.719999,90.496459,920421.111277,565613.835876,2555.360300,22538.900166,22539.746298
900,-1,126.360000,90.567388,920483.625916,565767.787996,2526.599600,22625.371894,22626.481322
901,-1,125.999999,90.431926,928226.867647,555351.984680,2677.935700,9647.000102,9647.274225
902,-1,125.639999,90.307856,928276.321944,555387.032839,2698.829300,9646.476564,9646.615814
903,-1,125.279999,90.171381,928274.735005,555494.215367,2721.543000,9734.700029,9734.743578
904,-1,124.920000,90.034681,928274.879690,555600.858198,2744.716000,9821.867067,9821.868867
905,-1,124.560000,89.937236,928325.289366,555636.464098,2761.421100,9822.399967,9822.405860
906,-1,124.199999,89.815812,928376.224304,555671.313766,2782.237299,9822.399882,9822.450636
907,-1,123.840000,89.690268,928427.673676,555705.399984,2803.757199,9821.866969,9822.010483
908,-1,123.480000,89.584635,928478.745424,555740.049521,2821.869800,9822.400005,9822.658119
909,-1,123.120000,89.476910,928578.246866,555700.481687,2839.538000,9734.699923,9735.105632
910,-1,122.759999,89.371889,928629.864873,555733.296582,2857.377299,9734.171675,9734.756623
911,-1,122.400000,89.214318,928681.401843,555766.230571,2884.151800,9734.171729,9735.087003
912,-1,122.039999,89.018581,928779.668379,555724.502964,2915.911800,9646.476516,9647.891837
913,-1,121.679999,88.827020,928785.091924,555831.124142,2949.970600,9734.171829,9736.212066
914,-1,121.319999,88.676436,928836.966164,555863.532214,2975.578200,9734.700040,9737.298007
915,-1,120.960000,88.554989,928934.433817,555819.957170,2994.012100,9646.999910,9650.068750
916,-1,120.599999,88.442445,928986.509500,555850.975808,3012.974300,9646.999853,9650.565490
917,-1,120.240000,88.368110,929039.042532,555881.214593,3025.485100,9646.476570,9650.390580
918,-1,119.879999,88.295259,929091.501088,555911.574769,3037.760800,9646.476504,9650.747902
919,-1,119.519999,88.217222,929143.891404,555942.060272,3050.927900,9646.999940,9651.671766
920,-1,119.159999,88.148854,929196.985129,555971.303324,3062.433800,9646.476452,9651.513354
921,-1,118.800000,88.032026,929165.254550,556154.832484,3088.170100,9822.400191,9828.197073
922,-1,118.439999,87.906689,929219.429966,556184.394105,3109.684100,9822.399918,9828.959127
923,-1,118.079999,87.786618,929232.509008,556290.991989,3133.686900,9910.100054,9917.499266
924,-1,117.720000,87.706520,929246.996840,556397.282787,3151.053000,9997.257349,10005.272011
925,-1,117.359999,87.646408,929262.390838,556504.211707,3165.163400,10084.952711,10093.467352
926,-1,117.000000,87.598625,929318.759164,556533.156203,3173.588399,10084.952694,10093.816828
927,-1,116.639999,87.480725,929217.770193,556875.794953,3209.837600,10436.300093,10446.396628
928,-1,116.279999,87.355628,929237.644497,556983.647756,3236.720600,10523.999827,10535.218365
929,-1,115.919999,87.249527,929297.025612,557012.738577,3256.252200,10524.000108,10536.137833
930,-1,115.560000,87.128163,929356.834875,557040.940292,3278.569300,10523.429030,10536.661967
931,-1,115.199999,86.985619,929416.573929,557069.280786,3304.819399,10523.428901,10538.009633
932,-1,114.840000,86.845537,929476.249663,557097.763669,3330.654200,10524.000026,10539.970034
933,-1,114.480000,86.726959,929536.579923,557124.833169,3352.470500,10523.429018,10540.622970
934,-1,114.119999,86.613761,929596.842597,557152.042432,3373.331800,10523.428673,10541.834261
935,-1,113.759999,86.465502,929692.607826,557098.610780,3395.245100,10435.733676,10455.621723
936,-1,113.399999,86.345758,929752.702522,557124.840387,3417.141200,10435.733545,10456.994314
937,-1,113.040000,86.243747,929744.317368,557312.091981,3447.314100,10611.124162,10633.968267
938,-1,112.680000,86.121168,929771.714623,557419.442160,3476.102000,10699.399848,10723.964813
939,-1,112.320000,86.026532,929833.823423,557445.168814,3493.857500,10699.400169,10725.180864
940,-1,111.959999,85.947035,929896.092983,557470.504393,3508.775800,10699.400057,10726.224833
941,-1,111.600000,85.874324,929958.520024,557495.448241,3522.423200,10699.400137,10727.198130
942,-1,111.239999,85.804166,930053.083155,557437.719682,3529.117700,10611.123925,10639.640281
943,-1,110.879999,85.726921,930115.096154,557462.216024,3543.545000,10611.699942,10641.280009
944,-1,110.519999,85.689831,930177.668864,557485.244521,3550.409499,10611.123931,10641.219304
945,-1,110.160000,85.686004,930270.406539,557426.096674,3544.507000,10523.429006,10553.328813
946,-1,109.800000,85.683026,930332.547491,557448.689476,3545.057000,10523.428919,10553.370113
947,-1,109.439999,85.701272,930394.639230,557471.429917,3541.729800,10523.999870,10553.689528
948,-1,109.080000,85.708826,930485.730255,557410.359501,3533.753900,10436.300176,10465.638794
949,-1,108.720000,85.735511,930547.949947,557431.063199,3528.823800,10435.733597,10464.706044
950,-1,108.359999,85.792452,930637.739466,557368.680778,3511.944200,10348.038201,10376.003386
951,-1,107.999999,85.837561,930699.512308,557388.966827,3503.753600,10348.038260,10375.405720
952,-1,107.639999,85.870884,930814.560962,557241.720730,3485.041900,10172.647711,10199.121350
953,-1,107.279999,85.912946,930901.419056,557177.684113,3471.308300,10085.500151,10111.213844
954,-1,106.920000,85.970088,930962.145969,557195.793329,3461.160800,10084.952649,10109.949529
955,-1,106.559999,86.046438,930997.674113,557298.631378,3453.755399,10173.199885,10197.467196
956,-1,106.199999,86.151906,931058.999778,557316.657260,3434.941900,10173.199902,10196.187336
957,-1,105.839999,86.238979,931144.375263,557249.927735,3413.648200,10085.500039,10107.267814
958,-1,105.479999,86.340383,931181.984768,557351.551219,3401.332599,10173.199866,10193.986887
959,-1,105.119999,86.475594,931243.783201,557367.885176,3377.196500,10172.647962,10191.923907
960,-1,104.759998,86.617495,931305.398563,557384.897281,3351.943400,10173.200104,10190.953857
961,-1,104.399999,86.744949,931367.397455,557400.453024,3329.205700,10172.647828,10189.086193
962,-1,104.039999,86.851648,931429.221479,557416.689540,3310.232800,10173.200045,10188.577890
963,-1,103.679999,86.982508,931449.931411,557601.880115,3296.146800,10348.038396,10362.405757
964,-1,103.319999,87.124578,931694.989976,556849.033195,3230.777300,9558.781017,9570.830993
965,-1,102.959999,87.203503,931773.144347,556777.225268,3213.294100,9471.085840,9482.378188
966,-1,102.599999,87.290541,931831.178680,556790.389284,3198.873300,9471.086075,9481.685791
967,-1,102.240000,87.378153,931870.592315,556889.396632,3188.399000,9559.299879,9569.317033
968,-1,101.879999,87.522171,931748.788097,557760.161623,3202.273800,10436.300112,10446.066910
969,-1,101.519999,87.611333,931830.513327,557687.525613,3182.345600,10348.600004,10357.599788
970,-1,101.159999,87.706151,931860.427965,557871.833971,3172.194200,10523.428952,10531.868158
971,-1,100.799999,87.858391,932106.095125,556936.866353,3108.117100,9558.781023,9565.462314
972,-1,100.440000,87.964123,932165.031687,556948.445398,3090.472599,9559.300053,9565.337904
973,-1,100.080000,88.076519,932224.224810,556958.632714,3071.680400,9558.781267,9564.170250
974,-1,99.719999,88.205255,932283.302448,556969.469962,3050.196700,9559.299979,9563.991716
975,-1,99.359999,88.355929,932328.356491,557065.440243,3027.537600,9646.476352,9650.449030
976,-1,98.999999,88.518073,932388.190689,557075.109843,3000.218200,9646.476360,9649.703871
977,-1,98.639999,88.698714,932316.343720,557951.404022,2989.707500,10523.428969,10526.143660
978,-1,98.280000,88.876601,932394.373748,557874.350371,2955.300900,10435.733627,10437.739876
979,-1,97.919999,89.102551,932084.600745,560576.917800,2956.730500,13155.000136,13156.614044
980,-1,97.560000,89.163156,932166.502812,560588.049339,2942.812500,13154.999855,13156.403128
981,-1,97.200000,89.252451,932248.562688,560597.958112,2922.297300,13154.285996,13155.405694
982,-1,96.840000,89.390314,932330.593692,560608.059470,2890.641500,13154.286144,13155.030917
983,-1,96.480000,89.601063,932412.686703,560617.645081,2842.252900,13154.286140,13154.605006
984,-1,96.119999,89.885490,932457.441207,560975.496399,2777.652100,13505.067004,13505.093976
985,-1,95.759999,90.065421,931643.991062,569885.242031,2725.026100,22451.200155,22451.214790
986,-1,95.399999,90.043314,931767.996392,570072.357471,2733.556900,22625.372070,22625.378535
987,-1,95.040000,90.043770,931917.270043,569997.935047,2733.443799,22537.676918,22537.683495
988,-1,94.679999,90.049929,932051.113936,570098.558862,2730.943900,22626.599966,22626.608557
989,-1,94.319999,90.080765,932212.752392,569846.150574,2719.138900,22362.286458,22362.308675
990,-1,93.959999,90.127417,932352.808214,569857.504882,2700.928000,22363.499987,22363.555287
991,-1,93.600000,90.176524,932493.092382,569865.557031,2681.764400,22362.286296,22362.392429
992,-1,93.240000,90.238896,932578.827775,570837.044589,2653.398200,23326.933929,23327.136700
993,-1,92.880000,90.284061,932725.122430,570846.133154,2635.003800,23328.200084,23328.486788
994,-1,92.519999,90.363852,932871.590641,570851.772906,2602.523300,23326.933972,23327.404344
995,-1,92.159999,90.424334,933014.730447,570945.390173,2577.248700,23414.629303,23415.271455
996,-1,91.800000,90.504051,933159.006077,571038.124896,2543.897400,23502.324276,23503.233771
997,-1,91.440000,90.558355,933302.176394,571218.919482,2519.898700,23678.999965,23680.124381
998,-1,91.080000,90.666965,933445.985162,571483.945199,2471.960100,23940.800626,23942.422788
999,-1,90.720000,90.719952,932614.455329,649622.137675,1467.868400,102082.800105,102090.859703
1000,-1,90.359999,90.714904,933255.314939,649710.335990,1475.838399,102164.955038,102172.908402
1001,-1,90.000000,90.709476,933897.231962,650150.828875,1480.089500,102603.431275,102611.297926
