"OBJECTID","FEATURE_ID","HORIZ_ANG","ZENITH_ANG","VERTEX_X","VERTEX_Y","VERTEX_Z","DIST_2D","DIST_3D"
1,-1,90.000000,77.360887,941860.154357,553636.807336,4606.842300,8681.828764,8897.434778
2,-1,89.000000,77.305821,942010.150776,553548.269456,4595.959099,8594.599882,8809.942382
3,-1,87.999999,77.406529,942160.101592,553544.342954,4580.092399,8594.599981,8806.469421
4,-1,87.000000,77.626514,942309.960872,553537.799989,4545.476200,8594.600012,8798.986866
5,-1,85.999999,77.931172,942459.650861,553528.177304,4497.532500,8594.133613,8788.382004
6,-1,85.000000,78.342362,942609.223069,553516.873521,4433.230000,8594.599994,8775.619277
7,-1,83.999999,78.566062,942758.534778,553502.496581,4398.273800,8594.600136,8768.622885
8,-1,83.000000,78.799388,942907.572538,553485.515644,4361.872000,8594.599908,8761.479093
9,-1,81.999999,79.192491,943044.086044,553379.090004,4283.933399,8506.900003,8660.514266
10,-1,81.000000,79.609452,943190.926630,553357.144510,4219.857600,8506.899981,8648.728405
11,-1,80.000000,79.829452,943291.675116,553073.536809,4138.919299,8243.800067,8375.406965
12,-1,78.999999,80.009166,943433.145633,553047.316718,4112.244500,8243.799986,8370.737859
13,-1,77.999999,80.354736,943555.902934,552932.848114,4046.129500,8156.099906,8273.047846
14,-1,77.000000,80.584822,943675.149414,552816.585880,3997.910900,8068.399874,8178.574576
15,-1,75.999998,80.683902,943748.427483,552528.427663,3940.418699,7805.299901,7909.625692
16,-1,74.999999,80.785690,943880.314687,552494.319464,3926.183300,7805.300048,7907.333874
17,-1,73.999998,80.870798,944011.586734,552457.914353,3914.286900,7805.299905,7905.437511
18,-1,72.999999,80.955979,944142.203270,552419.224142,3902.386100,7805.300069,7903.558211
19,-1,71.999999,81.024332,944245.023931,552294.852343,3878.988300,7717.600007,7813.276031
20,-1,71.000000,81.085761,944258.549822,551920.424942,3815.485799,7366.800116,7456.868738
21,-1,69.999999,81.075315,944379.748399,551877.506065,3816.861999,7366.799918,7457.081917
22,-1,69.000000,81.122304,944500.179260,551832.478924,3810.672200,7366.800023,7456.124268
23,-1,67.999998,81.212442,944586.953365,551704.042501,3785.245599,7279.099996,7365.560020
24,-1,67.000001,81.262527,944704.325178,551655.425472,3778.731400,7279.099967,7364.567623
25,-1,65.999999,81.265804,944785.160318,551524.649487,3764.831800,7191.400128,7275.774125
26,-1,64.999999,81.159846,944825.244227,551313.634161,3751.169500,7016.000202,7100.345746
27,-1,64.000000,81.023862,944935.766316,551260.917731,3768.230100,7016.000114,7102.987509
28,-1,62.999999,81.008817,945005.536846,551128.139125,3756.242000,6928.300096,7014.491339
29,-1,61.999999,81.102315,945112.794177,551072.304263,3744.656000,6928.299893,7012.689787
30,-1,61.000000,81.216432,945176.543065,550937.902301,3716.971999,6840.600150,6921.777244
31,-1,60.000000,81.281666,945192.754319,550727.211122,3682.101700,6665.200005,6743.113746
32,-1,59.000001,81.370740,945292.986074,550668.170229,3671.498600,6665.200110,6741.514809
33,-1,58.000000,81.631003,945392.172227,550607.388855,3640.546100,6665.200090,6736.940173
34,-1,56.999999,81.998386,945490.282595,550544.885699,3596.924199,6665.200125,6730.729505
35,-1,55.999999,82.416212,945587.286994,550480.679790,3547.408100,6665.200046,6724.015526
36,-1,54.999999,82.774420,945481.945342,550127.432137,3460.558399,6314.399878,6364.946156
37,-1,53.999999,82.984505,945571.665635,550063.435546,3437.044299,6314.400100,6362.031630
38,-1,53.000000,83.369101,945660.255024,549997.882528,3394.052000,6314.399844,6356.923606
39,-1,51.999999,83.738043,945747.687264,549930.793751,3352.872800,6314.400114,6352.300490
40,-1,50.999998,84.069334,945833.935123,549862.188901,3315.945600,6314.399955,6348.378645
41,-1,50.000000,84.339832,945918.972355,549792.089632,3285.827600,6314.399967,6345.337432
42,-1,49.000000,84.217765,950030.319775,554353.678934,3921.069200,12453.399996,12517.087001
43,-1,47.999999,84.338642,950075.739960,554079.310717,3877.144600,12277.999995,12338.181586
44,-1,46.999999,84.452360,950054.296433,553742.120118,3826.986600,12014.899954,12071.440620
45,-1,46.000000,84.528913,950084.562121,553471.602286,3793.984400,11839.500097,11893.682490
46,-1,45.000000,84.627281,950169.931700,553264.755915,3765.226800,11751.799819,11803.657284
47,-1,44.000000,84.621244,950250.605752,553057.543403,3758.218800,11664.100113,11715.686748
48,-1,43.000000,84.737839,950326.597398,552850.064487,3726.199500,11576.400104,11625.395509
49,-1,41.999999,84.837125,950267.118514,552524.642894,3682.144700,11312.685989,11358.769479
50,-1,40.999999,84.839279,950398.410246,552377.171076,3681.771299,11313.299925,11359.347331
51,-1,39.999999,84.839489,950459.462946,552170.655085,3673.809200,11225.600017,11271.286743
52,-1,39.000000,84.865421,950447.772680,551909.094913,3652.926400,11050.200113,11094.720608
53,-1,38.000000,84.880422,950567.830839,551758.161159,3650.009999,11050.200135,11094.460006
54,-1,36.999999,84.880246,950615.196230,551552.375810,3642.186700,10962.500103,11006.411732
55,-1,35.999999,84.857794,950658.052443,551347.025499,3638.625100,10874.799982,10918.744513
56,-1,35.000000,84.813096,950696.429335,551142.205042,3639.216900,10787.100022,10831.453855
57,-1,34.000000,84.752965,950730.359057,550938.007288,3642.578400,10699.400172,10744.422942
58,-1,33.000000,84.691284,950759.874746,550734.524755,3646.045800,10611.700009,10657.413542
59,-1,32.000000,84.594884,950636.264757,550438.901003,3639.163000,10348.599856,10394.819823
60,-1,31.000000,84.476368,950655.462225,550239.732766,3652.283800,10260.899931,10308.767847
61,-1,29.999999,84.338695,950898.255375,550173.128568,3694.563100,10436.300082,10487.453466
62,-1,29.000000,84.161435,950911.243866,549972.079430,3718.210200,10348.600017,10402.563681
63,-1,27.999999,83.947595,950919.991224,549772.179239,3747.953500,10260.899879,10318.416019
64,-1,26.999999,83.806430,950924.542068,549573.514610,3764.007900,10173.200072,10232.928865
65,-1,26.000000,83.759684,950924.941673,549376.170845,3762.816800,10085.499998,10145.615560
66,-1,24.999999,83.749707,950921.238269,549180.231276,3754.988800,9997.799861,10057.584329
67,-1,23.999999,83.799090,950913.481066,548985.779237,3736.740600,9910.099823,9968.422585
68,-1,23.000000,83.787700,950901.721247,548792.896093,3729.187600,9822.400049,9880.420277
69,-1,21.999999,83.823252,950886.010977,548601.661239,3713.529700,9734.699903,9791.542627
70,-1,20.999999,83.850213,950784.529881,548380.725329,3689.996499,9559.300148,9614.630108
71,-1,20.000000,83.810744,950760.546989,548194.456673,3687.147900,9471.600043,9527.131792
72,-1,18.999999,83.793190,950732.806231,548010.077448,3680.546200,9383.900064,9439.231693
73,-1,18.000000,83.806065,950701.366005,547827.662459,3668.894700,9296.200090,9350.786311
74,-1,17.000000,83.829701,950666.286679,547647.283554,3655.533500,9208.500018,9262.157391
75,-1,16.000000,83.814243,950543.327279,547444.838421,3639.036600,9033.099914,9086.000590
76,-1,14.999999,83.786782,950500.747312,547270.218364,3633.869500,8945.400041,8998.255592
77,-1,14.000000,83.754927,950539.837785,547119.066763,3638.902100,8945.400053,8998.801666
78,-1,13.000000,83.771870,950576.284234,546967.255715,3636.225200,8945.399898,8998.510709
79,-1,12.000000,83.938719,950610.075833,546814.831807,3609.873700,8945.399929,8995.690076
80,-1,10.999999,84.223475,950641.202083,546661.841300,3564.937800,8945.399909,8991.056221
81,-1,10.000000,84.363035,950669.653470,546508.331108,3542.931100,8945.399864,8988.867896
82,-1,9.000000,84.467663,950695.421791,546354.347492,3526.439700,8945.400159,8987.263307
83,-1,7.999999,84.560499,950805.344800,546212.143052,3520.163000,9033.099943,9073.961371
84,-1,7.000000,84.616112,950651.830343,546034.460665,3494.786100,8857.699940,8896.949818
85,-1,6.000000,84.639710,950582.111322,545871.693274,3482.876900,8769.999951,8808.520054
86,-1,4.999999,84.669022,950596.781897,545719.334326,3478.350900,8770.000027,8808.098471
87,-1,3.999999,84.706236,950520.834542,545560.592190,3464.435800,8681.828673,8719.017495
88,-1,2.999999,84.708630,950355.395896,545400.195201,3447.868800,8506.899944,8543.306380
89,-1,2.000000,84.693109,950361.872261,545251.865117,3450.193199,8506.900078,8543.521185
90,-1,1.000000,84.674900,950278.072232,545101.913973,3444.745700,8419.200162,8455.693773
91,-1,0.000000,84.659171,950278.897362,544954.978572,3447.034300,8418.743005,8455.451305
92,-1,358.999999,84.695129,950278.072232,544808.043170,3441.747500,8419.200162,8455.416046
93,-1,357.999999,84.770247,950274.225455,544661.152716,3430.615600,8419.199848,8454.393797
94,-1,357.000000,84.928580,950267.816019,544514.351828,3407.160600,8419.199876,8452.288182
95,-1,356.000000,85.042656,950170.908076,544373.834065,3382.622700,8331.047732,8362.328616
96,-1,354.999999,85.109160,950072.584126,544236.483946,3365.415299,8243.799927,8273.925790
97,-1,353.999999,85.155793,950058.793799,544093.266712,3358.657000,8243.799854,8273.352261
98,-1,352.999999,85.203149,950042.506430,543950.311946,3351.794899,8243.800124,8272.775874
99,-1,352.000000,85.247943,949850.033390,543832.074321,3330.723900,8068.400146,8096.230695
100,-1,350.999999,85.232588,949829.219127,543692.802618,3332.901300,8068.400179,8096.411403
101,-1,349.999998,85.204360,949719.609438,543569.144401,3329.546500,7980.699877,8008.736669
102,-1,349.000000,85.214923,949694.226287,543432.189294,3328.064799,7980.699855,8008.612911
103,-1,348.000000,85.244214,949752.240607,543277.463882,3331.252700,8068.400145,8096.274519
104,-1,347.000000,85.296369,949721.761665,543139.983514,3323.857900,8068.399874,8095.664508
105,-1,346.000000,85.385335,949859.078320,542960.622980,3325.404000,8243.800021,8270.610695
106,-1,344.999998,85.492515,949907.765230,542798.627569,3316.798400,8331.499889,8357.348535
107,-1,344.000002,85.713716,947171.221491,543432.054780,3074.104200,5525.100087,5540.596832
108,-1,342.999999,85.554640,947227.701693,543313.954623,3096.351500,5612.800014,5629.735929
109,-1,342.000001,85.414746,947281.652044,543193.427305,3117.174700,5700.499981,5718.803086
110,-1,341.000001,85.326155,947166.873074,543127.728945,3118.851800,5612.495411,5631.220979
111,-1,339.999999,85.278609,947134.461065,543035.287857,3123.565800,5612.799987,5631.910594
112,-1,338.999999,85.256795,947100.154704,542943.530823,3125.717399,5612.800163,5632.088278
113,-1,337.999999,85.240479,947064.251888,542852.386648,3127.326800,5612.800006,5632.221431
114,-1,337.000000,85.236946,947026.483591,542762.001986,3127.649900,5612.495350,5631.944645
115,-1,335.999999,85.165312,946907.584223,542707.717974,3127.324299,5525.099858,5544.828260
116,-1,334.999999,85.085213,946788.112349,542657.034020,3127.563200,5437.400033,5457.465938
117,-1,333.999999,85.020562,946668.432798,542609.824469,3126.103500,5349.699929,5369.966648
118,-1,333.000000,84.973156,946626.772120,542526.265581,3130.563800,5349.700149,5370.355852
119,-1,332.000001,84.973478,946583.402784,542443.583004,3130.507900,5349.409631,5370.061553
120,-1,330.999999,85.021218,946538.853333,542361.533299,3126.016500,5349.409545,5369.669809
121,-1,329.999999,85.087069,946493.130327,542280.128606,3119.847299,5349.699867,5369.427177
122,-1,328.999999,85.172326,946445.493283,542199.828898,3111.804500,5349.409574,5368.455094
123,-1,328.000000,85.303208,946322.341299,542166.694778,3092.295000,5261.714436,5279.442942
124,-1,327.000001,85.497869,946199.452109,542137.005861,3067.397700,5174.019247,5190.033531
125,-1,326.000001,85.784414,946076.908062,542110.742462,3034.907300,5086.323904,5100.122189
126,-1,325.000000,86.003016,945811.119880,542188.482792,2997.018500,4823.238275,4834.998338
127,-1,323.999997,86.243733,945762.447733,542119.796250,2976.678700,4823.500014,4833.884337
128,-1,322.999999,86.516551,945712.372702,542052.123813,2953.619300,4823.499966,4832.428398
129,-1,322.000000,86.708087,945453.603535,542147.468439,2922.290900,4560.152425,4567.689422
130,-1,320.999999,86.792599,945336.095240,542140.217141,2910.642300,4472.700183,4479.717457
131,-1,320.000001,86.877987,945286.255444,542080.138521,2903.943000,4472.457264,4479.105063
132,-1,319.000001,87.008527,945169.555874,542078.159850,2889.153700,4384.999927,4390.983463
133,-1,317.999999,87.102031,945053.497380,542079.679532,2877.527300,4297.066933,4302.569273
134,-1,317.000000,87.202627,945002.830158,542024.386008,2869.964100,4297.066902,4302.193497
135,-1,315.999999,87.325649,944951.373240,541969.823125,2860.727499,4297.299992,4301.985443
136,-1,314.999999,87.440084,944898.639422,541916.493507,2852.116299,4297.066787,4301.359279
137,-1,313.999999,87.554120,944845.147731,541863.927339,2843.547500,4297.066809,4300.985102
138,-1,312.999999,87.709156,944790.746921,541812.302770,2831.900200,4297.066902,4300.503882
139,-1,311.999999,87.927469,944794.132741,541696.465404,2818.676900,4384.761934,4387.632115
140,-1,310.999997,88.094605,944736.816911,541645.756515,2805.870800,4384.762030,4387.187750
141,-1,309.999998,88.277898,944734.994408,541528.877484,2794.466200,4472.457264,4474.478197
142,-1,308.999998,88.443504,944619.574363,541547.378431,2779.145600,4384.761964,4386.380416
143,-1,307.999999,88.548565,944505.836401,541568.659885,2768.883800,4297.300051,4298.679263
144,-1,307.000001,88.710298,944446.193804,541523.188519,2756.741299,4297.066788,4298.155635
145,-1,305.999998,88.862074,944385.906851,541478.578372,2745.353300,4297.066907,4297.914516
146,-1,304.999999,89.068038,944324.850543,541435.027606,2729.901400,4297.066684,4297.635197
147,-1,303.999999,89.396347,944263.043580,541392.548689,2705.274399,4297.066823,4297.305325
148,-1,302.999999,89.475568,960057.572030,516933.412568,2965.829400,33411.886676,33413.286323
149,-1,302.000000,89.558905,959612.228105,516545.722070,2917.903300,33499.581748,33500.574494
150,-1,300.999999,89.660466,959113.714338,516240.232523,2858.519900,33499.581678,33500.169891
151,-1,300.000000,89.746945,958434.554935,516247.274832,2806.406900,33148.801011,33149.124324
152,-1,298.999999,89.733139,957760.949983,516269.183909,2812.761000,32798.020015,32798.375765
153,-1,298.000000,89.799675,956763.846990,516925.209500,2770.993300,31745.677002,31745.871035
154,-1,297.000000,89.586917,956232.577384,516747.510380,2888.246799,31657.981701,31658.804494
155,-1,296.000000,89.649832,955776.543191,516422.153091,2854.018700,31745.676997,31746.269880
156,-1,295.000000,89.688208,955239.395643,516263.103213,2832.277700,31657.981758,31658.450508
157,-1,294.000000,89.789996,954665.278025,516194.200135,2775.392100,31482.591513,31482.802984
158,-1,292.999999,89.778749,953955.791255,516459.443699,2779.540299,30956.420006,30956.650812
159,-1,292.000000,89.610068,949218.826647,526741.625563,2793.689100,19643.734006,19644.188924
160,-1,291.000000,89.472271,950659.760117,522031.221926,2886.169400,24554.667179,24555.708763
161,-1,290.000000,89.211461,950378.319407,521551.512583,3002.785099,24905.448321,24907.807163
162,-1,288.999999,88.973129,949968.575148,521406.414448,3106.410000,24905.448399,24909.448847
163,-1,288.000000,88.653370,949637.659143,521018.280382,3251.648200,25168.533944,25175.487056
164,-1,287.000000,88.758166,949346.919567,520466.873020,3215.095200,25607.010110,25613.025933
165,-1,286.000000,89.299808,948918.403036,520339.940531,2972.949900,25607.010214,25608.922464
166,-1,285.000000,89.675667,948442.341980,520389.920418,2803.961500,25431.619609,25432.027070
167,-1,283.999999,89.912407,948033.835251,520193.696401,2699.013400,25519.314851,25519.344673
168,-1,282.999999,89.887774,955353.515821,486508.808391,2777.490500,59983.544513,59983.659578
169,-1,281.999999,89.851867,954294.968726,486453.776348,2814.628800,59808.153875,59808.353764
170,-1,280.999999,89.936167,946762.935234,519732.357101,2688.626000,25694.705567,25694.721512
171,-1,279.999999,90.053185,946261.080594,519996.085248,2636.474300,25343.924472,25343.935391
172,-1,278.999999,90.214079,945783.661930,520182.926410,2566.287600,25080.838901,25081.013974
173,-1,278.000000,90.276543,995756.633178,161461.605796,790.827200,387262.181721,387266.692602
174,-1,276.999999,90.264492,988136.428930,168064.965621,907.100699,379720.391143,379724.437067
175,-1,275.999999,90.218593,951695.968347,451373.458714,2301.001500,94096.993021,94097.677843
176,-1,275.000000,90.239568,975765.140352,157419.215587,1033.415500,389016.086643,389019.487229
177,-1,274.000000,90.246605,965625.906694,205088.887964,1193.607699,340696.008971,340699.164712
178,-1,272.999999,90.224878,962462.932705,151830.546974,1114.911100,393663.934332,393666.966475
179,-1,272.000000,90.204785,955421.317523,156614.079402,1271.145699,388577.610155,388580.092169
180,-1,271.000000,90.152332,948647.890781,156085.822912,1625.954100,388928.391338,388929.765947
181,-1,270.000000,90.163353,941860.154357,353340.878205,2113.697000,191614.100366,191614.879136
182,-1,268.999999,89.969125,941154.597041,504533.629952,2681.784499,40427.505924,40427.511794
183,-1,267.999999,89.809297,940473.738823,505253.234484,2792.224000,39725.944061,39726.164108
184,-1,267.000000,89.646035,939822.365781,506071.653123,2900.548100,38936.686815,38937.429853
185,-1,266.000000,89.325816,939137.951140,506025.658136,3119.210200,39024.381864,39027.083594
186,-1,264.999999,89.008711,938336.665013,504681.311744,3359.516099,40427.505697,40433.557099
187,-1,263.999999,88.886470,937643.495795,504836.153626,3444.093200,40339.810664,40347.430235
188,-1,263.000000,89.028340,936890.531422,504480.646791,3351.611600,40778.286933,40784.151478
189,-1,261.999999,89.318177,935794.359402,501794.605903,3178.682400,43584.534382,43587.620590
190,-1,260.999999,89.663618,935028.312377,501820.426389,2916.400800,43672.229812,43672.982473
191,-1,260.000000,89.826899,920068.716641,421369.593197,3039.134800,125491.889124,125492.461841
192,-1,258.999999,89.964255,917312.783504,418669.703912,2740.258400,128648.917646,128648.942681
193,-1,258.000000,90.050283,917264.018510,429239.257248,2556.177200,118300.879371,118300.924930
194,-1,257.000000,90.102878,915110.157004,429088.009847,2446.479600,118914.745931,118914.937627
195,-1,256.000000,90.000669,878701.912235,291641.104951,2656.948800,261068.730637,261068.730655
196,-1,254.999999,90.001869,875380.060283,296847.889813,2651.617400,256859.359183,256859.359320
197,-1,253.999999,90.141520,865693.916926,279331.742431,1977.471800,276327.702741,276328.545660
198,-1,253.000000,90.085107,857069.974200,267618.795712,2229.220100,290008.160185,290008.480126
199,-1,252.000000,90.147373,847175.131785,253544.442955,1871.874100,306407.169902,306408.183490
200,-1,250.999999,90.183711,806558.019450,152009.046617,1327.467099,415587.744224,415589.880523
201,-1,250.000000,90.163722,822815.799270,217883.301023,1665.412500,348062.409249,348063.830261
202,-1,248.999999,90.179902,822908.340424,235074.909028,1617.783700,331926.485140,331928.121364
203,-1,247.999999,90.166764,817584.006912,237360.720074,1694.405100,331751.094473,331752.499701
204,-1,246.999999,90.144411,827311.389360,275094.999592,1921.086600,293165.188617,293166.119819
205,-1,246.000000,90.169545,834140.173931,303011.941133,1876.305600,264839.626090,264840.785614
206,-1,244.999999,90.170760,749399.213164,132221.158372,1302.749500,455401.383640,455403.406169
207,-1,243.999999,90.167605,823378.633774,302031.862057,1869.363800,270276.730883,270277.887298
208,-1,242.999999,90.226394,801360.761800,269209.394893,1437.152500,309476.503513,309478.919448
209,-1,242.000000,90.204990,842186.563678,357496.218647,1900.401600,212310.177219,212311.536052
210,-1,241.000000,90.009682,842033.769364,364863.412574,2625.204800,205908.424509,205908.427449
211,-1,239.999999,90.106885,829610.246639,350532.435331,2241.193100,224499.815373,224500.206017
212,-1,238.999999,90.169754,834860.981545,366878.450867,2044.482500,207750.024553,207750.936372
213,-1,237.999999,90.282300,848359.702907,395322.977967,1790.647100,176442.823674,176444.965359
214,-1,237.000000,90.271265,845810.267389,397051.122805,1825.044700,176355.128468,176357.105010
215,-1,235.999999,90.323576,814310.869758,355855.387939,1371.821800,228095.320379,228098.957871
216,-1,235.000000,90.304772,937987.060397,539423.627101,2624.081000,6752.533295,6752.628827
217,-1,234.000000,90.159284,937839.568894,539421.117264,2640.983800,6840.228682,6840.255115
218,-1,233.000000,90.029363,937743.601894,539492.128933,2656.494500,6840.228822,6840.229721
219,-1,232.000001,89.878566,937648.889157,539564.804641,2674.497300,6840.228767,6840.244129
220,-1,231.000000,89.703413,937610.647436,539707.274500,2694.954199,6752.533383,6752.623852
221,-1,229.999999,89.559929,937463.339988,539715.059261,2712.538600,6840.228868,6840.430635
222,-1,228.999999,89.456940,937487.627013,539924.961401,2723.172400,6664.838191,6665.137573
223,-1,228.000001,89.390513,937400.507108,540002.038346,2730.900200,6664.838367,6665.215472
224,-1,226.999999,89.325665,937314.745469,540080.624475,2738.444500,6664.838318,6665.299945
225,-1,226.000001,89.192547,937169.450484,540097.612302,2755.167800,6752.533591,6753.204188
226,-1,225.000000,89.124588,937023.382206,540118.206421,2764.518700,6840.228773,6841.027249
227,-1,223.999998,89.092916,937002.788087,540264.274698,2766.912300,6752.533591,6753.379905
228,-1,223.000000,89.076386,936857.527879,540289.953781,2770.274699,6840.228649,6841.117487
229,-1,221.999999,89.056793,936776.873841,540377.972306,2772.614400,6840.228589,6841.155543
230,-1,221.000000,89.039188,936631.583777,540409.851507,2776.187500,6927.923955,6928.898171
231,-1,219.999999,88.941831,936284.343002,540276.317325,2794.442200,7278.704783,7279.946292
232,-1,218.999999,88.449388,935794.626134,540043.210836,2871.277100,7804.876354,7807.735454
233,-1,218.000000,88.049323,935778.932595,540203.807300,2922.838600,7717.181257,7721.655955
234,-1,217.000000,87.933053,935766.975926,540363.439198,2935.353400,7629.486037,7634.453267
235,-1,215.999999,87.762762,935758.717413,540522.025167,2954.635299,7541.790813,7547.543880
236,-1,215.000001,87.719352,935682.281214,540629.185058,2960.358200,7541.790642,7547.769282
237,-1,213.999999,87.737072,935607.726573,540737.662859,2958.022000,7541.790570,7547.676604
238,-1,212.999999,87.803160,935535.076456,540847.425107,2949.309800,7541.790630,7547.337681
239,-1,212.000000,87.889379,935538.722774,541004.909700,2934.712799,7454.095608,7459.156015
240,-1,210.999999,87.977203,935470.747516,541115.835659,2923.272200,7454.095389,7458.743213
241,-1,210.000000,87.986624,935556.610862,541315.625942,2915.879300,7278.705115,7283.201382
242,-1,209.000000,88.037038,935494.055540,541426.192322,2909.467099,7278.705003,7282.978811
243,-1,207.999999,88.089467,935588.300103,541620.174546,2896.948399,7103.314274,7107.265171
244,-1,206.999999,88.100751,935609.191793,541769.954102,2892.640000,7015.619277,7019.475423
245,-1,206.000000,88.127548,935475.737664,541841.090442,2892.222100,7103.314422,7107.109320
246,-1,204.999999,88.191157,935501.843911,541990.049790,2881.558500,7015.619317,7019.116937
247,-1,203.999999,88.183288,935531.180794,542137.138079,2879.741500,6927.924032,6931.408062
248,-1,202.999999,88.153307,935482.966652,542248.023027,2883.370300,6927.924028,6931.524048
249,-1,201.999999,88.098005,935518.004640,542392.583762,2887.152100,6840.228811,6843.999435
250,-1,200.999999,87.980434,935556.121361,542535.087086,2898.112400,6752.533362,6756.730298
251,-1,199.999999,87.779011,935597.255137,542675.469679,2918.482300,6664.838139,6669.848613
252,-1,199.000000,87.657341,935558.425819,542785.119394,2932.657900,6664.838439,6670.413311
253,-1,198.000000,87.514892,935521.516444,542895.430197,2949.257500,6664.838340,6671.112351
254,-1,197.000001,87.294022,935486.537839,543006.368296,2975.002700,6664.838296,6672.278188
255,-1,195.999999,87.109410,935453.500503,543117.900225,2996.528700,6664.838366,6673.329155
256,-1,194.999999,87.060171,935422.414936,543229.991536,3002.271200,6664.838267,6673.621108
257,-1,194.000001,86.911771,936159.103095,543533.546703,2976.999400,5875.581166,5884.126329
258,-1,193.000000,86.650775,936135.164166,543633.260414,3003.848800,5875.580955,5885.633658
259,-1,191.999998,86.423556,936198.747701,543751.609587,3021.753900,5787.885817,5799.179952
260,-1,190.999999,86.244720,936178.608305,543850.597906,3039.893700,5787.885813,5800.339767
261,-1,190.000002,86.155027,940391.984065,544696.100480,2760.195500,1490.819195,1494.182388
262,-1,188.999994,85.638487,940301.074142,544708.044682,2780.393500,1578.514321,1583.098878
263,-1,187.999993,85.136892,940297.001971,544735.292003,2794.302600,1578.514354,1584.217395
264,-1,186.999996,84.676485,940467.489163,544783.980882,2790.744700,1403.123854,1409.202160
265,-1,185.999999,84.174753,940464.716859,544808.312198,2803.148800,1403.123955,1410.407180
266,-1,185.000001,83.710956,940375.008377,544825.045104,2824.299400,1490.818998,1499.845185
267,-1,183.999997,83.171730,940372.966714,544850.984357,2838.515499,1490.819197,1501.469168
268,-1,182.999998,82.616021,940283.803179,544872.365548,2864.564400,1578.514475,1591.714340
269,-1,182.000003,82.030812,940282.601738,544899.889115,2880.980100,1578.514211,1593.906935
270,-1,180.999998,81.527383,940281.880610,544927.429742,2895.139300,1578.514160,1595.931529
271,-1,180.000000,81.027429,940281.640125,544954.978572,2909.237500,1578.514231,1598.069619
272,-1,179.000002,80.526649,940369.562194,544980.996892,2908.764800,1490.819221,1511.431730
273,-1,178.000002,80.063864,940370.243295,545007.007339,2921.158600,1490.819226,1513.520987
274,-1,176.999998,79.619665,940371.378463,545033.002038,2933.087600,1490.819010,1515.624676
275,-1,176.000002,79.178054,940372.966714,545058.972786,2944.980800,1490.819197,1517.812879
276,-1,174.999998,78.781772,940375.008377,545084.912039,2955.683000,1490.818998,1519.858455
277,-1,174.000000,78.459464,940377.502138,545110.811593,2964.409100,1490.819080,1521.580241
278,-1,173.000005,78.139304,940380.447671,545136.663576,2973.096900,1490.819009,1523.342045
279,-1,171.999996,77.787872,940470.685679,545150.255740,2963.677000,1403.123793,1435.610009
280,-1,170.999996,77.591838,940560.920735,545160.757031,2949.412200,1315.428743,1346.889824
281,-1,169.999999,77.635056,940564.710097,545183.400359,2948.372099,1315.428577,1346.666555
282,-1,168.999993,77.672838,940482.809999,545222.707367,2966.627299,1403.123725,1436.236919
283,-1,167.999998,77.626796,940230.355451,545301.403076,3025.523100,1666.209593,1705.831629
284,-1,167.000001,77.262588,940236.649730,545329.794095,3036.639899,1666.209455,1708.248098
285,-1,165.999995,76.941059,940243.438430,545358.071269,3046.480600,1666.209503,1710.444785
286,-1,164.999996,76.638725,940250.719584,545386.225412,3055.757199,1666.209508,1712.564710
287,-1,163.999995,76.340882,940258.490893,545414.248322,3064.918800,1666.209636,1714.705160
288,-1,163.000000,76.078186,940266.750063,545442.131141,3073.018500,1666.209731,1716.635997
289,-1,162.000000,75.833581,940275.494796,545469.865665,3080.576900,1666.209663,1718.470124
290,-1,161.000000,75.584523,940284.722140,545497.443366,3088.289699,1666.209687,1720.374025
291,-1,160.000003,75.357778,940294.429470,545524.855713,3095.326500,1666.209583,1722.139233
292,-1,158.999993,75.154094,940304.613833,545552.094831,3101.660000,1666.209515,1723.751056
293,-1,158.000005,74.955125,940315.271620,545579.151536,3107.858500,1666.209638,1725.349760
294,-1,157.000002,74.757069,940245.676615,545640.283631,3137.936800,1753.904616,1817.857252
295,-1,155.999994,74.503475,940257.882627,545668.356082,3146.286300,1753.904834,1820.070474
296,-1,155.000001,74.281632,940270.576827,545696.210685,3153.607099,1753.904720,1822.039993
297,-1,153.999996,74.112093,940283.755279,545723.839895,3159.212700,1753.904726,1823.566589
298,-1,152.999995,73.959617,940297.413716,545751.234853,3164.262200,1753.904893,1824.955545
299,-1,152.000001,73.826103,940311.548202,545778.387030,3168.690100,1753.904932,1826.184034
300,-1,151.000002,73.811740,940402.775382,545762.816851,3143.734700,1666.300141,1735.095219
301,-1,150.000002,73.837174,940417.174631,545788.083205,3142.906500,1666.209415,1734.777364
302,-1,148.999999,73.958301,940131.255912,545993.805562,3239.951700,2016.990666,2098.712777
303,-1,148.000004,73.785597,940149.649248,546023.820594,3246.539800,2016.990579,2100.542771
304,-1,146.999994,73.627005,940168.563908,546053.510495,3252.599700,2016.990489,2102.242859
305,-1,146.000000,73.492088,940187.993331,546082.865423,3257.762800,2016.990641,2103.704259
306,-1,144.999996,73.385878,940207.932596,546111.876848,3261.832299,2016.990424,2104.864007
307,-1,144.000002,73.280486,940157.427775,546192.081740,3292.217399,2104.685739,2197.589793
308,-1,142.999998,73.180356,940179.277469,546221.610225,3296.229600,2104.685928,2198.747588
309,-1,142.000000,73.104301,940201.549406,546250.822765,3299.314499,2104.799884,2199.751255
310,-1,140.999998,73.032437,940156.354287,546334.688739,3328.921200,2192.381085,2292.158457
311,-1,139.999998,72.960134,940180.693149,546364.213942,3331.946500,2192.380961,2293.043038
312,-1,138.999996,72.915485,940205.543493,546393.310012,3333.815900,2192.380999,2293.591574
313,-1,138.000004,72.944824,940296.067918,546363.288091,3305.683900,2104.685746,2201.501712
314,-1,137.000004,72.954225,940320.884469,546390.370714,3305.306100,2104.685817,2201.391003
315,-1,136.000001,73.089091,940346.170180,546417.016002,3299.890100,2104.685614,2199.809281
316,-1,135.000000,73.033747,940247.897083,546567.235846,3355.621000,2280.076103,2383.827932
317,-1,134.000000,72.977391,940215.272804,546658.303249,3384.961500,2367.899972,2476.392427
318,-1,133.000003,72.906926,940245.338033,546686.656867,3388.108300,2367.771416,2477.192599
319,-1,131.999999,72.780475,940217.126475,546779.745919,3421.010899,2455.466655,2570.691363
320,-1,131.000002,72.603789,940191.599295,546874.431426,3456.837199,2543.300071,2665.206329
321,-1,130.000001,72.454049,940225.352508,546903.259452,3464.142500,2543.300114,2667.399601
322,-1,128.999999,72.401089,940259.603752,546931.493975,3466.729100,2543.300096,2668.180507
323,-1,128.000000,72.407385,940294.427501,546959.017542,3466.377700,2543.161965,2667.942611
324,-1,126.999995,72.567172,940329.558337,546986.148394,3458.622500,2543.300026,2665.740595
325,-1,126.000001,72.752128,940365.240024,547012.551556,3449.612100,2543.300110,2663.055147
326,-1,125.000001,72.879532,940300.771977,547182.007254,3497.444600,2718.700086,2844.757215
327,-1,123.999999,72.999940,940290.835317,547281.589732,3518.005800,2806.400139,2934.630418
328,-1,122.999999,73.170066,940331.762400,547308.495846,3508.856100,2806.247589,2931.822336
329,-1,121.999996,73.350386,940373.069733,547334.811738,3499.225400,2806.247776,2929.048626
330,-1,121.000003,73.593491,940414.829820,547360.402238,3486.270000,2806.247678,2925.362908
331,-1,119.999998,73.841778,940456.954407,547385.392346,3473.115999,2806.400045,2921.821151
332,-1,119.000000,74.083370,939096.497154,549940.748128,4285.619000,5700.499907,5927.759807
333,-1,117.999999,74.145926,939184.077032,549987.948164,4278.803300,5700.190590,5925.596754
334,-1,117.000000,74.288809,939311.996395,549956.020079,4238.869900,5612.800116,5830.639357
335,-1,116.000000,74.323836,939399.664855,549999.729637,4235.167600,5612.799827,5829.637627
336,-1,114.999999,74.351766,939525.146232,549962.419672,4207.650599,5525.099937,5737.765392
337,-1,113.999999,74.371286,939648.564620,549922.290487,4181.087100,5437.399822,5646.151149
338,-1,113.000000,74.488248,939769.859981,549879.403434,4144.784799,5349.700066,5551.925495
339,-1,111.999999,74.660136,939888.974572,549833.819864,4103.456000,5261.999819,5456.391419
340,-1,110.999999,74.931690,939974.422236,549867.478917,4076.674700,5262.000121,5449.368081
341,-1,110.000001,75.298063,940090.439392,549817.230002,4017.639100,5174.299955,5349.445200
342,-1,108.999999,75.926073,940318.328700,549432.765548,3847.259900,4735.800097,4882.354824
343,-1,107.999999,76.155504,940396.711746,549458.991873,3827.124400,4735.799837,4877.497254
344,-1,107.000001,76.534737,940475.540328,549483.846482,3793.928700,4735.799886,4869.660651
345,-1,106.000001,77.077152,940554.790826,549507.321829,3746.630699,4735.800152,4858.865028
346,-1,104.999999,77.991338,941338.090440,546903.347706,3089.066600,2017.100150,2062.229658
347,-1,104.000000,78.168772,941372.173705,546912.161993,3082.541600,2017.099913,2060.881720
348,-1,102.999999,78.358542,941406.405592,546920.380481,3075.572400,2017.100048,2059.464256
349,-1,102.000001,78.549265,941440.775602,546928.000216,3068.577800,2017.100133,2058.064325
350,-1,101.000000,78.663931,939985.952068,554596.913356,4629.140199,9822.399941,10017.836778
351,-1,100.000000,78.597062,940139.283455,554714.522045,4658.755500,9910.100174,10109.654247
352,-1,98.999999,78.508001,940296.153876,554829.689137,4692.621400,9997.800070,10202.330910
353,-1,97.999999,78.458317,940468.729646,554855.480752,4701.651000,9997.800065,10204.133719
354,-1,97.000000,78.435571,940641.728972,554878.256625,4705.785800,9997.800145,10204.961895
355,-1,96.000000,78.311334,940906.771093,554025.813776,4546.945200,9120.799907,9313.944016
356,-1,94.999999,78.153500,941072.867874,553953.704997,4554.765199,9033.100092,9229.682142
357,-1,94.000000,77.889197,941230.071299,553965.585222,4598.205100,9032.609637,9238.218220
358,-1,93.000000,77.753216,941387.398413,553975.699047,4620.747300,9033.100026,9243.453145
359,-1,92.000000,77.663921,941547.964364,553894.929196,4616.314000,8945.399921,9156.819547
360,-1,90.999999,77.462442,941708.627429,553635.956288,4590.791500,8682.300071,8894.396570
361,-1,90.000000,77.360887,941860.154357,553636.807336,4606.842300,8681.828764,8897.434778
